time_s,cwnd_bytes,cwnd_pkts,bytes_in_flight,srtt_ms,rtt_sample_ms,rtt_min_ms,rtt_max_ms,rtt_var_ms,pacing_rate_Bps,pkts_sent,pkts_lost,timer_losses,cc_algo
0.006,18688,12,0,24.9,26.0,20.8,26.1,5.3,425188,5,0,0,bbr1
0.005,21256,14,55,25.3,27.6,20.8,27.6,4.6,425188,8,0,0,bbr1
0.005,28415,19,110,23.8,20.2,20.2,27.6,3.9,849274,17,0,0,bbr1
0.008,28415,19,0,24.4,26.5,20.2,27.6,3.3,849274,18,0,0,bbr1
0.031,28415,19,17280,24.6,21.9,20.2,29.1,3.5,849274,34,0,0,bbr1
0.036,28415,19,18720,24.4,23.5,20.2,29.1,2.9,849274,37,0,0,bbr1
0.039,31263,21,18720,24.3,23.6,20.2,29.1,2.4,1149954,39,0,0,bbr1
0.043,34111,23,20160,24.2,23.6,20.2,29.1,2.0,1210960,42,0,0,bbr1
0.046,34111,23,21600,24.1,22.9,20.2,29.1,1.8,1210960,45,0,0,bbr1
0.049,34111,23,23040,24.0,23.5,20.2,29.1,1.5,1210960,48,0,0,bbr1
0.053,34111,23,24480,23.9,23.4,20.2,29.1,1.3,1212388,51,0,0,bbr1
0.056,36959,25,25920,23.9,23.4,20.2,29.1,1.1,2279224,54,0,0,bbr1
0.059,39807,27,30240,23.8,23.4,20.2,29.1,0.9,2423147,59,0,0,bbr1
0.062,42655,29,34560,23.7,23.2,20.2,29.1,0.9,2423147,64,0,0,bbr1
0.066,45503,31,40320,23.8,24.6,20.2,29.1,0.9,2456768,70,0,0,bbr1
0.069,48351,33,43200,24.0,25.3,20.2,29.1,1.0,2456768,74,0,0,bbr1
0.073,51199,35,46080,24.4,26.7,20.2,29.1,1.4,2456768,78,0,0,bbr1
0.076,54047,37,48960,24.8,27.6,20.2,29.1,1.9,2456768,82,0,0,bbr1
0.079,56895,39,51840,25.2,28.6,20.2,29.1,2.4,2456768,86,0,0,bbr1
0.083,59743,41,54720,25.8,29.7,20.2,29.7,2.9,2456768,90,0,0,bbr1
0.086,59743,41,57600,26.4,30.7,20.2,30.7,3.4,2456768,94,0,0,bbr1
0.090,59743,41,57600,27.1,32.3,20.2,32.3,4.0,2456768,96,0,0,bbr1
0.093,59743,41,57600,28.1,34.4,20.2,34.4,4.8,2456768,98,0,0,bbr1
0.096,59743,41,57600,29.2,37.1,20.2,37.1,5.9,2456768,100,0,0,bbr1
0.100,59743,41,57600,30.4,38.8,20.2,38.8,6.8,2456768,102,0,0,bbr1
0.103,59743,41,57600,31.8,41.5,20.2,41.5,7.9,2456768,104,0,0,bbr1
0.106,59743,41,57600,33.3,43.7,20.2,43.7,8.9,2456768,106,0,0,bbr1
0.110,59743,41,57600,34.8,45.9,20.2,45.9,9.8,2456768,108,0,0,bbr1
0.113,59743,41,57600,36.4,47.7,20.2,47.7,10.6,2456768,110,0,0,bbr1
0.117,59743,41,57600,38.2,50.3,20.2,50.3,11.4,2456768,112,0,0,bbr1
0.120,59743,41,57600,40.0,52.5,20.2,52.5,12.1,2456768,114,0,0,bbr1
0.122,59743,41,57600,41.5,52.4,20.2,52.5,12.2,2504980,116,0,0,bbr1
0.127,59743,41,57600,43.3,55.8,20.2,55.8,12.7,2504980,118,0,0,bbr1
0.128,59743,41,57600,44.9,55.8,20.2,55.8,12.7,2504980,120,0,0,bbr1
0.134,59743,41,57600,46.7,59.2,20.2,59.2,13.1,2504980,122,0,0,bbr1
0.135,59743,41,57600,48.2,59.2,20.2,59.2,12.9,2504980,124,0,0,bbr1
0.140,59743,41,57600,50.0,62.6,20.2,62.6,13.3,2504980,126,0,0,bbr1
0.142,59743,41,57600,51.6,62.7,20.2,62.7,13.1,2504980,128,0,0,bbr1
0.147,59743,41,57600,53.5,66.5,20.2,66.5,13.6,2504980,130,0,0,bbr1
0.149,59743,41,57600,55.0,66.0,20.2,66.5,13.3,2504980,132,0,0,bbr1
0.154,59743,41,57600,56.9,69.9,20.2,69.9,13.7,2504980,134,0,0,bbr1
0.006,43748,30,0,64.2,35.0,20.2,71.3,10.3,868160,139,0,0,bbr1
0.007,43748,30,0,59.5,26.6,20.2,71.3,17.1,868160,140,0,0,bbr1
0.033,43748,30,18720,54.9,23.0,20.2,71.3,21.9,1085200,158,0,0,bbr1
0.040,43748,30,21600,50.9,23.0,20.2,71.3,24.4,1085200,164,0,0,bbr1
0.047,43748,30,23040,47.5,23.2,20.2,71.3,25.3,1085200,169,0,0,bbr1
0.053,43748,30,24480,44.4,23.3,20.2,71.3,25.0,1085200,174,0,0,bbr1
0.060,43748,30,25920,42.0,24.7,20.2,71.3,23.7,1085200,179,0,0,bbr1
0.066,43748,30,27360,40.0,25.8,20.2,71.3,21.8,1085200,184,0,0,bbr1
0.073,43748,30,28800,38.4,27.9,20.2,71.3,19.4,1085200,189,0,0,bbr1
0.081,43748,30,31680,37.3,29.4,20.2,71.3,16.8,1085200,195,0,0,bbr1
0.089,43748,30,33120,36.5,30.8,20.2,71.3,14.2,651120,200,0,0,bbr1
0.095,43748,30,31680,36.0,32.3,20.2,71.3,11.7,651120,203,0,0,bbr1
0.102,43748,30,30240,35.7,33.8,20.2,71.3,9.3,651120,206,0,0,bbr1
0.108,43748,30,28800,35.6,35.2,20.2,71.3,7.1,651120,209,0,0,bbr1
0.115,43748,30,27360,35.8,36.7,20.2,71.3,5.6,651120,212,0,0,bbr1
0.122,43748,30,25920,36.1,38.2,20.2,71.3,4.8,651120,215,0,0,bbr1
0.128,43748,30,24480,36.4,38.5,20.2,71.3,4.2,868160,218,0,0,bbr1
0.134,43748,30,25920,36.4,36.9,20.2,71.3,3.3,868160,223,0,0,bbr1
0.139,43748,30,24480,36.2,34.5,20.2,71.3,2.9,868160,226,0,0,bbr1
0.146,43748,30,24480,35.8,33.0,20.2,71.3,3.0,868160,230,0,0,bbr1
0.155,43748,30,25920,35.2,31.0,20.2,71.3,3.4,868160,235,0,0,bbr1
0.161,43748,30,25920,34.5,29.5,20.2,71.3,4.0,868160,240,0,0,bbr1
0.166,27570,19,24480,33.9,29.7,20.2,71.3,4.2,868160,243,0,0,bbr1
0.173,33266,23,23040,33.4,30.3,20.2,71.3,4.1,868160,246,0,0,bbr1
0.182,38962,27,25920,33.1,30.4,20.2,71.3,3.8,868160,252,0,0,bbr1
0.188,43748,30,25920,32.7,30.5,20.2,71.3,3.5,868160,256,0,0,bbr1
0.193,43748,30,24480,32.4,30.3,20.2,71.3,3.2,868160,259,0,0,bbr1
0.201,43748,30,25920,32.2,30.4,20.2,71.3,2.9,868160,264,0,0,bbr1
0.208,43748,30,25920,32.0,30.5,20.2,71.3,2.6,868160,268,0,0,bbr1
0.215,43748,30,25920,31.8,30.7,20.2,71.3,2.3,868160,272,0,0,bbr1
0.221,43748,30,25920,31.6,30.4,20.2,71.3,2.1,868160,276,0,0,bbr1
0.228,43748,30,25920,31.5,30.5,20.2,71.3,1.8,868160,280,0,0,bbr1
0.234,43748,30,25920,31.4,30.6,20.2,71.3,1.6,1085200,284,0,0,bbr1
0.242,43748,30,30240,31.3,31.1,20.2,71.3,1.3,1085200,290,0,0,bbr1
0.246,43748,30,28800,31.3,31.1,20.2,71.3,1.0,1085200,293,0,0,bbr1
0.253,43748,30,30240,31.3,31.0,20.2,71.3,0.8,1085200,298,0,0,bbr1
0.261,43748,30,33120,31.3,31.2,20.2,71.3,0.6,1085200,304,0,0,bbr1
0.273,33266,23,28800,31.7,33.7,20.2,71.3,1.1,651120,309,0,0,bbr1
0.280,38962,27,28800,32.1,35.2,20.2,71.3,1.7,653593,313,0,0,bbr1
0.289,43881,30,28800,32.7,36.8,20.2,71.3,2.5,653593,317,0,0,bbr1
0.296,43881,30,27360,33.4,38.2,20.2,71.3,3.2,653593,320,0,0,bbr1
0.303,43881,30,25920,34.1,39.3,20.2,71.3,3.9,653593,323,0,0,bbr1
0.308,43881,30,24480,35.0,40.8,20.2,71.3,4.6,871458,326,0,0,bbr1
0.315,27636,19,24480,35.0,35.5,20.2,71.3,3.6,871458,330,0,0,bbr1
0.321,33332,23,23040,34.9,33.9,20.2,71.3,3.0,871458,333,0,0,bbr1
0.328,39028,27,24480,34.5,31.4,20.2,71.3,3.1,871458,338,0,0,bbr1
0.335,43881,30,24480,33.9,29.7,20.2,71.3,3.5,871458,342,0,0,bbr1
0.341,43881,30,24480,33.3,29.3,20.2,71.3,3.8,871458,346,0,0,bbr1
0.348,43881,30,24480,32.7,28.9,20.2,71.3,3.9,871458,350,0,0,bbr1
0.354,43881,30,24480,32.3,29.1,20.2,71.3,3.9,871458,354,0,0,bbr1
0.363,43881,30,25920,32.0,29.8,20.2,71.3,3.5,871458,359,0,0,bbr1
0.368,43881,30,24480,31.7,30.0,20.2,71.3,3.1,871458,362,0,0,bbr1
0.375,27636,19,24480,31.5,30.1,20.2,71.3,2.7,1089322,366,0,0,bbr1
0.381,33332,23,23040,31.4,30.3,20.2,71.3,2.4,1089322,369,0,0,bbr1
0.389,39028,27,27360,31.3,30.5,20.2,71.3,2.0,1089322,376,0,0,bbr1
0.396,43300,30,30240,31.2,30.6,20.2,71.3,1.7,1089322,381,0,0,bbr1
0.401,43881,30,30240,31.1,30.7,20.2,71.3,1.4,1089322,385,0,0,bbr1
0.408,43881,30,33120,31.0,30.4,20.2,71.3,1.2,1089322,390,0,0,bbr1
0.414,43881,30,33120,30.7,28.7,20.2,71.3,1.5,653593,394,0,0,bbr1
0.421,43881,30,33120,30.8,31.5,20.2,71.3,1.3,653593,397,0,0,bbr1
0.431,33332,23,24480,31.5,34.4,20.2,71.3,2.0,659425,399,0,0,bbr1
0.439,39028,27,25920,32.1,36.0,20.2,71.3,2.6,879234,404,0,0,bbr1
0.445,44196,30,25920,32.8,37.5,20.2,71.3,3.3,879234,408,0,0,bbr1
0.452,44196,30,25920,33.5,39.0,20.2,71.3,4.0,879234,412,0,0,bbr1
0.459,44196,30,25920,34.0,36.9,20.2,71.3,3.9,879234,416,0,0,bbr1
0.465,27794,19,25920,33.7,31.8,20.2,71.3,3.4,879234,420,0,0,bbr1
0.471,33490,23,23040,33.3,30.8,20.2,71.3,3.3,879234,422,0,0,bbr1
0.478,39186,27,24480,33.0,30.4,20.2,71.3,3.2,879234,427,0,0,bbr1
0.485,44196,30,24480,32.7,31.3,20.2,71.3,2.8,1099042,431,0,0,bbr1
0.492,44196,30,27360,32.6,31.5,20.2,71.3,2.4,1099042,437,0,0,bbr1
0.499,44196,30,28800,32.4,31.2,20.2,71.3,2.1,1099042,442,0,0,bbr1
0.512,33490,23,24535,31.9,30.5,20.2,71.3,2.0,1099042,448,0,0,bbr1
0.520,39186,27,28855,31.9,31.7,20.2,71.3,1.6,1099042,455,0,0,bbr1
0.526,44196,30,30295,32.1,33.2,20.2,71.3,1.5,1099042,460,0,0,bbr1
0.533,44196,30,31735,32.4,34.7,20.2,71.3,1.8,1099042,465,0,0,bbr1
0.540,44196,30,33175,32.9,36.3,20.2,71.3,2.3,659425,470,0,0,bbr1
0.551,32105,22,27360,32.7,33.6,20.2,71.3,2.0,659425,473,0,0,bbr1
0.558,37801,26,27360,33.0,35.1,20.2,71.3,2.1,659425,477,0,0,bbr1
0.566,43497,30,27360,33.4,36.5,20.2,71.3,2.5,659425,481,0,0,bbr1
0.573,44196,30,25920,34.0,37.9,20.2,71.3,3.0,659425,484,0,0,bbr1
0.579,44196,30,24480,34.7,39.8,20.2,71.3,3.7,879234,487,0,0,bbr1
0.585,44196,30,24480,34.6,33.7,20.2,71.3,3.0,879234,491,0,0,bbr1
0.590,44196,30,24480,34.6,34.4,20.2,71.3,2.3,879234,494,0,0,bbr1
0.597,44196,30,24480,34.3,32.3,20.2,71.3,2.3,879234,498,0,0,bbr1
0.603,44196,30,24480,33.7,29.9,20.2,71.3,2.8,879234,502,0,0,bbr1
0.611,27794,19,25920,33.2,29.6,20.2,71.3,3.1,1099042,507,0,0,bbr1
0.617,33490,23,23040,32.8,29.9,20.2,71.3,3.2,1099042,509,0,0,bbr1
0.625,39186,27,27360,32.5,30.2,20.2,71.3,3.0,1099042,516,0,0,bbr1
0.632,44196,30,28800,32.2,30.4,20.2,71.3,2.8,1099042,521,0,0,bbr1
0.638,44196,30,30240,32.0,30.6,20.2,71.3,2.5,1099042,526,0,0,bbr1
0.651,33490,23,25920,31.8,31.1,20.2,71.3,1.7,659425,531,0,0,bbr1
0.658,39186,27,25920,31.9,32.5,20.2,71.3,1.5,659425,535,0,0,bbr1
0.666,44196,30,25920,32.2,34.1,20.2,71.3,1.6,659425,539,0,0,bbr1
0.673,44196,30,25920,32.6,35.2,20.2,71.3,2.0,659425,542,0,0,bbr1
0.677,44196,30,23040,33.1,36.6,20.2,71.3,2.5,879234,544,0,0,bbr1
0.683,44196,30,23040,32.9,31.8,20.2,71.3,2.2,879234,548,0,0,bbr1
0.688,44196,30,23040,32.9,32.5,20.2,71.3,1.8,879234,551,0,0,bbr1
0.695,44196,30,23040,32.6,30.5,20.2,71.3,1.9,879234,555,0,0,bbr1
0.703,26370,18,25920,32.1,29.1,20.2,71.3,2.3,1099042,560,0,0,bbr1
0.707,32066,22,21600,31.6,28.3,20.2,71.3,2.7,1099042,561,0,0,bbr1
0.713,37762,26,24480,31.2,27.9,20.2,71.3,3.0,1099042,568,0,0,bbr1
0.721,42034,29,28800,30.8,28.1,20.2,71.3,3.0,1099042,574,0,0,bbr1
0.726,44196,30,28800,30.5,28.3,20.2,71.3,2.8,1099042,578,0,0,bbr1
0.739,33490,23,24480,30.2,29.3,20.2,71.3,2.1,1099042,583,0,0,bbr1
0.747,39186,27,28800,30.3,31.0,20.2,71.3,1.8,1099042,590,0,0,bbr1
0.753,44196,30,30240,30.6,32.4,20.2,71.3,1.8,1099042,595,0,0,bbr1
0.760,44196,30,31680,31.0,33.9,20.2,71.3,2.2,1099042,600,0,0,bbr1
0.767,44196,30,33120,31.6,35.5,20.2,71.3,2.8,659425,605,0,0,bbr1
0.774,44126,30,31680,31.7,32.4,20.2,71.3,2.3,658125,608,0,0,bbr1
0.786,33455,23,24480,32.4,35.4,20.2,71.3,2.6,658125,611,0,0,bbr1
0.795,39151,27,25920,32.9,37.0,20.2,71.3,3.1,877500,616,0,0,bbr1
0.801,44126,30,25920,33.6,38.4,20.2,71.3,3.7,877500,620,0,0,bbr1
0.808,44126,30,25920,34.3,39.2,20.2,71.3,4.2,877500,624,0,0,bbr1
0.814,44126,30,25920,34.7,37.2,20.2,71.3,3.8,877500,628,0,0,bbr1
0.821,44126,30,25920,34.3,31.5,20.2,71.3,3.7,877500,632,0,0,bbr1
0.827,44126,30,25920,33.8,30.5,20.2,71.3,3.7,877500,636,0,0,bbr1
0.834,27759,19,25920,33.4,30.3,20.2,71.3,3.6,1096875,640,0,0,bbr1
0.840,32031,22,24480,33.1,31.0,20.2,71.3,3.3,1096875,642,0,0,bbr1
0.846,37727,26,25920,32.8,31.1,20.2,71.3,3.0,1096875,647,0,0,bbr1
0.852,43423,30,27360,32.6,31.1,20.2,71.3,2.7,1096875,652,0,0,bbr1
0.860,44126,30,30240,32.5,31.7,20.2,71.3,2.3,1096875,658,0,0,bbr1
0.867,44126,30,31680,32.4,32.2,20.2,71.3,1.8,1096875,663,0,0,bbr1
0.875,44126,30,33120,32.2,30.8,20.2,71.3,1.8,658125,668,0,0,bbr1
0.884,32031,22,27360,32.4,33.5,20.2,71.3,1.4,658125,671,0,0,bbr1
0.891,37727,26,27360,32.7,35.0,20.2,71.3,1.7,658125,675,0,0,bbr1
0.900,41999,29,28800,33.1,36.1,20.2,71.3,2.1,658125,679,0,0,bbr1
0.904,44126,30,25920,33.7,37.6,20.2,71.3,2.7,658125,681,0,0,bbr1
0.910,44126,30,24480,34.4,39.3,20.2,71.3,3.4,877500,684,0,0,bbr1
0.918,44126,30,24480,34.9,39.0,20.2,71.3,3.7,877500,688,0,0,bbr1
0.006,44126,30,0,32.8,30.0,20.2,71.3,3.3,877500,691,0,0,bbr1
0.009,44126,30,0,32.2,27.8,20.2,71.3,3.7,1096875,693,0,0,bbr1
0.036,44126,30,25920,31.1,23.8,20.2,71.3,4.9,1096875,716,0,0,bbr1
0.043,44126,30,27360,30.4,25.3,20.2,71.3,5.1,1096875,721,0,0,bbr1
0.050,44126,30,28800,29.9,26.7,20.2,71.3,4.8,1096875,726,0,0,bbr1
0.056,44126,30,30240,29.7,28.3,20.2,71.3,4.0,1096875,731,0,0,bbr1
0.062,44126,30,31680,29.7,29.9,20.2,71.3,3.0,1096875,736,0,0,bbr1
0.070,44126,30,33120,29.9,31.3,20.2,71.3,2.7,658125,741,0,0,bbr1
0.077,44126,30,31680,30.3,32.8,20.2,71.3,2.7,658125,744,0,0,bbr1
0.083,44126,30,30240,30.8,34.4,20.2,71.3,3.0,658125,747,0,0,bbr1
0.089,44126,30,28800,31.4,35.9,20.2,71.3,3.6,658125,750,0,0,bbr1
0.096,44126,30,27360,32.2,37.3,20.2,71.3,4.1,658125,753,0,0,bbr1
0.103,44126,30,25920,33.0,38.9,20.2,71.3,4.8,658125,756,0,0,bbr1
0.111,44126,30,25920,33.8,39.5,20.2,71.3,5.2,877500,760,0,0,bbr1
0.116,44126,30,24480,34.3,37.4,20.2,71.3,4.8,877500,763,0,0,bbr1
0.124,44126,30,25920,34.4,35.1,20.2,71.3,3.8,877500,768,0,0,bbr1
0.131,44126,30,25920,34.3,33.7,20.2,71.3,3.0,877500,772,0,0,bbr1
0.138,44126,30,25920,34.0,31.7,20.2,71.3,2.9,877500,776,0,0,bbr1
0.144,27759,19,25920,33.5,30.4,20.2,71.3,3.1,877500,780,0,0,bbr1
0.150,33455,23,23040,33.1,30.5,20.2,71.3,3.1,877500,782,0,0,bbr1
0.157,39151,27,24480,32.9,31.3,20.2,71.3,2.8,877500,787,0,0,bbr1
0.164,44126,30,24480,32.7,31.4,20.2,71.3,2.4,877500,791,0,0,bbr1
0.171,44126,30,25920,32.6,31.6,20.2,71.3,2.1,877500,796,0,0,bbr1
0.178,44126,30,25920,32.4,31.4,20.2,71.3,1.9,877500,800,0,0,bbr1
0.184,44126,30,25920,32.2,30.4,20.2,71.3,1.9,1096875,804,0,0,bbr1
0.191,27759,19,27360,32.0,30.3,20.2,71.3,1.9,1096875,809,0,0,bbr1
0.198,33455,23,23040,31.8,30.5,20.2,71.3,1.8,1096875,810,0,0,bbr1
0.205,39151,27,27360,31.7,31.3,20.2,71.3,1.4,1096875,817,0,0,bbr1
0.212,44126,30,28800,31.7,31.4,20.2,71.3,1.2,1096875,822,0,0,bbr1
0.219,44126,30,30240,31.8,32.3,20.2,71.3,1.0,1096875,827,0,0,bbr1
0.226,44126,30,31680,32.0,33.8,20.2,71.3,1.3,1096875,832,0,0,bbr1
0.233,44126,30,33120,31.9,31.1,20.2,71.3,1.2,658125,837,0,0,bbr1
0.239,44126,30,31680,32.0,32.6,20.2,71.3,1.1,658125,840,0,0,bbr1
0.246,44126,30,30240,32.3,34.2,20.2,71.3,1.3,658125,843,0,0,bbr1
0.258,33455,23,23040,33.3,37.2,20.2,71.3,2.5,632625,846,0,0,bbr1
0.265,39151,27,23040,33.9,38.4,20.2,71.3,3.2,843501,850,0,0,bbr1
0.273,42751,29,24480,34.6,39.5,20.2,71.3,3.8,843501,855,0,0,bbr1
0.279,42751,29,24480,35.0,37.9,20.2,71.3,3.7,843501,858,0,0,bbr1
0.285,42751,29,24480,35.1,35.6,20.2,71.3,2.9,843501,862,0,0,bbr1
0.291,42751,29,23040,34.4,29.8,20.2,71.3,3.5,843501,865,0,0,bbr1
0.299,42751,29,24480,33.7,29.0,20.2,71.3,4.0,843501,870,0,0,bbr1
0.305,27071,18,23040,33.1,28.8,20.2,71.3,4.2,843501,873,0,0,bbr1
0.311,32767,22,21600,32.6,28.7,20.2,71.3,4.3,843501,876,0,0,bbr1
0.318,38463,26,23040,32.1,28.8,20.2,71.3,4.1,843501,881,0,0,bbr1
0.325,42751,29,23040,31.7,29.0,20.2,71.3,3.9,1054376,885,0,0,bbr1
0.332,42768,29,25920,31.4,28.9,20.2,71.3,3.6,1054907,891,0,0,bbr1
0.339,42768,29,27360,30.8,27.2,20.2,71.3,3.8,1054907,896,0,0,bbr1
0.350,31352,21,21600,30.3,28.6,20.2,71.3,3.0,1054907,899,0,0,bbr1
0.357,37048,25,24480,30.2,29.6,20.2,71.3,2.4,1054907,905,0,0,bbr1
0.364,42744,29,25920,30.3,30.9,20.2,71.3,2.0,1054907,910,0,0,bbr1
0.370,42768,29,27360,30.5,32.2,20.2,71.3,2.0,1054907,915,0,0,bbr1
0.377,42768,29,28800,30.1,27.0,20.2,71.3,2.3,1054907,920,0,0,bbr1
0.383,42768,29,30240,30.0,29.3,20.2,71.3,1.9,1054907,924,0,0,bbr1
0.390,42768,29,31680,30.1,30.7,20.2,71.3,1.6,632944,929,0,0,bbr1
0.403,32776,22,24480,30.7,33.3,20.2,71.3,2.0,632944,932,0,0,bbr1
0.409,38472,26,24480,31.2,34.7,20.2,71.3,2.5,843926,936,0,0,bbr1
0.416,42768,29,24480,31.8,36.0,20.2,71.3,3.1,843926,940,0,0,bbr1
0.423,42768,29,24480,32.5,37.3,20.2,71.3,3.7,843926,944,0,0,bbr1
0.430,42768,29,24480,33.0,36.9,20.2,71.3,3.9,843926,948,0,0,bbr1
0.436,42768,29,24480,32.8,31.4,20.2,71.3,3.3,843926,952,0,0,bbr1
0.443,27080,18,24480,32.5,30.4,20.2,71.3,3.1,1054907,956,0,0,bbr1
0.450,32776,22,21600,32.2,30.3,20.2,71.3,2.9,1054907,958,0,0,bbr1
0.457,38472,26,24480,32.0,30.3,20.2,71.3,2.6,1054907,964,0,0,bbr1
0.464,42768,29,25920,31.8,30.3,20.2,71.3,2.4,1054907,969,0,0,bbr1
0.470,42768,29,27360,31.6,30.1,20.2,71.3,2.2,1054907,974,0,0,bbr1
0.482,31352,21,24480,30.8,29.3,20.2,71.3,2.5,1054907,979,0,0,bbr1
0.489,37048,25,25920,30.8,30.6,20.2,71.3,2.0,1054907,984,0,0,bbr1
0.496,42744,29,28800,30.9,31.9,20.2,71.3,1.8,1054907,990,0,0,bbr1
0.502,42768,29,30240,31.2,33.2,20.2,71.3,1.9,1054907,995,0,0,bbr1
0.510,42768,29,31680,31.6,34.5,20.2,71.3,2.3,632944,1000,0,0,bbr1
0.517,42768,29,30240,31.7,32.5,20.2,71.3,1.9,632944,1003,0,0,bbr1
0.530,32776,22,23040,32.2,35.2,20.2,71.3,2.0,632944,1006,0,0,bbr1
0.536,38472,26,23040,32.7,36.4,20.2,71.3,2.6,843926,1010,0,0,bbr1
0.543,42768,29,23040,33.3,37.7,20.2,71.3,3.2,843926,1014,0,0,bbr1
0.550,42768,29,23040,33.8,37.2,20.2,71.3,3.3,843926,1018,0,0,bbr1
0.557,42768,29,23040,34.0,34.9,20.2,71.3,2.8,1054907,1022,0,0,bbr1
0.564,42768,29,25920,33.3,29.1,20.2,71.3,3.3,1054907,1028,0,0,bbr1
0.577,32776,22,21600,32.3,29.0,20.2,71.3,3.6,1054907,1033,0,0,bbr1
0.584,38472,26,24480,31.9,29.0,20.2,71.3,3.5,1054907,1039,0,0,bbr1
0.591,42768,29,25920,31.7,30.2,20.2,71.3,3.1,1054907,1044,0,0,bbr1
0.597,42768,29,27360,31.7,31.6,20.2,71.3,2.3,1054907,1049,0,0,bbr1
0.604,42768,29,28800,31.1,27.0,20.2,71.3,2.9,1054907,1054,0,0,bbr1
0.610,42768,29,30240,30.9,29.3,20.2,71.3,2.6,1054907,1058,0,0,bbr1
0.618,42768,29,31680,30.8,30.6,20.2,71.3,2.0,632944,1063,0,0,bbr1
0.625,42768,29,30240,31.0,31.9,20.2,71.3,1.8,632944,1066,0,0,bbr1
0.636,32776,22,23040,31.7,34.6,20.2,71.3,2.3,632944,1069,0,0,bbr1
0.643,38472,26,23040,32.2,35.9,20.2,71.3,2.8,843926,1073,0,0,bbr1
0.653,42768,29,24480,32.9,37.5,20.2,71.3,3.4,843926,1079,0,0,bbr1
0.658,42768,29,23040,33.3,36.1,20.2,71.3,3.4,843926,1082,0,0,bbr1
0.665,27080,18,23040,32.7,28.5,20.2,71.3,3.7,843926,1086,0,0,bbr1
0.670,31352,21,23040,32.2,29.0,20.2,71.3,3.7,843926,1089,0,0,bbr1
0.677,37048,25,23040,31.8,29.0,20.2,71.3,3.6,843154,1093,0,0,bbr1
0.684,42737,29,23040,31.4,28.5,20.2,71.3,3.5,843154,1097,0,0,bbr1
0.691,42737,29,23040,31.0,28.5,20.2,71.3,3.4,1053942,1101,0,0,bbr1
0.698,27064,18,25920,30.8,28.8,20.2,71.3,3.1,1053942,1107,0,0,bbr1
0.704,32760,22,21600,30.5,28.7,20.2,71.3,2.8,1053942,1108,0,0,bbr1
0.711,38456,26,24480,30.2,28.4,20.2,71.3,2.6,1053942,1114,0,0,bbr1
0.718,42737,29,25920,30.0,28.3,20.2,71.3,2.5,1053942,1119,0,0,bbr1
0.725,42737,29,27360,30.0,30.0,20.2,71.3,1.9,1053942,1124,0,0,bbr1
0.731,42737,29,28800,29.6,26.9,20.2,71.3,2.2,1053942,1129,0,0,bbr1
0.737,42737,29,30240,29.6,29.2,20.2,71.3,1.7,1053942,1133,0,0,bbr1
0.745,42742,29,31680,29.7,30.5,20.2,71.3,1.5,632464,1138,0,0,bbr1
0.757,32763,22,24480,30.3,33.1,20.2,71.3,2.1,632464,1141,0,0,bbr1
0.763,38459,26,24480,30.9,34.5,20.2,71.3,2.6,843286,1145,0,0,bbr1
0.770,42742,29,24480,31.5,35.7,20.2,71.3,3.2,843286,1149,0,0,bbr1
0.777,42742,29,24480,32.2,37.0,20.2,71.3,3.8,843286,1153,0,0,bbr1
0.784,42742,29,24480,32.7,36.4,20.2,71.3,3.9,843286,1157,0,0,bbr1
0.795,31339,21,20160,32.2,30.8,20.2,71.3,3.0,1054107,1161,0,0,bbr1
0.802,37035,25,23040,32.0,30.8,20.2,71.3,2.6,1054107,1167,0,0,bbr1
0.809,42731,29,24480,31.9,30.7,20.2,71.3,2.3,1054107,1172,0,0,bbr1
0.816,42742,29,25920,31.7,30.7,20.2,71.3,2.0,1054107,1177,0,0,bbr1
0.823,42742,29,27360,30.9,25.4,20.2,71.3,3.1,1054107,1182,0,0,bbr1
0.836,32763,22,23095,30.5,29.7,20.2,71.3,2.4,1054107,1188,0,0,bbr1
0.843,38459,26,25975,30.5,30.9,20.2,71.3,1.9,1054107,1194,0,0,bbr1
0.850,42742,29,27415,30.8,32.3,20.2,71.3,1.9,1054107,1199,0,0,bbr1
0.857,42742,29,28855,31.1,33.6,20.2,71.3,2.1,1054107,1204,0,0,bbr1
0.863,42742,29,30295,31.6,34.9,20.2,71.3,2.5,1054107,1209,0,0,bbr1
0.871,42742,29,31680,31.5,31.2,20.2,71.3,2.0,632464,1214,0,0,bbr1
0.884,32763,22,24480,31.9,33.7,20.2,71.3,1.8,632464,1217,0,0,bbr1
0.890,38459,26,24480,32.3,35.1,20.2,71.3,2.1,843286,1221,0,0,bbr1
0.897,42742,29,24480,32.8,36.3,20.2,71.3,2.6,843286,1225,0,0,bbr1
0.904,42742,29,24480,33.4,37.7,20.2,71.3,3.2,843286,1229,0,0,bbr1
0.911,42742,29,25920,34.0,37.7,20.2,71.3,3.5,843286,1233,0,0,bbr1
0.917,42742,29,25920,33.5,30.5,20.2,71.3,3.5,843286,1237,0,0,bbr1
0.923,27067,18,24480,33.2,30.9,20.2,71.3,3.2,1054107,1240,0,0,bbr1
0.929,32763,22,21600,32.9,30.9,20.2,71.3,3.0,1054107,1242,0,0,bbr1
0.936,38459,26,24480,32.6,30.8,20.2,71.3,2.8,1054107,1248,0,0,bbr1
0.943,42742,29,25920,32.4,30.8,20.2,71.3,2.6,1054107,1253,0,0,bbr1
0.950,42742,29,27360,32.1,30.3,20.2,71.3,2.4,1054107,1258,0,0,bbr1
0.962,31339,21,24480,31.2,29.4,20.2,71.3,2.9,1054107,1263,0,0,bbr1
0.968,37035,25,25920,31.2,30.8,20.2,71.3,2.3,1054107,1268,0,0,bbr1
0.975,42731,29,28800,31.3,32.0,20.2,71.3,1.9,1054107,1274,0,0,bbr1
0.982,42742,29,30240,31.5,33.3,20.2,71.3,1.9,1054107,1279,0,0,bbr1
0.990,42742,29,31680,31.9,34.6,20.2,71.3,2.2,632464,1284,0,0,bbr1
0.997,42742,29,30240,32.0,32.4,20.2,71.3,1.8,632464,1287,0,0,bbr1
1.009,32763,22,23040,32.5,35.0,20.2,71.3,2.0,632464,1290,0,0,bbr1
1.016,38459,26,23040,33.0,36.3,20.2,71.3,2.4,843286,1294,0,0,bbr1
1.022,42742,29,23040,33.6,37.5,20.2,71.3,3.0,843286,1298,0,0,bbr1
1.029,42742,29,23040,34.0,37.0,20.2,71.3,3.1,843286,1302,0,0,bbr1
1.036,42742,29,23040,34.1,34.8,20.2,71.3,2.5,843286,1306,0,0,bbr1
1.043,42742,29,23040,33.5,29.2,20.2,71.3,3.1,843286,1310,0,0,bbr1
1.050,27067,18,23040,33.0,29.2,20.2,71.3,3.4,843286,1314,0,0,bbr1
1.056,32763,22,21600,32.5,29.2,20.2,71.3,3.5,843286,1317,0,0,bbr1
1.063,38459,26,23040,32.0,29.0,20.2,71.3,3.5,843286,1322,0,0,bbr1
1.070,42742,29,23040,31.7,29.0,20.2,71.3,3.4,1054107,1326,0,0,bbr1
1.078,42742,29,25920,31.3,28.9,20.2,71.3,3.2,1054107,1332,0,0,bbr1
1.085,42742,29,27360,30.8,27.2,20.2,71.3,3.4,1054107,1337,0,0,bbr1
1.096,31339,21,21600,30.3,28.8,20.2,71.3,2.8,1053955,1340,0,0,bbr1
1.103,37035,25,24480,30.2,29.6,20.2,71.3,2.3,1053955,1346,0,0,bbr1
1.109,42731,29,25920,30.3,30.9,20.2,71.3,1.9,1053955,1351,0,0,bbr1
1.116,42737,29,27360,30.5,32.2,20.2,71.3,1.9,1053955,1356,0,0,bbr1
1.124,42737,29,28800,30.1,26.7,20.2,71.3,2.4,1053955,1361,0,0,bbr1
1.129,42774,29,30240,29.9,29.1,20.2,71.3,2.0,1055093,1365,0,0,bbr1
1.136,42774,29,31680,30.0,30.3,20.2,71.3,1.6,633056,1370,0,0,bbr1
1.148,32779,22,24480,30.6,33.1,20.2,71.3,1.9,633056,1373,0,0,bbr1
0.006,42774,29,0,32.4,30.2,20.2,71.3,3.4,844075,1374,0,0,bbr1
0.007,42774,29,0,31.8,27.5,20.2,71.3,3.8,1055093,1376,0,0,bbr1
0.034,42774,29,24480,30.8,23.7,20.2,71.3,4.9,1055093,1398,0,0,bbr1
0.041,42774,29,25920,30.1,25.0,20.2,71.3,5.1,1055093,1403,0,0,bbr1
0.047,42774,29,27360,29.6,26.3,20.2,71.3,4.8,1055093,1408,0,0,bbr1
0.054,42774,29,28800,29.4,27.6,20.2,71.3,4.1,1055093,1413,0,0,bbr1
0.061,42774,29,30240,29.3,28.9,20.2,71.3,3.2,1055093,1418,0,0,bbr1
0.069,42782,29,31680,29.4,30.3,20.2,71.3,2.6,633207,1423,0,0,bbr1
0.076,42782,29,30240,29.7,31.7,20.2,71.3,2.5,633207,1426,0,0,bbr1
0.082,42782,29,30240,30.1,32.6,20.2,71.3,2.6,633207,1429,0,0,bbr1
0.087,42782,29,27360,30.6,33.9,20.2,71.3,2.9,633207,1431,0,0,bbr1
0.094,42782,29,25920,31.1,35.2,20.2,71.3,3.3,633207,1434,0,0,bbr1
0.101,42782,29,24480,31.8,36.5,20.2,71.3,3.8,633207,1437,0,0,bbr1
0.107,42782,29,23040,32.4,36.8,20.2,71.3,4.1,844277,1440,0,0,bbr1
0.114,42782,29,23040,32.7,34.5,20.2,71.3,3.6,844277,1444,0,0,bbr1
0.120,42782,29,23040,32.6,31.7,20.2,71.3,3.0,844277,1448,0,0,bbr1
0.126,42782,29,21600,32.2,29.6,20.2,71.3,3.0,1055346,1451,0,0,bbr1
0.134,42782,29,24480,31.6,27.5,20.2,71.3,3.4,1055346,1457,0,0,bbr1
0.140,42782,29,25920,31.0,27.1,20.2,71.3,3.7,1055346,1462,0,0,bbr1
0.153,31359,21,23040,30.2,27.5,20.2,71.3,3.5,1055346,1467,0,0,bbr1
0.158,37055,25,24480,30.0,28.7,20.2,71.3,3.0,1055346,1472,0,0,bbr1
0.165,42751,29,25920,30.0,29.9,20.2,71.3,2.3,1055346,1477,0,0,bbr1
0.172,42782,29,27360,30.1,31.1,20.2,71.3,2.0,1055346,1482,0,0,bbr1
0.179,42782,29,28800,30.5,32.7,20.2,71.3,2.1,1055346,1487,0,0,bbr1
0.186,44452,30,30240,30.3,29.3,20.2,71.3,1.9,1106965,1492,0,0,bbr1
0.192,44452,30,31680,30.4,30.6,20.2,71.3,1.5,1106965,1497,0,0,bbr1
0.200,44452,30,33120,30.6,32.0,20.2,71.3,1.5,664179,1502,0,0,bbr1
0.212,33618,23,25920,31.4,34.6,20.2,71.3,2.3,664179,1505,0,0,bbr1
0.220,37890,26,28800,31.9,35.6,20.2,71.3,2.8,885572,1510,0,0,bbr1
0.225,43586,30,27360,32.5,36.7,20.2,71.3,3.3,885572,1513,0,0,bbr1
0.232,44452,30,27360,33.3,38.7,20.2,71.3,4.0,885572,1517,0,0,bbr1
0.239,44452,30,27360,34.1,40.2,20.2,71.3,4.7,885572,1521,0,0,bbr1
0.244,44452,30,27360,33.9,32.1,20.2,71.3,4.1,1106965,1525,0,0,bbr1
0.256,32194,22,23040,33.6,32.6,20.2,71.3,2.8,1106965,1529,0,0,bbr1
0.264,37890,26,27360,33.4,32.3,20.2,71.3,2.4,1106965,1536,0,0,bbr1
0.271,43586,30,28800,33.4,33.1,20.2,71.3,1.9,1106965,1541,0,0,bbr1
0.277,44452,30,30240,33.4,33.4,20.2,71.3,1.4,1106965,1546,0,0,bbr1
0.284,44452,30,31680,33.6,34.9,20.2,71.3,1.5,1106965,1551,0,0,bbr1
0.291,44452,30,33120,33.3,31.1,20.2,71.3,1.7,664179,1556,0,0,bbr1
0.298,44452,30,33120,33.2,32.3,20.2,71.3,1.5,664179,1559,0,0,bbr1
0.309,33618,23,24480,33.5,35.5,20.2,71.3,1.5,664179,1561,0,0,bbr1
0.317,39314,27,25920,34.0,37.0,20.2,71.3,2.0,885572,1566,0,0,bbr1
0.322,44452,30,24480,34.5,38.6,20.2,71.3,2.7,885572,1569,0,0,bbr1
0.330,44452,30,25920,35.3,40.2,20.2,71.3,3.4,885572,1574,0,0,bbr1
0.336,44452,30,25920,35.6,37.9,20.2,71.3,3.2,1106965,1578,0,0,bbr1
0.349,32194,22,24535,34.5,30.7,20.2,71.3,3.6,1106965,1585,0,0,bbr1
0.355,37890,26,25975,34.1,30.9,20.2,71.3,3.6,1106965,1590,0,0,bbr1
0.362,43586,30,28855,33.7,31.0,20.2,71.3,3.5,1106965,1596,0,0,bbr1
0.369,44452,30,30295,33.5,31.9,20.2,71.3,3.1,1106965,1601,0,0,bbr1
0.376,44452,30,31735,33.5,33.5,20.2,71.3,2.3,1106965,1606,0,0,bbr1
0.383,44452,30,34560,32.9,28.9,20.2,71.3,2.9,664179,1611,0,0,bbr1
0.394,33618,23,25920,32.9,33.7,20.2,71.3,2.0,664179,1613,0,0,bbr1
0.402,39314,27,27360,33.2,35.3,20.2,71.3,2.1,885572,1618,0,0,bbr1
0.407,44452,30,25920,33.7,36.8,20.2,71.3,2.4,885572,1621,0,0,bbr1
0.415,44452,30,27360,34.2,37.9,20.2,71.3,2.9,885572,1626,0,0,bbr1
0.421,44452,30,27360,34.9,40.0,20.2,71.3,3.6,1106965,1630,0,0,bbr1
0.434,33618,23,23040,34.3,32.4,20.2,71.3,3.1,1106965,1635,0,0,bbr1
0.442,39314,27,27360,34.1,32.7,20.2,71.3,2.7,1106965,1642,0,0,bbr1
0.449,44452,30,28800,33.9,32.6,20.2,71.3,2.4,1106965,1647,0,0,bbr1
0.457,44452,30,30240,33.9,33.6,20.2,71.3,1.9,1106965,1652,0,0,bbr1
0.462,44452,30,31680,34.0,35.1,20.2,71.3,1.7,1106965,1657,0,0,bbr1
0.470,44452,30,33120,33.7,31.2,20.2,71.3,2.0,664179,1662,0,0,bbr1
0.482,33618,23,25920,33.6,34.3,20.2,71.3,1.5,664179,1665,0,0,bbr1
0.490,37890,26,28800,33.9,35.5,20.2,71.3,1.6,885572,1670,0,0,bbr1
0.495,43586,30,27360,34.0,34.8,20.2,71.3,1.4,885572,1673,0,0,bbr1
0.501,44452,30,27360,34.5,37.8,20.2,71.3,2.0,885572,1677,0,0,bbr1
0.508,44452,30,27360,35.1,39.7,20.2,71.3,2.8,885572,1681,0,0,bbr1
0.514,44452,30,28800,35.5,38.2,20.2,71.3,2.9,885572,1685,0,0,bbr1
0.519,44452,30,27360,35.2,32.8,20.2,71.3,2.8,885572,1688,0,0,bbr1
0.532,33618,23,23040,34.5,32.3,20.2,71.3,2.7,1106965,1693,0,0,bbr1
0.540,39314,27,27360,34.3,33.0,20.2,71.3,2.4,1106965,1700,0,0,bbr1
0.547,44452,30,28800,34.2,33.3,20.2,71.3,2.1,1106965,1705,0,0,bbr1
0.554,44088,30,30240,34.1,33.7,20.2,71.3,1.7,1095721,1710,0,0,bbr1
0.560,44088,30,31680,34.1,34.0,20.2,71.3,1.3,1095721,1715,0,0,bbr1
0.567,44088,30,33120,33.8,31.2,20.2,71.3,1.7,657432,1720,0,0,bbr1
0.580,33436,23,25920,33.7,34.3,20.2,71.3,1.3,657432,1723,0,0,bbr1
0.588,39132,27,27360,34.0,35.9,20.2,71.3,1.6,876577,1728,0,0,bbr1
0.593,44088,30,25920,34.4,37.2,20.2,71.3,2.0,876577,1731,0,0,bbr1
0.601,44088,30,27360,34.9,38.9,20.2,71.3,2.6,876577,1736,0,0,bbr1
0.608,44088,30,27360,35.5,39.5,20.2,71.3,3.1,1095721,1740,0,0,bbr1
0.614,44088,30,28800,35.1,32.1,20.2,71.3,3.2,1095721,1745,0,0,bbr1
0.627,33436,23,24480,34.5,32.6,20.2,71.3,2.8,1095721,1750,0,0,bbr1
0.635,39132,27,28800,34.3,32.8,20.2,71.3,2.5,1095721,1757,0,0,bbr1
0.642,44088,30,30240,34.1,32.7,20.2,71.3,2.3,1095721,1762,0,0,bbr1
0.649,44088,30,31680,34.2,34.8,20.2,71.3,1.9,1095721,1767,0,0,bbr1
0.656,44088,30,33120,34.4,36.3,20.2,71.3,2.0,657432,1772,0,0,bbr1
0.668,33436,23,25975,34.2,34.0,20.2,71.3,1.5,657432,1776,0,0,bbr1
0.676,39132,27,27415,34.3,35.4,20.2,71.3,1.5,876577,1781,0,0,bbr1
0.682,43404,30,27415,34.6,36.6,20.2,71.3,1.7,876577,1784,0,0,bbr1
0.688,44088,30,27415,35.0,37.8,20.2,71.3,2.1,876577,1788,0,0,bbr1
0.694,44088,30,27415,35.6,39.6,20.2,71.3,2.7,876577,1792,0,0,bbr1
0.705,32051,22,23040,35.5,32.9,20.2,71.3,2.6,1054527,1796,0,0,bbr1
0.712,37747,26,25920,35.1,32.5,20.2,71.3,2.7,1054527,1802,0,0,bbr1
0.719,42756,29,27360,34.8,32.7,20.2,71.3,2.6,1054527,1807,0,0,bbr1
0.726,42756,29,30240,34.5,32.9,20.2,71.3,2.4,1054527,1812,0,0,bbr1
0.732,42756,29,30240,34.3,32.5,20.2,71.3,2.3,632716,1816,0,0,bbr1
0.740,42756,29,28800,33.9,30.8,20.2,71.3,2.6,632716,1819,0,0,bbr1
0.751,32770,22,21600,33.6,33.4,20.2,71.3,1.9,632716,1822,0,0,bbr1
0.758,38466,26,21600,33.7,34.7,20.2,71.3,1.7,843622,1826,0,0,bbr1
0.765,44096,30,21600,34.0,36.0,20.2,71.3,1.8,876757,1830,0,0,bbr1
0.773,44096,30,23040,34.1,34.5,20.2,71.3,1.5,876757,1835,0,0,bbr1
0.779,44096,30,23040,33.2,27.0,20.2,71.3,2.9,876757,1839,0,0,bbr1
0.784,26320,18,23040,32.5,27.5,20.2,71.3,3.6,1095946,1842,0,0,bbr1
0.790,32016,22,21600,31.9,27.5,20.2,71.3,3.9,1095946,1845,0,0,bbr1
0.798,37712,26,25920,31.3,27.6,20.2,71.3,4.0,1095946,1852,0,0,bbr1
0.805,43408,30,27360,30.8,27.4,20.2,71.3,4.0,1095946,1857,0,0,bbr1
0.811,44096,30,28800,30.4,27.6,20.2,71.3,3.8,1095946,1862,0,0,bbr1
0.822,32016,22,25975,29.9,29.5,20.2,71.3,2.9,1095946,1868,0,0,bbr1
0.829,37712,26,27415,30.1,30.9,20.2,71.3,2.4,1095946,1873,0,0,bbr1
0.837,43408,30,31735,30.4,32.4,20.2,71.3,2.4,1095946,1880,0,0,bbr1
0.845,44096,30,33175,30.8,34.0,20.2,71.3,2.7,657567,1885,0,0,bbr1
0.851,44096,30,31735,31.4,35.4,20.2,71.3,3.2,657567,1888,0,0,bbr1
0.857,44096,30,30240,31.5,32.2,20.2,71.3,2.6,657567,1891,0,0,bbr1
0.868,32016,22,24480,32.4,36.4,20.2,71.3,3.1,657567,1894,0,0,bbr1
0.877,37712,26,25920,33.1,38.0,20.2,71.3,3.7,876757,1899,0,0,bbr1
0.883,43408,30,25920,33.9,39.5,20.2,71.3,4.4,876757,1903,0,0,bbr1
0.888,44096,30,24480,34.3,37.0,20.2,71.3,4.1,876757,1906,0,0,bbr1
0.896,44096,30,25920,34.4,35.5,20.2,71.3,3.4,1095946,1911,0,0,bbr1
0.902,27744,19,27360,34.1,31.4,20.2,71.3,3.3,1095946,1916,0,0,bbr1
0.909,32016,22,24480,33.5,30.0,20.2,71.3,3.5,1095946,1917,0,0,bbr1
0.914,37712,26,25920,33.2,30.7,20.2,71.3,3.3,1095946,1922,0,0,bbr1
0.921,41984,29,28800,32.8,30.3,20.2,71.3,3.2,1095946,1927,0,0,bbr1
0.926,44096,30,28800,32.5,30.5,20.2,71.3,3.0,1095946,1931,0,0,bbr1
0.932,44096,30,31680,32.5,32.0,20.2,71.3,2.4,1095946,1936,0,0,bbr1
0.939,44096,30,31680,32.0,28.7,20.2,71.3,2.7,657567,1940,0,0,bbr1
0.949,32016,22,24480,32.0,32.7,20.2,71.3,1.9,657567,1942,0,0,bbr1
0.958,37712,26,25920,32.3,34.2,20.2,71.3,1.9,881113,1947,0,0,bbr1
0.963,43408,30,24480,32.7,35.7,20.2,71.3,2.3,881113,1950,0,0,bbr1
0.971,44272,30,25920,33.3,37.2,20.2,71.3,2.9,881113,1955,0,0,bbr1
0.977,44272,30,25920,33.8,37.8,20.2,71.3,3.3,1101391,1959,0,0,bbr1
0.983,27832,19,27360,33.6,31.6,20.2,71.3,3.0,1101391,1964,0,0,bbr1
0.990,33528,23,23040,33.1,30.2,20.2,71.3,3.1,1101391,1965,0,0,bbr1
0.998,39224,27,27360,32.9,30.9,20.2,71.3,2.9,1101391,1972,0,0,bbr1
1.005,44272,30,28800,32.6,31.2,20.2,71.3,2.6,1101391,1977,0,0,bbr1
1.011,44272,30,30240,32.6,32.1,20.2,71.3,2.1,1101391,1982,0,0,bbr1
1.017,44272,30,31680,32.7,33.6,20.2,71.3,1.8,1101391,1987,0,0,bbr1
1.025,44272,30,33120,32.5,31.2,20.2,71.3,1.7,660834,1992,0,0,bbr1
1.037,33528,23,25920,32.8,34.2,20.2,71.3,1.4,660834,1995,0,0,bbr1
1.046,39224,27,27360,33.1,35.8,20.2,71.3,1.8,881113,2000,0,0,bbr1
1.051,44272,30,25920,33.6,37.2,20.2,71.3,2.4,881113,2003,0,0,bbr1
1.059,44272,30,28800,34.3,38.6,20.2,71.3,3.0,881113,2008,0,0,bbr1
1.064,44272,30,27360,35.0,40.1,20.2,71.3,3.7,881113,2011,0,0,bbr1
1.070,44272,30,27360,34.6,32.1,20.2,71.3,3.5,1101391,2015,0,0,bbr1
1.081,32104,22,23095,34.2,32.5,20.2,71.3,2.8,1101391,2020,0,0,bbr1
1.089,37800,26,27415,34.0,32.7,20.2,71.3,2.5,1101391,2027,0,0,bbr1
1.096,43496,30,28855,33.8,32.5,20.2,71.3,2.2,1101391,2032,0,0,bbr1
1.103,44272,30,30295,33.7,33.2,20.2,71.3,1.8,1101391,2037,0,0,bbr1
1.109,44272,30,31735,33.9,34.8,20.2,71.3,1.6,1101391,2042,0,0,bbr1
1.116,44272,30,34560,33.5,30.9,20.2,71.3,2.0,660834,2047,0,0,bbr1
1.127,33528,23,25920,33.4,34.0,20.2,71.3,1.5,660834,2049,0,0,bbr1
1.135,39224,27,27360,33.7,35.6,20.2,71.3,1.6,881113,2054,0,0,bbr1
1.142,44272,30,27360,34.1,36.9,20.2,71.3,2.0,881113,2058,0,0,bbr1
1.149,44272,30,27360,34.7,38.7,20.2,71.3,2.7,881113,2062,0,0,bbr1
1.155,44272,30,27360,35.4,40.2,20.2,71.3,3.4,1101391,2066,0,0,bbr1
1.168,33528,23,23040,34.6,32.4,20.2,71.3,3.1,1101391,2071,0,0,bbr1
1.176,39224,27,27360,34.4,32.5,20.2,71.3,2.9,1101391,2078,0,0,bbr1
1.182,44272,30,28800,34.2,32.7,20.2,71.3,2.6,1101391,2083,0,0,bbr1
1.189,44272,30,30240,34.1,33.4,20.2,71.3,2.1,1101391,2088,0,0,bbr1
1.195,44272,30,31680,34.2,35.0,20.2,71.3,1.8,1101391,2093,0,0,bbr1
1.203,44272,30,33120,33.8,31.1,20.2,71.3,2.1,660834,2098,0,0,bbr1
1.215,33528,23,25920,33.7,34.2,20.2,71.3,1.5,660834,2101,0,0,bbr1
1.223,39224,27,27360,34.0,35.8,20.2,71.3,1.7,881113,2106,0,0,bbr1
1.229,44272,30,25920,34.4,37.3,20.2,71.3,2.1,881113,2109,0,0,bbr1
1.237,44272,30,27360,35.0,38.9,20.2,71.3,2.7,881113,2114,0,0,bbr1
1.243,44272,30,27360,35.5,39.5,20.2,71.3,3.1,881113,2118,0,0,bbr1
1.249,27832,19,27360,35.1,32.1,20.2,71.3,3.2,1101391,2122,0,0,bbr1
1.256,33528,23,23040,34.8,32.4,20.2,71.3,3.1,1101391,2123,0,0,bbr1
1.264,39224,27,27360,34.5,32.7,20.2,71.3,2.8,1101391,2130,0,0,bbr1
1.271,44272,30,28800,34.3,32.8,20.2,71.3,2.5,1101391,2136,0,0,bbr1
1.277,44272,30,30240,34.1,32.8,20.2,71.3,2.3,1101391,2141,0,0,bbr1
1.283,44272,30,31680,34.1,33.7,20.2,71.3,1.8,1101391,2146,0,0,bbr1
1.297,33528,23,27415,33.6,32.7,20.2,71.3,1.8,660834,2152,0,0,bbr1
1.305,39224,27,28855,33.7,34.3,20.2,71.3,1.5,660834,2157,0,0,bbr1
1.312,44272,30,27415,33.9,35.9,20.2,71.3,1.7,660834,2160,0,0,bbr1
1.318,44272,30,25975,34.3,37.3,20.2,71.3,2.1,660834,2163,0,0,bbr1
1.325,44272,30,24535,34.9,39.0,20.2,71.3,2.7,881113,2166,0,0,bbr1
1.331,26447,18,25920,35.5,39.5,20.2,71.3,3.2,842499,2170,0,0,bbr1
1.336,32143,22,21600,35.4,34.5,20.2,71.3,2.6,842499,2171,0,0,bbr1
1.342,37839,26,23040,35.0,32.6,20.2,71.3,2.7,842499,2176,0,0,bbr1
1.349,42710,29,23040,34.5,30.7,20.2,71.3,3.1,842499,2180,0,0,bbr1
1.356,42710,29,23040,33.9,29.8,20.2,71.3,3.5,842499,2184,0,0,bbr1
1.363,42710,29,23040,33.0,27.1,20.2,71.3,4.3,842499,2188,0,0,bbr1
1.368,25627,17,23040,32.5,28.7,20.2,71.3,4.3,1053123,2191,0,0,bbr1
1.375,31323,21,20160,32.0,28.7,20.2,71.3,4.2,1053123,2193,0,0,bbr1
1.382,37019,25,23040,31.6,28.6,20.2,71.3,4.0,1053123,2199,0,0,bbr1
1.388,42710,29,24480,31.2,28.5,20.2,71.3,3.8,1053123,2204,0,0,bbr1
1.395,42708,29,25920,30.9,28.5,20.2,71.3,3.5,1053046,2209,0,0,bbr1
1.409,32746,22,21600,30.0,28.3,20.2,71.3,3.5,1053046,2214,0,0,bbr1
1.415,38442,26,24480,29.9,29.6,20.2,71.3,2.7,1053046,2220,0,0,bbr1
1.422,42708,29,25920,30.0,30.9,20.2,71.3,2.3,1053046,2225,0,0,bbr1
1.429,42708,29,27360,30.3,32.2,20.2,71.3,2.2,1053046,2230,0,0,bbr1
1.436,42708,29,28800,29.9,27.1,20.2,71.3,2.5,1053046,2235,0,0,bbr1
1.442,42708,29,30240,29.8,29.4,20.2,71.3,2.0,1053046,2239,0,0,bbr1
1.450,42708,29,31680,29.9,30.6,20.2,71.3,1.7,631827,2244,0,0,bbr1
1.461,32746,22,24480,30.6,33.3,20.2,71.3,2.1,631827,2247,0,0,bbr1
0.006,42734,29,0,32.6,30.4,20.2,71.3,3.5,843081,2248,0,0,bbr1
0.009,42734,29,0,31.9,27.3,20.2,71.3,3.9,1053851,2250,0,0,bbr1
0.035,42734,29,24480,30.9,23.7,20.2,71.3,5.0,1053851,2272,0,0,bbr1
0.042,42734,29,25920,30.1,25.0,20.2,71.3,5.2,1053851,2277,0,0,bbr1
0.049,42734,29,27360,29.7,26.3,20.2,71.3,4.9,1053851,2282,0,0,bbr1
0.056,42734,29,28800,29.4,27.6,20.2,71.3,4.2,1053851,2287,0,0,bbr1
0.062,42734,29,30240,29.3,28.9,20.2,71.3,3.2,1053851,2292,0,0,bbr1
0.070,42734,29,31680,29.5,30.3,20.2,71.3,2.7,632310,2297,0,0,bbr1
0.077,42734,29,30240,29.7,31.5,20.2,71.3,2.5,632310,2300,0,0,bbr1
0.084,42739,29,28800,30.1,32.7,20.2,71.3,2.6,632401,2303,0,0,bbr1
0.088,42739,29,25920,30.6,34.1,20.2,71.3,3.0,632404,2305,0,0,bbr1
0.095,42979,29,24480,31.2,35.4,20.2,71.3,3.4,636867,2308,0,0,bbr1
0.102,42979,29,23040,31.9,36.7,20.2,71.3,4.0,849156,2311,0,0,bbr1
0.110,42979,29,24480,32.4,36.2,20.2,71.3,4.1,849156,2316,0,0,bbr1
0.117,42979,29,24480,32.6,34.0,20.2,71.3,3.4,849156,2320,0,0,bbr1
0.123,42979,29,24480,32.5,31.5,20.2,71.3,2.9,1061445,2324,0,0,bbr1
0.130,42979,29,25920,32.1,29.3,20.2,71.3,2.9,1061445,2329,0,0,bbr1
0.137,42979,29,27360,31.7,29.3,20.2,71.3,2.9,1061445,2334,0,0,bbr1
0.144,42979,29,28800,31.4,29.4,20.2,71.3,2.8,1061445,2339,0,0,bbr1
0.156,32881,22,24480,31.1,30.3,20.2,71.3,2.2,636867,2344,0,0,bbr1
0.163,38577,26,24480,31.1,31.6,20.2,71.3,1.8,636867,2348,0,0,bbr1
0.170,42979,29,23040,31.3,32.8,20.2,71.3,1.7,636867,2351,0,0,bbr1
0.176,42979,29,21600,31.7,34.3,20.2,71.3,2.0,849156,2354,0,0,bbr1
0.183,42979,29,23040,32.2,35.4,20.2,71.3,2.5,849156,2358,0,0,bbr1
0.189,27185,18,23040,31.9,30.4,20.2,71.3,2.3,849156,2362,0,0,bbr1
0.195,32881,22,21600,31.7,29.8,20.2,71.3,2.2,849156,2365,0,0,bbr1
0.202,38577,26,21600,31.2,27.6,20.2,71.3,2.7,849156,2369,0,0,bbr1
0.208,42979,29,21600,30.7,27.5,20.2,71.3,2.9,849156,2373,0,0,bbr1
0.215,42979,29,21600,30.3,27.6,20.2,71.3,3.0,1061445,2377,0,0,bbr1
0.223,27185,18,24480,29.9,27.0,20.2,71.3,3.1,1061445,2383,0,0,bbr1
0.229,32881,22,21600,29.5,27.0,20.2,71.3,3.0,1061445,2385,0,0,bbr1
0.236,38577,26,24480,29.2,27.1,20.2,71.3,2.9,1061445,2391,0,0,bbr1
0.242,42979,29,25920,28.9,27.0,20.2,71.3,2.7,1061445,2396,0,0,bbr1
0.249,42979,29,27360,29.0,29.2,20.2,71.3,2.1,1061445,2401,0,0,bbr1
0.256,42979,29,28800,28.7,27.0,20.2,71.3,2.1,1061445,2406,0,0,bbr1
0.261,42979,29,30240,28.8,29.3,20.2,71.3,1.7,1061445,2410,0,0,bbr1
0.269,42979,29,31680,29.0,30.7,20.2,71.3,1.8,636867,2415,0,0,bbr1
0.276,42979,29,30240,29.4,32.0,20.2,71.3,2.1,636867,2418,0,0,bbr1
0.288,32881,22,23040,30.5,34.7,20.2,71.3,3.1,636867,2421,0,0,bbr1
0.295,38577,26,23040,31.2,36.1,20.2,71.3,3.7,849156,2425,0,0,bbr1
0.303,42979,29,24480,32.0,37.5,20.2,71.3,4.4,849156,2430,0,0,bbr1
0.310,42979,29,24480,32.6,37.0,20.2,71.3,4.5,849156,2434,0,0,bbr1
0.316,42979,29,24480,32.9,34.7,20.2,71.3,3.9,849156,2438,0,0,bbr1
0.323,27185,18,24480,32.4,29.3,20.2,71.3,3.8,849156,2442,0,0,bbr1
0.329,32881,22,21600,32.0,29.3,20.2,71.3,3.7,849156,2444,0,0,bbr1
0.336,38577,26,23040,31.7,29.2,20.2,71.3,3.5,849156,2449,0,0,bbr1
0.342,42979,29,23040,31.4,29.3,20.2,71.3,3.2,1061445,2453,0,0,bbr1
0.350,42979,29,25920,31.1,29.2,20.2,71.3,2.9,1061445,2459,0,0,bbr1
0.361,31457,21,23040,30.6,28.6,20.2,71.3,2.6,1061445,2464,0,0,bbr1
0.368,37153,25,25920,30.3,28.7,20.2,71.3,2.4,1061445,2470,0,0,bbr1
0.375,42849,29,27360,30.2,29.7,20.2,71.3,2.0,1061445,2475,0,0,bbr1
0.381,42979,29,28800,30.3,31.0,20.2,71.3,1.7,1061445,2480,0,0,bbr1
0.388,42979,29,31680,30.5,32.0,20.2,71.3,1.7,1061445,2485,0,0,bbr1
0.395,42979,29,31680,30.6,30.7,20.2,71.3,1.3,636867,2489,0,0,bbr1
0.401,42979,29,30240,30.7,32.0,20.2,71.3,1.3,636867,2492,0,0,bbr1
0.414,32881,22,23040,31.5,34.7,20.2,71.3,2.1,636867,2495,0,0,bbr1
0.420,38577,26,23040,32.1,36.1,20.2,71.3,2.7,843049,2499,0,0,bbr1
0.427,44012,30,23040,32.8,37.5,20.2,71.3,3.4,874692,2503,0,0,bbr1
0.435,44012,30,24480,33.3,37.0,20.2,71.3,3.6,874692,2508,0,0,bbr1
0.442,44012,30,24480,33.4,34.6,20.2,71.3,3.0,874692,2512,0,0,bbr1
0.448,27702,19,24480,32.9,29.1,20.2,71.3,3.4,874692,2516,0,0,bbr1
0.454,33398,23,23040,32.4,29.2,20.2,71.3,3.4,874692,2519,0,0,bbr1
0.461,39094,27,24480,32.0,29.3,20.2,71.3,3.4,874692,2524,0,0,bbr1
0.468,44012,30,24480,31.7,29.5,20.2,71.3,3.2,874692,2528,0,0,bbr1
0.476,44012,30,25920,31.4,29.3,20.2,71.3,3.0,874692,2533,0,0,bbr1
0.482,27702,19,25920,31.2,29.5,20.2,71.3,2.7,1093365,2537,0,0,bbr1
0.488,33398,23,23040,31.0,30.1,20.2,71.3,2.3,1093365,2539,0,0,bbr1
0.496,39094,27,27360,30.9,30.3,20.2,71.3,1.9,1093365,2546,0,0,bbr1
0.503,44012,30,28800,30.9,30.4,20.2,71.3,1.6,1093365,2551,0,0,bbr1
0.509,44012,30,30240,30.9,30.7,20.2,71.3,1.2,1093365,2556,0,0,bbr1
0.522,33398,23,25920,31.0,31.1,20.2,71.3,0.8,656019,2561,0,0,bbr1
0.531,39094,27,27360,31.2,32.6,20.2,71.3,1.0,656019,2566,0,0,bbr1
0.537,44012,30,25920,31.5,34.0,20.2,71.3,1.5,656019,2569,0,0,bbr1
0.543,44012,30,24480,32.0,35.6,20.2,71.3,2.2,874692,2572,0,0,bbr1
0.550,44012,30,24480,32.7,37.0,20.2,71.3,2.9,874692,2576,0,0,bbr1
0.557,27702,19,24480,32.6,32.1,20.2,71.3,2.3,874692,2580,0,0,bbr1
0.563,33398,23,23040,32.5,31.8,20.2,71.3,1.9,874692,2583,0,0,bbr1
0.570,39094,27,24480,32.1,29.7,20.2,71.3,2.1,874692,2588,0,0,bbr1
0.576,44012,30,24480,31.8,29.4,20.2,71.3,2.3,874692,2592,0,0,bbr1
0.583,44012,30,24480,31.5,29.5,20.2,71.3,2.3,874692,2596,0,0,bbr1
0.591,27702,19,25920,31.2,29.3,20.2,71.3,2.3,1093365,2601,0,0,bbr1
0.596,33398,23,23040,31.0,29.5,20.2,71.3,2.1,1093365,2603,0,0,bbr1
0.604,37670,26,28800,30.8,29.6,20.2,71.3,1.9,1093365,2610,0,0,bbr1
0.608,43366,30,27360,30.7,29.8,20.2,71.3,1.7,1093365,2613,0,0,bbr1
0.616,44012,30,30240,30.6,30.0,20.2,71.3,1.5,1093365,2619,0,0,bbr1
0.629,33398,23,25920,30.7,30.8,20.2,71.3,0.9,656019,2624,0,0,bbr1
0.637,39094,27,27360,30.9,32.3,20.2,71.3,1.1,656019,2629,0,0,bbr1
0.644,44012,30,25920,31.3,33.8,20.2,71.3,1.6,656019,2632,0,0,bbr1
0.650,44012,30,24480,31.8,35.3,20.2,71.3,2.2,874692,2635,0,0,bbr1
0.657,44012,30,24480,32.4,36.8,20.2,71.3,2.9,874692,2639,0,0,bbr1
0.664,44012,30,24480,32.4,32.2,20.2,71.3,2.2,874692,2643,0,0,bbr1
0.670,27702,19,24480,32.3,31.7,20.2,71.3,1.8,874692,2647,0,0,bbr1
0.676,33398,23,23040,31.9,29.6,20.2,71.3,2.0,874692,2650,0,0,bbr1
0.683,39094,27,24480,31.6,29.4,20.2,71.3,2.2,874692,2655,0,0,bbr1
0.690,44012,30,24480,31.3,29.1,20.2,71.3,2.2,874692,2659,0,0,bbr1
0.698,44012,30,25920,31.1,29.4,20.2,71.3,2.2,874692,2664,0,0,bbr1
0.703,27702,19,24480,30.9,30.0,20.2,71.3,1.9,874692,2667,0,0,bbr1
0.710,33398,23,23040,30.8,30.2,20.2,71.3,1.6,874692,2670,0,0,bbr1
0.718,39094,27,25920,30.8,30.3,20.2,71.3,1.3,874692,2676,0,0,bbr1
0.723,44012,30,24480,30.8,30.5,20.2,71.3,1.1,1093365,2679,0,0,bbr1
0.731,44012,30,27360,30.7,30.3,20.2,71.3,0.9,1093365,2685,0,0,bbr1
0.744,33398,23,23040,30.7,30.6,20.2,71.3,0.6,1093365,2690,0,0,bbr1
0.752,37670,26,28800,30.6,30.6,20.2,71.3,0.4,1093365,2697,0,0,bbr1
0.756,43366,30,27360,30.7,31.0,20.2,71.3,0.4,1093365,2700,0,0,bbr1
0.764,44012,30,30240,31.0,33.0,20.2,71.3,0.9,1093365,2706,0,0,bbr1
0.771,42820,29,31680,31.4,34.5,20.2,71.3,1.5,633906,2711,0,0,bbr1
0.783,32802,22,24535,31.4,32.2,20.2,71.3,1.2,633906,2715,0,0,bbr1
0.789,37074,25,25975,31.7,33.3,20.2,71.3,1.4,845209,2719,0,0,bbr1
0.796,42770,29,25975,32.1,34.9,20.2,71.3,1.8,845209,2723,0,0,bbr1
0.803,42820,29,25975,32.6,36.5,20.2,71.3,2.5,845209,2727,0,0,bbr1
0.808,42820,29,24535,33.2,36.8,20.2,71.3,2.9,845209,2730,0,0,bbr1
0.815,27145,18,24480,32.8,30.5,20.2,71.3,2.8,845209,2734,0,0,bbr1
0.822,32841,22,21600,32.6,31.1,20.2,71.3,2.6,845209,2736,0,0,bbr1
0.829,38537,26,23040,32.4,30.6,20.2,71.3,2.4,845209,2741,0,0,bbr1
0.835,42820,29,23040,32.1,30.6,20.2,71.3,2.3,845209,2745,0,0,bbr1
0.842,42820,29,23040,31.9,30.5,20.2,71.3,2.1,845209,2749,0,0,bbr1
0.849,28530,19,21600,31.3,26.9,20.2,71.3,2.8,1056511,2753,0,0,bbr1
0.857,34226,23,23040,31.0,28.6,20.2,71.3,2.8,1056511,2758,0,0,bbr1
0.864,39922,27,25920,30.7,28.6,20.2,71.3,2.7,1056511,2764,0,0,bbr1
0.871,42820,29,27360,30.4,28.6,20.2,71.3,2.6,1056511,2769,0,0,bbr1
0.878,42820,29,28800,30.2,28.8,20.2,71.3,2.3,1056511,2774,0,0,bbr1
0.885,42820,29,31680,30.1,29.8,20.2,71.3,1.8,1056511,2779,0,0,bbr1
0.896,32802,22,25920,30.5,32.1,20.2,71.3,1.6,633906,2783,0,0,bbr1
0.903,38498,26,25920,30.8,33.4,20.2,71.3,2.0,633906,2787,0,0,bbr1
0.910,42820,29,24480,31.3,34.7,20.2,71.3,2.4,633906,2790,0,0,bbr1
0.917,42820,29,23040,31.9,36.1,20.2,71.3,3.0,845209,2793,0,0,bbr1
0.923,44071,30,23040,32.6,37.4,20.2,71.3,3.6,876150,2797,0,0,bbr1
0.931,27731,19,24480,32.5,32.1,20.2,71.3,2.9,876150,2802,0,0,bbr1
0.937,33427,23,23040,32.4,31.5,20.2,71.3,2.4,876150,2805,0,0,bbr1
0.945,39123,27,24480,32.0,29.1,20.2,71.3,2.6,876150,2810,0,0,bbr1
0.951,44071,30,24480,31.6,29.1,20.2,71.3,2.7,1095187,2814,0,0,bbr1
0.958,44071,30,27360,31.3,29.3,20.2,71.3,2.6,1095187,2820,0,0,bbr1
0.009,3072,2,0,31.2,33.1,20.2,71.3,1.7,1095187,2823,1,1,bbr1
0.007,5760,4,0,31.1,30.5,20.2,71.3,1.4,1095187,2825,1,1,bbr1
0.032,12880,8,0,30.2,23.7,20.2,71.3,2.9,1095187,2830,1,1,bbr1
0.058,20000,13,5760,29.1,21.4,20.2,71.3,4.4,1095187,2839,1,1,bbr1
0.064,25696,17,8640,28.3,22.8,20.2,71.3,4.9,1095187,2845,1,1,bbr1
0.083,32816,22,18720,27.4,21.2,20.2,71.3,5.4,1095187,2857,1,1,bbr1
0.090,37088,25,23040,26.8,22.4,20.2,71.3,5.3,1095187,2863,1,1,bbr1
0.095,41360,28,24480,26.4,23.5,20.2,71.3,4.8,1095187,2867,1,1,bbr1
0.100,44071,30,24480,26.2,25.0,20.2,71.3,4.0,1095187,2871,1,1,bbr1
0.107,44071,30,25920,25.9,23.5,20.2,71.3,3.6,1095187,2876,1,1,bbr1
0.112,44071,30,27360,25.9,25.9,20.2,71.3,2.7,1095187,2880,1,1,bbr1
0.119,44575,30,28800,26.1,27.4,20.2,71.3,2.4,1110763,2885,1,1,bbr1
0.127,44575,30,31680,26.4,28.9,20.2,71.3,2.5,1110763,2891,1,1,bbr1
0.134,44575,30,33120,26.9,30.5,20.2,71.3,2.9,666458,2896,1,1,bbr1
0.140,44575,30,31680,27.6,32.0,20.2,71.3,3.5,666458,2899,1,1,bbr1
0.147,44575,30,30240,28.3,33.4,20.2,71.3,4.1,666458,2902,1,1,bbr1
0.154,44575,30,28800,29.1,35.0,20.2,71.3,4.7,666458,2905,1,1,bbr1
0.160,44575,30,27360,30.1,36.6,20.2,71.3,5.4,666458,2908,1,1,bbr1
0.166,44575,30,25920,31.1,38.2,20.2,71.3,6.1,666458,2911,1,1,bbr1
0.175,44575,30,25920,32.0,38.5,20.2,71.3,6.4,888611,2915,1,1,bbr1
0.181,44575,30,25920,32.6,37.0,20.2,71.3,6.1,888611,2919,1,1,bbr1
0.187,44575,30,25920,32.9,35.1,20.2,71.3,5.2,888611,2923,1,1,bbr1
0.193,44575,30,25920,32.9,32.7,20.2,71.3,4.0,1110763,2927,1,1,bbr1
0.200,44575,30,28800,32.8,31.8,20.2,71.3,3.2,1110763,2932,1,1,bbr1
0.205,44575,30,28800,32.4,30.0,20.2,71.3,3.1,1110763,2936,1,1,bbr1
0.219,33679,23,25975,32.1,31.1,20.2,71.3,2.3,666458,2943,1,1,bbr1
0.227,37951,26,28855,32.0,31.3,20.2,71.3,2.0,666458,2948,1,1,bbr1
0.232,43647,30,25975,32.1,32.9,20.2,71.3,1.7,666458,2950,1,1,bbr1
0.238,44575,30,24535,32.4,34.5,20.2,71.3,1.9,666458,2953,1,1,bbr1
0.244,44575,30,23095,32.9,36.1,20.2,71.3,2.3,888611,2956,1,1,bbr1
0.251,26598,18,24480,33.5,37.7,20.2,71.3,2.9,888611,2960,1,1,bbr1
0.256,30870,21,23040,33.5,33.4,20.2,71.3,2.2,888611,2962,1,1,bbr1
0.261,36566,25,23040,33.2,31.3,20.2,71.3,2.2,888611,2966,1,1,bbr1
0.269,42262,29,24480,32.7,29.5,20.2,71.3,2.6,888611,2971,1,1,bbr1
0.275,44575,30,24480,32.2,28.4,20.2,71.3,3.0,1110763,2975,1,1,bbr1
0.281,44575,30,25920,31.8,29.2,20.2,71.3,3.0,1110763,2980,1,1,bbr1
0.289,44575,30,28800,31.4,28.8,20.2,71.3,3.0,1110763,2986,1,1,bbr1
0.302,33679,23,24480,30.9,29.4,20.2,71.3,2.5,1110763,2991,1,1,bbr1
0.309,39375,27,28800,30.9,30.7,20.2,71.3,2.0,1110763,2998,1,1,bbr1
0.316,44575,30,30240,31.1,32.4,20.2,71.3,1.8,1110763,3003,1,1,bbr1
0.322,44575,30,31680,31.5,34.0,20.2,71.3,2.1,1110763,3008,1,1,bbr1
0.330,44575,30,33120,32.0,35.5,20.2,71.3,2.6,666458,3013,1,1,bbr1
0.342,32255,22,27360,32.3,33.8,20.2,71.3,2.0,666458,3016,1,1,bbr1
0.349,37951,26,27360,32.6,35.3,20.2,71.3,2.3,666458,3020,1,1,bbr1
0.355,43647,30,25920,33.1,36.5,20.2,71.3,2.7,666458,3023,1,1,bbr1
0.361,44575,30,24480,33.8,38.4,20.2,71.3,3.3,888611,3026,1,1,bbr1
0.368,44575,30,24480,34.6,40.1,20.2,71.3,4.1,888611,3030,1,1,bbr1
0.376,44575,30,25920,34.2,31.9,20.2,71.3,3.7,888611,3035,1,1,bbr1
0.381,26559,18,25920,34.0,32.7,20.2,71.3,3.2,1110763,3038,1,1,bbr1
0.386,32255,22,21600,33.6,30.9,20.2,71.3,3.2,1110763,3039,1,1,bbr1
0.394,36527,25,27360,33.2,30.0,20.2,71.3,3.3,1110763,3046,1,1,bbr1
0.399,42223,29,27360,32.8,30.3,20.2,71.3,3.2,1110763,3050,1,1,bbr1
0.406,44575,30,28800,32.5,30.6,20.2,71.3,3.0,1110763,3055,1,1,bbr1
0.412,44575,30,30240,32.4,31.0,20.2,71.3,2.6,1110763,3060,1,1,bbr1
0.425,33679,23,25975,31.9,31.1,20.2,71.3,2.2,666458,3066,1,1,bbr1
0.434,37951,26,28855,31.9,32.3,20.2,71.3,1.8,666458,3071,1,1,bbr1
0.438,43647,30,25975,32.2,33.9,20.2,71.3,1.8,666458,3073,1,1,bbr1
0.445,44575,30,24535,32.6,35.5,20.2,71.3,2.2,666458,3076,1,1,bbr1
0.451,44575,30,23095,33.2,37.1,20.2,71.3,2.8,888611,3079,1,1,bbr1
0.457,44575,30,24535,33.8,38.3,20.2,71.3,3.3,888611,3083,1,1,bbr1
0.464,28022,19,24480,33.7,33.0,20.2,71.3,2.7,1097703,3087,1,1,bbr1
0.469,33718,23,23040,33.4,31.1,20.2,71.3,2.7,1097703,3090,1,1,bbr1
0.477,39414,27,27360,32.8,29.1,20.2,71.3,3.1,1097703,3097,1,1,bbr1
0.484,44152,30,28800,32.3,28.9,20.2,71.3,3.3,1097703,3102,1,1,bbr1
0.491,44152,30,30240,31.9,28.8,20.2,71.3,3.4,1097703,3107,1,1,bbr1
0.497,44152,30,31680,31.7,30.4,20.2,71.3,2.9,1097703,3112,1,1,bbr1
0.510,33468,23,27360,31.8,32.6,20.2,71.3,2.0,658622,3117,1,1,bbr1
0.519,39164,27,28800,32.1,34.2,20.2,71.3,2.1,658622,3122,1,1,bbr1
0.526,44152,30,27360,32.5,35.8,20.2,71.3,2.5,658622,3125,1,1,bbr1
0.532,44152,30,27360,33.0,36.5,20.2,71.3,2.9,658622,3128,1,1,bbr1
0.537,44152,30,24480,33.7,38.4,20.2,71.3,3.5,658622,3130,1,1,bbr1
0.542,44152,30,23040,34.5,40.0,20.2,71.3,4.2,878163,3133,1,1,bbr1
0.549,27772,19,23040,34.5,34.6,20.2,71.3,3.2,878163,3137,1,1,bbr1
0.556,33468,23,23040,34.3,32.6,20.2,71.3,2.8,878163,3141,1,1,bbr1
0.564,39164,27,24480,33.7,30.1,20.2,71.3,3.2,878163,3146,1,1,bbr1
0.570,43786,30,24480,33.1,28.4,20.2,71.3,3.7,1086392,3150,1,1,bbr1
0.576,43786,30,25920,32.5,28.8,20.2,71.3,3.8,1086392,3155,1,1,bbr1
0.583,43786,30,27360,32.1,29.1,20.2,71.3,3.7,1086392,3160,1,1,bbr1
0.596,33285,23,23040,31.4,29.0,20.2,71.3,3.3,1086392,3165,1,1,bbr1
0.604,37557,26,28800,31.3,30.2,20.2,71.3,2.8,1086392,3172,1,1,bbr1
0.608,43253,30,27360,31.3,31.8,20.2,71.3,2.2,1086392,3175,1,1,bbr1
0.616,43786,30,30240,31.6,33.4,20.2,71.3,2.2,1086392,3181,1,1,bbr1
0.623,43786,30,31680,32.0,34.8,20.2,71.3,2.4,1086392,3186,1,1,bbr1
0.631,43786,30,33120,31.8,30.8,20.2,71.3,2.1,651835,3191,1,1,bbr1
0.642,33285,23,25920,32.1,33.8,20.2,71.3,1.8,651835,3194,1,1,bbr1
0.649,38981,27,25920,32.5,35.2,20.2,71.3,2.1,869114,3198,1,1,bbr1
0.657,43786,30,27360,33.0,36.7,20.2,71.3,2.6,869114,3203,1,1,bbr1
0.664,43786,30,27360,33.7,38.1,20.2,71.3,3.2,869114,3207,1,1,bbr1
0.670,43786,30,27360,34.3,38.5,20.2,71.3,3.6,869114,3211,1,1,bbr1
0.677,43786,30,27360,34.0,32.1,20.2,71.3,3.3,869114,3215,1,1,bbr1
0.683,27589,19,27360,33.8,32.7,20.2,71.3,2.8,869114,3219,1,1,bbr1
0.690,33285,23,23040,33.7,32.8,20.2,71.3,2.3,869114,3220,1,1,bbr1
0.696,37557,26,25920,33.6,33.0,20.2,71.3,1.9,869114,3225,1,1,bbr1
0.702,43253,30,24480,33.6,33.2,20.2,71.3,1.6,869114,3228,1,1,bbr1
0.708,43786,30,24480,33.5,33.3,20.2,71.3,1.2,1086392,3232,1,1,bbr1
0.716,43786,30,27360,33.5,33.0,20.2,71.3,1.0,1086392,3238,1,1,bbr1
0.722,43786,30,30240,32.9,28.7,20.2,71.3,2.0,1086392,3243,1,1,bbr1
0.734,33285,23,24480,32.3,30.7,20.2,71.3,2.0,1086392,3247,1,1,bbr1
0.742,38981,27,28800,32.2,31.1,20.2,71.3,1.8,1086392,3254,1,1,bbr1
0.748,43253,30,31680,32.2,32.5,20.2,71.3,1.5,1086392,3259,1,1,bbr1
0.753,43786,30,30240,32.4,34.0,20.2,71.3,1.5,651835,3262,1,1,bbr1
0.760,44153,30,28800,32.8,35.5,20.2,71.3,1.9,658640,3265,1,1,bbr1
0.766,27772,19,27360,32.5,30.4,20.2,71.3,2.0,658640,3268,1,1,bbr1
0.773,33468,23,23040,32.7,33.5,20.2,71.3,1.8,658640,3269,1,1,bbr1
0.781,39164,27,24480,32.9,35.0,20.2,71.3,1.9,878187,3274,1,1,bbr1
0.786,44153,30,23040,33.4,36.5,20.2,71.3,2.3,878187,3277,1,1,bbr1
0.794,44153,30,25920,33.7,35.7,20.2,71.3,2.3,878187,3282,1,1,bbr1
0.799,44153,30,24480,33.6,33.4,20.2,71.3,1.8,878187,3285,1,1,bbr1
0.806,27772,19,24480,33.2,29.9,20.2,71.3,2.3,878187,3289,1,1,bbr1
0.812,33468,23,23040,32.6,28.5,20.2,71.3,2.9,878187,3292,1,1,bbr1
0.819,39164,27,24480,32.1,28.8,20.2,71.3,3.1,878187,3297,1,1,bbr1
0.826,44153,30,25920,31.7,29.0,20.2,71.3,3.1,1097733,3302,1,1,bbr1
0.833,44153,30,27360,31.4,29.2,20.2,71.3,3.0,1097733,3307,1,1,bbr1
0.845,33468,23,23095,31.0,30.1,20.2,71.3,2.3,1097733,3313,1,1,bbr1
0.853,37740,26,28855,30.9,29.8,20.2,71.3,2.0,1097733,3320,1,1,bbr1
0.859,43436,30,28855,30.9,30.8,20.2,71.3,1.5,1097733,3324,1,1,bbr1
0.865,44153,30,30295,31.1,32.4,20.2,71.3,1.5,1097733,3329,1,1,bbr1
0.872,44153,30,31735,31.4,33.9,20.2,71.3,1.9,1097733,3334,1,1,bbr1
0.879,44153,30,34560,31.1,28.8,20.2,71.3,2.0,658640,3339,1,1,bbr1
0.890,33468,23,25920,31.5,33.6,20.2,71.3,1.9,658640,3341,1,1,bbr1
0.898,39164,27,27360,32.0,35.1,20.2,71.3,2.3,878187,3346,1,1,bbr1
0.903,44153,30,25920,32.5,36.7,20.2,71.3,2.9,878187,3349,1,1,bbr1
0.911,44153,30,27360,33.2,38.0,20.2,71.3,3.6,878187,3354,1,1,bbr1
0.918,44153,30,27360,34.0,39.7,20.2,71.3,4.3,1097733,3358,1,1,bbr1
0.924,44153,30,28800,33.8,32.2,20.2,71.3,3.7,1097733,3363,1,1,bbr1
0.937,33468,23,24480,33.5,32.6,20.2,71.3,2.6,1097733,3368,1,1,bbr1
0.945,39164,27,28800,33.4,32.7,20.2,71.3,2.1,1097733,3375,1,1,bbr1
0.952,44153,30,30240,33.3,32.8,20.2,71.3,1.8,1097733,3380,1,1,bbr1
0.958,44153,30,31680,33.5,34.8,20.2,71.3,1.7,1097733,3385,1,1,bbr1
0.966,44153,30,33120,33.9,36.4,20.2,71.3,2.0,658640,3390,1,1,bbr1
0.978,33468,23,25920,33.7,34.0,20.2,71.3,1.5,658640,3393,1,1,bbr1
0.986,39164,27,27360,33.9,35.5,20.2,71.3,1.5,878187,3398,1,1,bbr1
0.993,44153,30,27360,34.3,37.0,20.2,71.3,1.9,878187,3402,1,1,bbr1
0.998,44153,30,27360,34.7,37.8,20.2,71.3,2.3,878187,3405,1,1,bbr1
1.004,44153,30,27360,35.4,39.6,20.2,71.3,2.9,878187,3409,1,1,bbr1
1.011,27772,19,27360,34.9,32.0,20.2,71.3,3.0,878187,3413,1,1,bbr1
1.015,30620,21,25920,34.7,33.2,20.2,71.3,2.7,878187,3414,1,1,bbr1
1.020,36316,25,25920,34.4,32.3,20.2,71.3,2.6,878187,3418,1,1,bbr1
1.027,42012,29,25920,34.1,32.1,20.2,71.3,2.6,878187,3422,1,1,bbr1
1.034,44153,30,25920,34.0,32.8,20.2,71.3,2.3,1097733,3426,1,1,bbr1
1.041,44153,30,28800,33.8,32.5,20.2,71.3,2.1,1097733,3432,1,1,bbr1
1.054,33468,23,24535,33.2,32.3,20.2,71.3,2.1,1097733,3438,1,1,bbr1
1.062,39164,27,28855,33.1,32.4,20.2,71.3,1.7,1097733,3445,1,1,bbr1
1.069,44153,30,30295,33.1,33.4,20.2,71.3,1.4,1097733,3450,1,1,bbr1
1.075,44153,30,31735,33.4,34.9,20.2,71.3,1.5,1097733,3455,1,1,bbr1
1.082,44153,30,33175,33.7,36.4,20.2,71.3,1.9,658640,3460,1,1,bbr1
1.093,30659,21,28800,33.3,33.3,20.2,71.3,1.6,658640,3463,1,1,bbr1
1.098,36355,25,25920,33.5,34.8,20.2,71.3,1.6,658640,3465,1,1,bbr1
1.105,42051,29,25920,33.9,36.2,20.2,71.3,1.9,878187,3469,1,1,bbr1
1.113,44153,30,27360,34.4,37.9,20.2,71.3,2.4,878187,3474,1,1,bbr1
1.119,44153,30,27360,35.0,39.5,20.2,71.3,3.1,878187,3478,1,1,bbr1
1.125,44153,30,27360,35.4,38.3,20.2,71.3,3.1,1097733,3482,1,1,bbr1
1.139,33468,23,24480,34.7,32.7,20.2,71.3,3.0,1094521,3488,1,1,bbr1
1.147,39164,27,28800,34.5,32.7,20.2,71.3,2.7,1094521,3495,1,1,bbr1
1.153,44049,30,30240,34.2,32.7,20.2,71.3,2.5,1094521,3500,1,1,bbr1
1.159,44049,30,25920,34.2,33.8,20.2,71.3,2.0,1094521,3501,1,1,bbr1
1.166,44049,30,28800,34.3,35.2,20.2,71.3,1.7,1094521,3507,1,1,bbr1
1.174,44049,30,31680,34.1,32.5,20.2,71.3,1.8,1094521,3513,1,1,bbr1
1.182,44049,30,33120,34.1,34.0,20.2,71.3,1.4,656712,3518,1,1,bbr1
1.193,33416,23,25920,34.0,32.1,20.2,71.3,1.6,656712,3521,1,1,bbr1
1.201,39112,27,27360,34.1,35.3,20.2,71.3,1.5,875617,3526,1,1,bbr1
1.206,43384,30,27360,34.4,36.5,20.2,71.3,1.7,875617,3529,1,1,bbr1
1.213,44049,30,27360,34.9,37.8,20.2,71.3,2.1,875617,3533,1,1,bbr1
1.219,44049,30,27360,35.4,39.4,20.2,71.3,2.7,875617,3537,1,1,bbr1
1.225,27720,19,27360,35.0,32.1,20.2,71.3,2.9,1094521,3541,1,1,bbr1
1.230,31992,22,24480,34.7,32.8,20.2,71.3,2.7,1094521,3542,1,1,bbr1
1.237,37688,26,27360,34.4,32.5,20.2,71.3,2.6,1094521,3548,1,1,bbr1
1.245,43384,30,30240,34.2,32.7,20.2,71.3,2.4,1094521,3554,1,1,bbr1
1.252,43223,30,31680,34.0,32.4,20.2,71.3,2.3,1068961,3559,1,1,bbr1
1.259,43223,30,33120,33.9,33.0,20.2,71.3,1.9,641376,3564,1,1,bbr1
1.271,33003,22,25920,33.7,33.8,20.2,71.3,1.4,641376,3567,1,1,bbr1
1.278,38699,26,25920,33.9,35.4,20.2,71.3,1.5,855169,3571,1,1,bbr1
0.006,3072,2,0,34.4,32.8,20.2,71.3,2.5,855169,3574,2,2,bbr1
0.008,5760,4,0,33.4,26.7,20.2,71.3,3.8,855169,3576,2,2,bbr1
0.033,5760,4,0,32.1,22.9,20.2,71.3,5.5,855169,3581,2,2,bbr1
0.059,5760,4,1440,30.6,20.3,20.2,71.3,7.1,855169,3586,2,2,bbr1
0.064,5760,4,5760,29.3,20.2,20.2,71.3,7.9,855169,3590,2,2,bbr1
0.084,5760,4,1440,28.4,22.0,20.2,71.3,7.7,855169,3591,2,2,bbr1
0.089,5760,4,5760,28.0,25.3,20.2,71.3,6.6,855169,3595,2,2,bbr1
0.110,5760,4,0,27.1,20.2,20.2,71.3,6.9,855169,3596,2,2,bbr1
0.136,5760,4,1440,26.2,20.4,20.2,71.3,6.8,855169,3601,2,2,bbr1
0.141,5760,4,5760,25.5,20.5,20.2,71.3,6.6,855169,3605,2,2,bbr1
0.161,5760,4,1440,24.9,20.4,20.2,71.3,6.2,855169,3606,2,2,bbr1
0.167,5760,4,5760,24.3,20.5,20.2,71.3,5.8,855169,3610,2,2,bbr1
0.187,11456,7,1440,23.8,20.4,20.2,71.3,5.3,855169,3611,2,2,bbr1
0.192,12880,8,5760,24.0,25.3,20.2,71.3,4.4,855169,3615,2,2,bbr1
0.213,20000,13,5760,23.5,20.2,20.2,71.3,4.2,855169,3620,2,2,bbr1
0.219,24272,16,8640,23.1,20.3,20.2,71.3,4.0,855169,3625,2,2,bbr1
0.225,25696,17,11520,22.8,20.2,20.2,71.3,3.7,855169,3628,2,2,bbr1
0.238,31392,21,17280,22.4,20.2,20.2,71.3,3.4,842520,3636,2,2,bbr1
0.245,37088,25,17280,22.2,20.4,20.2,71.3,3.1,842520,3640,2,2,bbr1
0.250,42639,29,15840,22.0,20.6,20.2,71.3,2.7,842520,3643,2,2,bbr1
0.257,42639,29,15840,21.8,20.2,20.2,71.3,2.5,842520,3647,2,2,bbr1
0.263,42639,29,15840,21.6,20.3,20.2,71.3,2.2,1053150,3651,2,2,bbr1
0.271,42639,29,20160,21.4,20.2,20.2,71.3,2.0,1053150,3657,2,2,bbr1
0.275,42639,29,18720,21.3,20.3,20.2,71.3,1.8,1053150,3660,2,2,bbr1
0.282,42639,29,20160,21.2,20.5,20.2,71.3,1.5,1053150,3665,2,2,bbr1
0.289,42638,29,21600,21.2,21.3,20.2,71.3,1.2,1053137,3670,2,2,bbr1
0.296,45002,31,23040,21.4,22.6,20.2,71.3,1.2,1126358,3675,2,2,bbr1
0.302,45002,31,24480,21.7,23.9,20.2,71.3,1.6,1126358,3680,2,2,bbr1
0.310,45002,31,27360,22.1,25.2,20.2,71.3,2.1,1126358,3686,2,2,bbr1
0.317,45002,31,30240,22.6,26.2,20.2,71.3,2.6,1126358,3691,2,2,bbr1
0.322,45002,31,30240,23.2,27.5,20.2,71.3,3.1,1126358,3695,2,2,bbr1
0.328,45002,31,31680,23.9,28.8,20.2,71.3,3.7,1126358,3700,2,2,bbr1
0.336,45002,31,34560,24.8,30.7,20.2,71.3,4.5,675815,3706,2,2,bbr1
0.343,45002,31,33120,25.7,32.4,20.2,71.3,5.3,675815,3709,2,2,bbr1
0.349,45002,31,31680,26.8,34.0,20.2,71.3,6.0,675815,3712,2,2,bbr1
0.356,45002,31,30240,27.9,35.6,20.2,71.3,6.7,675815,3715,2,2,bbr1
0.362,45002,31,30240,29.0,36.7,20.2,71.3,7.2,675815,3718,2,2,bbr1
0.369,45002,31,28800,30.2,38.6,20.2,71.3,7.8,675815,3721,2,2,bbr1
0.375,45002,31,27360,31.4,40.3,20.2,71.3,8.4,675815,3724,2,2,bbr1
0.381,45002,31,25920,32.4,39.4,20.2,71.3,8.3,675815,3727,2,2,bbr1
0.387,45002,31,24480,33.1,37.7,20.2,71.3,7.5,901087,3730,2,2,bbr1
0.394,45002,31,25920,33.5,36.1,20.2,71.3,6.4,901087,3734,2,2,bbr1
0.400,45002,31,25920,33.6,34.6,20.2,71.3,5.1,901087,3738,2,2,bbr1
0.407,45002,31,25920,33.5,32.5,20.2,71.3,4.1,901087,3742,2,2,bbr1
0.412,28197,19,25920,33.2,31.1,20.2,71.3,3.7,901087,3746,2,2,bbr1
0.419,33893,23,23040,32.8,29.9,20.2,71.3,3.6,901087,3748,2,2,bbr1
0.426,39589,27,24480,32.5,31.0,20.2,71.3,3.1,901087,3753,2,2,bbr1
0.434,45002,31,25920,32.4,31.2,20.2,71.3,2.7,901087,3758,2,2,bbr1
0.440,45002,31,25920,32.3,31.5,20.2,71.3,2.2,901087,3762,2,2,bbr1
0.446,28197,19,25920,32.1,31.4,20.2,71.3,1.9,1126358,3766,2,2,bbr1
0.453,33893,23,23040,31.9,30.4,20.2,71.3,1.9,1126358,3768,2,2,bbr1
0.461,39589,27,27360,31.8,30.9,20.2,71.3,1.6,1126358,3775,2,2,bbr1
0.467,45002,31,28800,31.7,31.3,20.2,71.3,1.3,1126358,3780,2,2,bbr1
0.473,45002,31,30240,31.7,31.6,20.2,71.3,1.0,1126358,3785,2,2,bbr1
0.487,33893,23,27360,31.8,31.3,20.2,71.3,0.9,675815,3791,2,2,bbr1
0.496,39589,27,28800,31.9,32.8,20.2,71.3,0.9,675815,3796,2,2,bbr1
0.502,45002,31,27360,32.2,34.6,20.2,71.3,1.4,675815,3799,2,2,bbr1
0.508,45002,31,25920,32.7,36.3,20.2,71.3,2.0,675815,3802,2,2,bbr1
0.514,45002,31,24480,33.4,38.1,20.2,71.3,2.9,901087,3805,2,2,bbr1
0.522,45002,31,25920,33.5,33.8,20.2,71.3,2.2,901087,3810,2,2,bbr1
0.527,26773,18,25920,33.6,34.5,20.2,71.3,1.9,901087,3813,2,2,bbr1
0.532,32469,22,21600,33.4,32.4,20.2,71.3,1.8,901087,3814,2,2,bbr1
0.539,38165,26,23040,33.1,31.1,20.2,71.3,1.9,901087,3819,2,2,bbr1
0.547,43861,30,24480,32.7,29.9,20.2,71.3,2.2,901087,3824,2,2,bbr1
0.553,45002,31,24480,32.5,30.8,20.2,71.3,2.2,901087,3828,2,2,bbr1
0.560,28197,19,24480,31.8,27.0,20.2,71.3,3.0,901087,3832,2,2,bbr1
0.565,32469,22,24480,31.4,28.8,20.2,71.3,3.0,901087,3835,2,2,bbr1
0.571,38165,26,24480,31.1,28.8,20.2,71.3,2.9,901087,3839,2,2,bbr1
0.579,43861,30,25920,30.9,29.6,20.2,71.3,2.6,901087,3844,2,2,bbr1
0.585,45002,31,25920,30.7,29.5,20.2,71.3,2.3,1126358,3848,2,2,bbr1
0.599,33893,23,23040,30.6,30.4,20.2,71.3,1.5,1126358,3854,2,2,bbr1
0.606,39589,27,27360,30.7,31.2,20.2,71.3,1.3,1126358,3861,2,2,bbr1
0.613,45002,31,28800,30.7,31.3,20.2,71.3,1.1,1126358,3866,2,2,bbr1
0.619,45002,31,30240,31.0,32.6,20.2,71.3,1.3,1126358,3871,2,2,bbr1
0.626,45002,31,31680,31.4,34.2,20.2,71.3,1.8,1126358,3876,2,2,bbr1
0.634,45002,31,34560,31.3,31.1,20.2,71.3,1.4,675815,3882,2,2,bbr1
0.646,33893,23,27360,31.9,34.4,20.2,71.3,1.8,657146,3885,2,2,bbr1
0.655,39589,27,28800,32.4,36.1,20.2,71.3,2.4,657146,3890,2,2,bbr1
0.662,43997,30,27360,33.1,37.7,20.2,71.3,3.1,657146,3893,2,2,bbr1
0.668,43997,30,25920,33.9,39.4,20.2,71.3,3.9,657146,3896,2,2,bbr1
0.674,43997,30,24480,34.7,41.0,20.2,71.3,4.7,876195,3899,2,2,bbr1
0.681,27694,19,24480,34.6,33.8,20.2,71.3,3.8,844702,3903,2,2,bbr1
0.686,31966,22,24480,34.6,34.5,20.2,71.3,2.9,844702,3906,2,2,bbr1
0.693,37662,26,24480,34.4,32.5,20.2,71.3,2.7,844702,3910,2,2,bbr1
0.699,42727,29,24480,33.8,30.1,20.2,71.3,3.1,844702,3914,2,2,bbr1
0.706,42727,29,24480,33.3,29.6,20.2,71.3,3.4,844702,3918,2,2,bbr1
0.713,42727,29,24480,32.8,29.7,20.2,71.3,3.4,844702,3922,2,2,bbr1
0.720,27059,18,24480,32.4,29.3,20.2,71.3,3.4,1055877,3926,2,2,bbr1
0.726,32755,22,21600,32.0,29.1,20.2,71.3,3.4,1055877,3928,2,2,bbr1
0.732,38451,26,24480,31.6,29.1,20.2,71.3,3.3,1055877,3934,2,2,bbr1
0.739,42723,29,27360,31.4,29.5,20.2,71.3,3.0,1055877,3939,2,2,bbr1
0.745,42727,29,27360,31.0,28.9,20.2,71.3,2.9,1055877,3943,2,2,bbr1
0.758,32755,22,23040,30.7,29.4,20.2,71.3,2.2,1055877,3948,2,2,bbr1
0.765,37027,25,27360,30.7,30.3,20.2,71.3,1.7,1055877,3954,2,2,bbr1
0.770,42723,29,27360,30.8,31.7,20.2,71.3,1.6,1055877,3958,2,2,bbr1
0.777,44061,30,28800,31.1,33.0,20.2,71.3,1.7,1097203,3963,2,2,bbr1
0.783,44061,30,30240,31.5,34.3,20.2,71.3,2.1,1097203,3968,2,2,bbr1
0.791,44061,30,33120,31.4,30.8,20.2,71.3,1.7,1097203,3974,2,2,bbr1
0.799,44304,30,34560,31.5,32.1,20.2,71.3,1.5,662838,3979,2,2,bbr1
0.810,33544,23,27360,32.1,34.7,20.2,71.3,1.9,662838,3982,2,2,bbr1
0.817,39240,27,27360,32.6,36.2,20.2,71.3,2.5,662838,3986,2,2,bbr1
0.826,44304,30,27360,33.2,37.8,20.2,71.3,3.1,662838,3990,2,2,bbr1
0.833,44304,30,25920,34.0,39.2,20.2,71.3,3.9,662838,3993,2,2,bbr1
0.838,44304,30,24480,34.9,40.9,20.2,71.3,4.6,883785,3996,2,2,bbr1
0.845,27848,19,24480,34.7,33.6,20.2,71.3,3.8,883785,4000,2,2,bbr1
0.849,32120,22,24480,34.6,34.2,20.2,71.3,2.9,883785,4003,2,2,bbr1
0.856,37816,26,24480,34.4,32.5,20.2,71.3,2.7,883785,4007,2,2,bbr1
0.864,43512,30,25920,33.8,30.1,20.2,71.3,3.1,883785,4012,2,2,bbr1
0.869,44304,30,24480,33.3,29.7,20.2,71.3,3.4,1104731,4015,2,2,bbr1
0.877,44304,30,27360,32.9,29.9,20.2,71.3,3.4,1104731,4021,2,2,bbr1
0.890,33544,23,23040,32.3,30.5,20.2,71.3,2.9,1104731,4026,2,2,bbr1
0.898,39240,27,27360,32.0,30.2,20.2,71.3,2.7,1104731,4033,2,2,bbr1
0.904,44304,30,28800,32.0,32.0,20.2,71.3,2.0,1104731,4038,2,2,bbr1
0.911,44304,30,30240,32.2,33.6,20.2,71.3,1.9,1104731,4043,2,2,bbr1
0.917,44304,30,31680,32.6,35.1,20.2,71.3,2.2,1104731,4048,2,2,bbr1
0.925,44304,30,33120,32.4,31.2,20.2,71.3,2.0,662838,4053,2,2,bbr1
0.937,33544,23,25920,32.7,34.4,20.2,71.3,1.7,662838,4056,2,2,bbr1
0.946,39240,27,27360,33.1,35.9,20.2,71.3,2.0,883785,4061,2,2,bbr1
0.952,44304,30,27360,33.6,37.3,20.2,71.3,2.6,883785,4065,2,2,bbr1
0.959,44304,30,27360,34.3,38.9,20.2,71.3,3.3,883785,4069,2,2,bbr1
0.965,44304,30,27360,34.9,39.5,20.2,71.3,3.7,1104731,4073,2,2,bbr1
0.978,33544,23,23040,34.3,32.3,20.2,71.3,3.2,1104731,4078,2,2,bbr1
0.986,39240,27,27360,34.1,32.6,20.2,71.3,2.8,1104731,4085,2,2,bbr1
0.993,44304,30,28800,33.9,32.8,20.2,71.3,2.5,1104731,4090,2,2,bbr1
0.999,44304,30,30240,33.9,33.4,20.2,71.3,2.0,1104731,4095,2,2,bbr1
1.005,44304,30,31680,34.0,35.0,20.2,71.3,1.8,1104731,4100,2,2,bbr1
1.013,44304,30,33120,33.6,31.2,20.2,71.3,2.0,662838,4105,2,2,bbr1
1.025,33544,23,25920,33.6,34.3,20.2,71.3,1.5,662838,4108,2,2,bbr1
1.034,39240,27,27360,33.9,35.9,20.2,71.3,1.7,883785,4113,2,2,bbr1
1.039,44304,30,25920,34.3,37.2,20.2,71.3,2.1,883785,4116,2,2,bbr1
1.047,44304,30,27360,34.9,39.0,20.2,71.3,2.7,883785,4121,2,2,bbr1
1.053,44304,30,27360,35.5,39.5,20.2,71.3,3.2,883785,4125,2,2,bbr1
1.059,27848,19,27360,35.1,32.1,20.2,71.3,3.2,1104731,4129,2,2,bbr1
1.066,33544,23,23040,34.7,32.4,20.2,71.3,3.1,1104731,4130,2,2,bbr1
1.074,39240,27,27360,34.5,32.7,20.2,71.3,2.8,1104731,4137,2,2,bbr1
1.081,44304,30,28800,34.3,32.8,20.2,71.3,2.5,1104731,4142,2,2,bbr1
1.087,44304,30,30240,34.1,32.9,20.2,71.3,2.3,1104731,4147,2,2,bbr1
1.093,44304,30,31680,34.0,33.8,20.2,71.3,1.8,1104731,4152,2,2,bbr1
1.107,33544,23,27360,33.6,32.8,20.2,71.3,1.8,662838,4157,2,2,bbr1
1.115,39240,27,28800,33.7,34.3,20.2,71.3,1.5,662838,4162,2,2,bbr1
1.122,44304,30,27360,33.9,35.9,20.2,71.3,1.7,662838,4165,2,2,bbr1
1.129,44304,30,25920,34.3,37.2,20.2,71.3,2.1,662838,4168,2,2,bbr1
1.135,44304,30,24480,34.9,38.9,20.2,71.3,2.7,883785,4171,2,2,bbr1
1.141,29272,20,23040,34.8,33.7,20.2,71.3,2.3,1104731,4175,2,2,bbr1
1.149,34968,24,24480,34.6,33.4,20.2,71.3,2.1,1104731,4180,2,2,bbr1
1.157,40664,28,28800,34.1,31.0,20.2,71.3,2.4,1104731,4187,2,2,bbr1
1.164,44278,30,30240,33.6,29.6,20.2,71.3,3.0,1103923,4192,2,2,bbr1
1.170,44278,30,31680,33.1,29.9,20.2,71.3,3.2,1103923,4197,2,2,bbr1
1.183,33531,23,27360,32.9,32.5,20.2,71.3,2.2,662354,4202,2,2,bbr1
1.192,39227,27,28800,33.0,34.0,20.2,71.3,1.9,662354,4207,2,2,bbr1
1.199,44278,30,27360,33.3,35.6,20.2,71.3,2.1,662354,4210,2,2,bbr1
1.205,44278,30,25920,33.8,37.2,20.2,71.3,2.6,662354,4213,2,2,bbr1
1.211,44278,30,24480,34.4,38.4,20.2,71.3,3.1,883139,4216,2,2,bbr1
1.217,27835,19,24480,34.3,33.8,20.2,71.3,2.4,883139,4220,2,2,bbr1
1.222,32107,22,24480,34.3,34.5,20.2,71.3,1.9,883139,4223,2,2,bbr1
1.231,36379,25,27360,34.2,33.0,20.2,71.3,1.7,883139,4228,2,2,bbr1
1.234,42075,29,24480,33.7,30.7,20.2,71.3,2.2,883139,4230,2,2,bbr1
0.006,39165,27,0,30.5,20.2,20.2,71.3,4.7,1103923,4233,2,2,bbr1
0.008,41742,28,0,30.1,27.3,20.2,71.3,4.3,1103923,4235,2,2,bbr1
0.035,44278,30,25920,29.3,23.8,20.2,71.3,4.8,1103923,4258,2,2,bbr1
0.041,44278,30,27360,28.8,25.3,20.2,71.3,4.6,1103923,4263,2,2,bbr1
0.048,44278,30,28800,28.6,26.9,20.2,71.3,4.0,1103923,4268,2,2,bbr1
0.054,44278,30,30240,28.6,28.4,20.2,71.3,3.0,1103923,4273,2,2,bbr1
0.061,44278,30,31680,28.7,30.0,20.2,71.3,2.6,1103923,4278,2,2,bbr1
0.069,44278,30,34560,29.1,31.4,20.2,71.3,2.6,662354,4284,2,2,bbr1
0.076,44278,30,33120,29.5,32.7,20.2,71.3,2.9,662354,4287,2,2,bbr1
0.082,44278,30,31680,30.2,34.8,20.2,71.3,3.5,662354,4290,2,2,bbr1
0.089,44278,30,30240,30.9,36.2,20.2,71.3,4.1,662354,4293,2,2,bbr1
0.096,44278,30,28800,31.8,37.7,20.2,71.3,4.8,662354,4296,2,2,bbr1
0.102,44278,30,27360,32.7,39.3,20.2,71.3,5.5,662354,4299,2,2,bbr1
0.108,44278,30,25920,33.7,40.8,20.2,71.3,6.1,662354,4302,2,2,bbr1
0.115,44278,30,24480,34.3,38.6,20.2,71.3,5.8,883139,4305,2,2,bbr1
0.123,44278,30,25920,34.7,37.0,20.2,71.3,5.0,883139,4310,2,2,bbr1
0.129,44278,30,25920,34.7,35.1,20.2,71.3,3.9,883139,4314,2,2,bbr1
0.136,44278,30,25920,34.5,32.7,20.2,71.3,3.4,883139,4318,2,2,bbr1
0.142,27835,19,25920,34.1,31.3,20.2,71.3,3.4,883139,4322,2,2,bbr1
0.149,33531,23,23040,33.6,30.5,20.2,71.3,3.4,883139,4324,2,2,bbr1
0.157,39227,27,25920,33.3,31.2,20.2,71.3,3.2,883139,4330,2,2,bbr1
0.162,44278,30,24480,33.1,31.5,20.2,71.3,2.8,1103923,4333,2,2,bbr1
0.169,44278,30,27360,32.9,31.2,20.2,71.3,2.6,1103923,4339,2,2,bbr1
0.176,44278,30,28800,32.7,31.4,20.2,71.3,2.3,1103923,4344,2,2,bbr1
0.189,33531,23,25975,32.1,30.3,20.2,71.3,2.2,662354,4351,2,2,bbr1
0.198,39227,27,27415,32.1,32.0,20.2,71.3,1.7,662354,4356,2,2,bbr1
0.205,44278,30,25975,32.3,33.6,20.2,71.3,1.6,662354,4359,2,2,bbr1
0.211,44278,30,24535,32.7,35.1,20.2,71.3,1.9,883139,4362,2,2,bbr1
0.217,44278,30,24535,33.2,36.7,20.2,71.3,2.5,883139,4366,2,2,bbr1
0.224,27874,19,24480,33.0,32.2,20.2,71.3,2.1,883139,4370,2,2,bbr1
0.230,33570,23,23040,32.9,32.0,20.2,71.3,1.8,883139,4373,2,2,bbr1
0.238,39266,27,25920,32.5,29.7,20.2,71.3,2.2,883139,4379,2,2,bbr1
0.244,44278,30,24480,32.1,29.2,20.2,71.3,2.5,1103923,4382,2,2,bbr1
0.251,44278,30,27360,31.8,29.5,20.2,71.3,2.5,1103923,4388,2,2,bbr1
0.264,33531,23,23040,31.4,30.5,20.2,71.3,2.0,1103923,4393,2,2,bbr1
0.272,39227,27,27360,31.3,30.2,20.2,71.3,1.8,1103923,4400,2,2,bbr1
0.279,44278,30,28800,31.4,32.0,20.2,71.3,1.5,1103923,4405,2,2,bbr1
0.285,44278,30,30240,31.6,33.5,20.2,71.3,1.7,1103923,4411,2,2,bbr1
0.291,44278,30,31680,32.1,35.1,20.2,71.3,2.1,1103923,4416,2,2,bbr1
0.299,44278,30,33120,32.0,31.1,20.2,71.3,1.8,662354,4421,2,2,bbr1
0.306,44278,30,31680,32.0,32.7,20.2,71.3,1.5,662354,4424,2,2,bbr1
0.318,32107,22,25920,32.7,35.5,20.2,71.3,2.1,662354,4427,2,2,bbr1
0.324,37803,26,25920,33.2,36.7,20.2,71.3,2.6,883139,4431,2,2,bbr1
0.331,43499,30,25920,33.9,38.5,20.2,71.3,3.2,883139,4435,2,2,bbr1
0.337,44278,30,25920,34.7,40.1,20.2,71.3,4.0,883139,4439,2,2,bbr1
0.344,42693,29,25920,35.0,37.7,20.2,71.3,3.8,1054840,4443,2,2,bbr1
0.357,32738,22,21600,34.0,31.2,20.2,71.3,3.8,1054840,4448,2,2,bbr1
0.364,38434,26,24480,33.7,31.4,20.2,71.3,3.5,1054840,4454,2,2,bbr1
0.371,42693,29,25920,33.4,31.2,20.2,71.3,3.3,1054840,4459,2,2,bbr1
0.378,42693,29,27360,33.3,32.5,20.2,71.3,2.7,1054840,4464,2,2,bbr1
0.384,42693,29,28800,32.5,27.0,20.2,71.3,3.6,1054840,4469,2,2,bbr1
0.390,42693,29,30240,32.1,29.3,20.2,71.3,3.5,1054840,4473,2,2,bbr1
0.398,42693,29,31680,31.9,30.7,20.2,71.3,3.0,632904,4478,2,2,bbr1
0.410,32738,22,24480,32.1,33.3,20.2,71.3,2.0,632904,4481,2,2,bbr1
0.416,38434,26,24480,32.4,34.6,20.2,71.3,2.1,843872,4485,2,2,bbr1
0.423,42693,29,25920,32.8,35.6,20.2,71.3,2.4,843872,4489,2,2,bbr1
0.430,42693,29,25920,33.3,37.0,20.2,71.3,2.8,843872,4493,2,2,bbr1
0.435,42693,29,25920,33.9,37.9,20.2,71.3,3.3,843872,4496,2,2,bbr1
0.441,27042,18,25920,33.5,30.4,20.2,71.3,3.3,1054840,4500,2,2,bbr1
0.445,31314,21,23040,33.1,30.9,20.2,71.3,3.1,1054840,4501,2,2,bbr1
0.452,37010,25,25920,32.9,30.8,20.2,71.3,2.9,1054840,4507,2,2,bbr1
0.459,41282,28,28800,32.5,30.4,20.2,71.3,2.8,1054840,4512,2,2,bbr1
0.465,42693,29,30240,32.3,30.3,20.2,71.3,2.7,1054840,4516,2,2,bbr1
0.471,42693,29,30240,32.0,30.2,20.2,71.3,2.5,632904,4520,2,2,bbr1
0.478,42693,29,28800,31.6,28.6,20.2,71.3,2.7,632904,4523,2,2,bbr1
0.489,32738,22,21600,31.7,32.9,20.2,71.3,1.9,632700,4526,2,2,bbr1
0.496,38434,26,21600,32.1,34.2,20.2,71.3,2.0,877622,4530,2,2,bbr1
0.504,42706,29,24480,32.4,35.0,20.2,71.3,2.3,877622,4535,2,2,bbr1
0.509,44055,30,23040,32.7,34.5,20.2,71.3,2.2,877622,4538,2,2,bbr1
0.516,44055,30,23040,32.6,32.3,20.2,71.3,1.8,877622,4542,2,2,bbr1
0.521,26299,18,24480,32.1,28.1,20.2,71.3,2.5,1097027,4546,2,2,bbr1
0.527,31995,22,21600,31.4,27.1,20.2,71.3,3.1,1097027,4548,2,2,bbr1
0.534,37691,26,25920,31.0,27.8,20.2,71.3,3.2,1097027,4555,2,2,bbr1
0.541,43387,30,27360,30.6,27.6,20.2,71.3,3.3,1097027,4560,2,2,bbr1
0.548,44055,30,28800,30.2,27.7,20.2,71.3,3.1,1097027,4565,2,2,bbr1
0.559,31995,22,25920,29.8,29.4,20.2,71.3,2.5,1097027,4570,2,2,bbr1
0.566,37691,26,27360,29.9,31.0,20.2,71.3,2.2,1097027,4575,2,2,bbr1
0.573,43387,30,31680,30.2,32.5,20.2,71.3,2.3,1097027,4582,2,2,bbr1
0.581,44055,30,33120,30.7,34.1,20.2,71.3,2.7,658216,4587,2,2,bbr1
0.588,44055,30,33120,31.2,35.0,20.2,71.3,3.1,658216,4590,2,2,bbr1
0.592,44055,30,30240,31.3,32.0,20.2,71.3,2.5,658216,4592,2,2,bbr1
0.603,31995,22,23095,32.2,35.8,20.2,71.3,3.0,658216,4595,2,2,bbr1
0.610,37691,26,23095,32.9,37.3,20.2,71.3,3.5,877622,4599,2,2,bbr1
0.617,43387,30,24535,33.6,38.9,20.2,71.3,4.2,877622,4604,2,2,bbr1
0.624,44055,30,24535,34.1,37.6,20.2,71.3,4.1,877622,4608,2,2,bbr1
0.630,44055,30,24535,34.3,35.8,20.2,71.3,3.5,1097027,4612,2,2,bbr1
0.638,27762,19,27360,33.7,29.3,20.2,71.3,3.9,1097027,4618,2,2,bbr1
0.644,33458,23,23040,33.1,29.2,20.2,71.3,4.0,1097027,4619,2,2,bbr1
0.651,39154,27,27360,32.7,29.5,20.2,71.3,3.9,1097027,4626,2,2,bbr1
0.658,44055,30,28800,32.4,30.2,20.2,71.3,3.6,1097027,4631,2,2,bbr1
0.665,44055,30,30240,32.2,31.3,20.2,71.3,2.9,1097027,4636,2,2,bbr1
0.671,44055,30,31680,32.3,32.7,20.2,71.3,2.3,1097027,4641,2,2,bbr1
0.679,44055,30,33120,32.2,31.1,20.2,71.3,2.0,658216,4646,2,2,bbr1
0.691,33419,23,25920,32.5,34.1,20.2,71.3,1.7,658216,4649,2,2,bbr1
0.699,39115,27,27360,32.9,35.6,20.2,71.3,2.1,877622,4654,2,2,bbr1
0.704,44055,30,25920,33.4,37.2,20.2,71.3,2.6,877622,4657,2,2,bbr1
0.712,44055,30,27360,34.1,38.7,20.2,71.3,3.3,877622,4662,2,2,bbr1
0.719,44055,30,27360,34.7,39.4,20.2,71.3,3.8,877622,4666,2,2,bbr1
0.725,27723,19,27360,34.4,32.2,20.2,71.3,3.5,1097027,4670,2,2,bbr1
0.732,33419,23,23040,34.2,32.4,20.2,71.3,3.1,1097027,4671,2,2,bbr1
0.739,39115,27,27360,34.0,32.6,20.2,71.3,2.7,1097027,4678,2,2,bbr1
0.746,44055,30,28800,33.8,32.7,20.2,71.3,2.4,1097027,4683,2,2,bbr1
0.753,44055,30,30240,33.7,32.8,20.2,71.3,2.0,1097027,4688,2,2,bbr1
0.766,33419,23,25975,33.4,31.2,20.2,71.3,1.8,658216,4694,2,2,bbr1
0.774,39115,27,27415,33.3,32.8,20.2,71.3,1.5,658216,4699,2,2,bbr1
0.781,44055,30,25975,33.4,34.4,20.2,71.3,1.4,658216,4702,2,2,bbr1
0.787,44055,30,24535,33.7,35.7,20.2,71.3,1.6,877622,4705,2,2,bbr1
0.794,44055,30,24535,34.1,37.2,20.2,71.3,2.1,877622,4709,2,2,bbr1
0.800,27762,19,24480,33.9,32.2,20.2,71.3,2.0,1097027,4713,2,2,bbr1
0.806,33458,23,23040,33.6,31.7,20.2,71.3,2.1,1097027,4716,2,2,bbr1
0.813,39154,27,25920,33.1,29.5,20.2,71.3,2.6,1097027,4722,2,2,bbr1
0.821,44055,30,28800,32.7,29.5,20.2,71.3,2.8,1097027,4728,2,2,bbr1
0.828,44055,30,30240,32.2,29.2,20.2,71.3,3.0,1097027,4733,2,2,bbr1
0.840,33419,23,25920,31.9,31.0,20.2,71.3,2.2,633245,4738,2,2,bbr1
0.847,39115,27,25920,32.0,32.5,20.2,71.3,1.8,633245,4742,2,2,bbr1
0.854,42711,29,24480,32.2,34.0,20.2,71.3,1.8,633245,4745,2,2,bbr1
0.860,42711,29,23040,32.7,35.5,20.2,71.3,2.2,844327,4748,2,2,bbr1
0.867,42711,29,23040,33.2,37.0,20.2,71.3,2.7,844327,4752,2,2,bbr1
0.874,27051,18,23040,33.1,32.0,20.2,71.3,2.4,1055408,4756,2,2,bbr1
0.881,31323,21,23040,32.9,32.1,20.2,71.3,2.0,1055408,4759,2,2,bbr1
0.886,37019,25,24480,32.5,29.6,20.2,71.3,2.3,1055408,4764,2,2,bbr1
0.893,42711,29,25920,32.0,28.7,20.2,71.3,2.7,1055408,4769,2,2,bbr1
0.900,42711,29,27360,31.6,28.6,20.2,71.3,2.9,1055408,4774,2,2,bbr1
0.913,32747,22,23040,31.1,29.3,20.2,71.3,2.5,1055408,4779,2,2,bbr1
0.920,37019,25,27360,31.0,30.3,20.2,71.3,2.1,1055408,4785,2,2,bbr1
0.925,42711,29,27360,31.1,31.6,20.2,71.3,1.7,1055408,4789,2,2,bbr1
0.933,42711,29,28800,31.3,32.9,20.2,71.3,1.7,1055408,4794,2,2,bbr1
0.939,42711,29,31680,31.6,33.7,20.2,71.3,1.9,1055408,4799,2,2,bbr1
0.946,42711,29,31680,31.2,28.7,20.2,71.3,2.2,633245,4803,2,2,bbr1
0.957,31323,21,25920,31.5,32.7,20.2,71.3,1.6,633245,4806,2,2,bbr1
0.964,37019,25,25920,31.8,34.0,20.2,71.3,1.9,633245,4810,2,2,bbr1
0.971,42711,29,24480,32.1,34.4,20.2,71.3,2.0,633245,4813,2,2,bbr1
0.977,44101,30,23040,32.6,36.1,20.2,71.3,2.5,878752,4816,2,2,bbr1
0.983,44101,30,23040,33.1,36.8,20.2,71.3,2.9,878752,4820,2,2,bbr1
0.989,27746,19,23040,32.8,30.5,20.2,71.3,2.9,1098440,4824,2,2,bbr1
0.996,33442,23,23040,32.4,29.6,20.2,71.3,2.9,1098440,4828,2,2,bbr1
1.003,39138,27,25920,31.8,27.3,20.2,71.3,3.5,1098440,4834,2,2,bbr1
1.010,44101,30,28800,31.2,27.2,20.2,71.3,3.7,1098440,4840,2,2,bbr1
1.017,44101,30,30240,30.8,28.0,20.2,71.3,3.6,1098440,4845,2,2,bbr1
1.030,33442,23,25975,30.7,31.0,20.2,71.3,2.4,659064,4851,2,2,bbr1
1.039,39138,27,27415,30.9,32.5,20.2,71.3,2.3,659064,4856,2,2,bbr1
1.045,44101,30,25975,31.3,34.1,20.2,71.3,2.5,659064,4859,2,2,bbr1
1.051,44101,30,24535,31.8,35.6,20.2,71.3,2.9,878752,4862,2,2,bbr1
1.058,44101,30,25975,32.4,36.6,20.2,71.3,3.4,878752,4866,2,2,bbr1
1.063,26361,18,25920,33.1,37.8,20.2,71.3,3.9,878752,4869,2,2,bbr1
1.067,30633,21,23040,33.2,33.5,20.2,71.3,3.0,878752,4870,2,2,bbr1
1.072,36329,25,23040,32.9,31.4,20.2,71.3,2.7,878752,4874,2,2,bbr1
1.079,42025,29,23040,32.5,29.3,20.2,71.3,2.9,878752,4878,2,2,bbr1
1.087,44101,30,25920,32.1,29.5,20.2,71.3,2.9,1098440,4883,2,2,bbr1
1.092,44101,30,25920,31.8,29.5,20.2,71.3,2.9,1098440,4887,2,2,bbr1
1.099,27746,19,27360,31.4,28.4,20.2,71.3,3.0,1098440,4892,2,2,bbr1
1.104,33442,23,23040,31.0,28.6,20.2,71.3,3.0,1098440,4893,2,2,bbr1
1.112,39138,27,27360,30.7,28.8,20.2,71.3,2.8,1098440,4900,2,2,bbr1
1.119,44101,30,28800,30.6,30.0,20.2,71.3,2.3,1098440,4905,2,2,bbr1
1.126,44101,30,30240,30.8,31.6,20.2,71.3,1.9,1098440,4910,2,2,bbr1
1.132,44101,30,31680,31.0,32.7,20.2,71.3,1.9,1098440,4915,2,2,bbr1
1.139,44101,30,33120,31.0,31.1,20.2,71.3,1.5,659064,4920,2,2,bbr1
1.152,32018,22,27360,31.5,33.8,20.2,71.3,1.8,659064,4923,2,2,bbr1
1.158,37714,26,27360,32.0,35.3,20.2,71.3,2.3,659064,4927,2,2,bbr1
1.165,43410,30,25920,32.6,36.6,20.2,71.3,2.9,659064,4930,2,2,bbr1
1.171,44101,30,24480,33.3,38.4,20.2,71.3,3.6,878752,4933,2,2,bbr1
1.177,44101,30,25920,34.1,39.6,20.2,71.3,4.3,878752,4937,2,2,bbr1
1.182,44101,30,24480,34.7,38.6,20.2,71.3,4.3,878752,4940,2,2,bbr1
1.191,27746,19,25920,34.4,32.8,20.2,71.3,3.7,878752,4945,2,2,bbr1
1.196,33442,23,23040,34.0,31.0,20.2,71.3,3.6,878752,4947,2,2,bbr1
1.205,39138,27,25920,33.4,29.5,20.2,71.3,3.9,878752,4953,2,2,bbr1
1.209,44101,30,24480,33.0,29.8,20.2,71.3,3.8,878752,4956,2,2,bbr1
1.217,44101,30,25920,32.7,30.5,20.2,71.3,3.5,878752,4961,2,2,bbr1
1.223,27746,19,25920,32.4,30.2,20.2,71.3,3.2,1098440,4965,2,2,bbr1
1.230,33442,23,23040,32.1,30.4,20.2,71.3,2.9,1098440,4967,2,2,bbr1
1.238,39138,27,27360,31.9,30.6,20.2,71.3,2.6,1098440,4974,2,2,bbr1
1.244,44101,30,28800,31.7,30.5,20.2,71.3,2.3,1098440,4979,2,2,bbr1
1.251,44101,30,30240,31.6,30.6,20.2,71.3,2.0,1098440,4984,2,2,bbr1
1.264,33442,23,25920,31.6,31.2,20.2,71.3,1.3,659064,4989,2,2,bbr1
1.272,39138,27,27360,31.7,32.6,20.2,71.3,1.3,659064,4994,2,2,bbr1
1.279,44101,30,25920,32.0,34.2,20.2,71.3,1.6,659064,4997,2,2,bbr1
1.285,44101,30,24480,32.5,35.7,20.2,71.3,2.1,878752,5000,2,2,bbr1
1.292,44101,30,24480,33.1,37.3,20.2,71.3,2.8,878752,5004,2,2,bbr1
1.299,27746,19,24480,33.0,32.1,20.2,71.3,2.3,850657,5008,2,2,bbr1
1.304,33442,23,23040,32.8,31.8,20.2,71.3,2.0,850657,5011,2,2,bbr1
1.312,39138,27,24480,32.4,29.7,20.2,71.3,2.3,850657,5016,2,2,bbr1
1.318,42967,29,24480,32.1,29.5,20.2,71.3,2.4,1063321,5020,2,2,bbr1
0.007,3072,2,0,30.8,30.2,20.2,71.3,1.8,1063321,5022,3,3,bbr1
0.008,5760,4,0,30.5,27.9,20.2,71.3,2.1,1063321,5024,3,3,bbr1
0.034,12880,8,0,29.6,23.8,20.2,71.3,3.3,1063321,5029,3,3,bbr1
0.059,20000,13,5760,28.6,21.2,20.2,71.3,4.6,1063321,5038,3,3,bbr1
0.066,25696,17,8640,27.8,22.4,20.2,71.3,5.0,1063321,5044,3,3,bbr1
0.084,32816,22,18720,27.0,21.1,20.2,71.3,5.4,1063321,5056,3,3,bbr1
0.091,38512,26,21600,26.4,22.4,20.2,71.3,5.2,1063321,5062,3,3,bbr1
0.098,42967,29,23040,26.1,23.8,20.2,71.3,4.5,1063321,5067,3,3,bbr1
0.105,42967,29,24480,26.0,25.1,20.2,71.3,3.6,1063321,5072,3,3,bbr1
0.113,42967,29,27360,25.9,25.8,20.2,71.3,2.8,1063321,5078,3,3,bbr1
0.118,42967,29,27360,26.0,26.8,20.2,71.3,2.3,1063321,5082,3,3,bbr1
0.125,42967,29,28800,26.3,28.2,20.2,71.3,2.3,1063321,5087,3,3,bbr1
0.132,42967,29,30240,26.7,29.5,20.2,71.3,2.5,1063321,5092,3,3,bbr1
0.140,42967,29,31680,27.2,31.0,20.2,71.3,3.0,637992,5097,3,3,bbr1
0.146,42858,29,30240,27.9,32.3,20.2,71.3,3.5,635960,5100,3,3,bbr1
0.153,42858,29,28800,28.6,33.6,20.2,71.3,4.0,635960,5103,3,3,bbr1
0.160,42858,29,27360,29.4,35.1,20.2,71.3,4.6,635960,5106,3,3,bbr1
0.167,42858,29,25920,30.3,36.3,20.2,71.3,5.2,635960,5109,3,3,bbr1
0.173,42858,29,24480,31.2,37.7,20.2,71.3,5.8,635960,5112,3,3,bbr1
0.180,42858,29,23040,31.9,37.3,20.2,71.3,5.8,847947,5115,3,3,bbr1
0.187,42858,29,23040,32.3,35.0,20.2,71.3,5.1,847947,5119,3,3,bbr1
0.194,42858,29,23040,32.4,32.7,20.2,71.3,3.9,847947,5123,3,3,bbr1
0.200,42858,29,23040,32.1,30.4,20.2,71.3,3.5,1059933,5127,3,3,bbr1
0.207,42858,29,24480,31.6,28.2,20.2,71.3,3.6,1059933,5132,3,3,bbr1
0.213,27125,18,25920,31.2,28.1,20.2,71.3,3.6,1059933,5137,3,3,bbr1
0.220,32821,22,21600,30.8,28.2,20.2,71.3,3.4,1059933,5138,3,3,bbr1
0.227,38517,26,24480,30.5,28.1,20.2,71.3,3.2,1059933,5144,3,3,bbr1
0.233,42858,29,25920,30.3,29.4,20.2,71.3,2.7,1059933,5149,3,3,bbr1
0.240,42858,29,27360,30.4,30.8,20.2,71.3,2.1,1059933,5154,3,3,bbr1
0.247,42858,29,28800,29.9,26.9,20.2,71.3,2.5,1059933,5159,3,3,bbr1
0.253,42858,29,30240,29.9,29.3,20.2,71.3,2.0,1059933,5163,3,3,bbr1
0.260,42858,29,31680,30.0,30.7,20.2,71.3,1.7,635960,5168,3,3,bbr1
0.267,42858,29,30240,30.2,32.0,20.2,71.3,1.8,635960,5171,3,3,bbr1
0.279,32821,22,23095,31.1,34.7,20.2,71.3,2.6,635960,5175,3,3,bbr1
0.286,38517,26,23095,31.7,36.0,20.2,71.3,3.2,847947,5179,3,3,bbr1
0.294,42858,29,24535,32.4,37.3,20.2,71.3,3.8,847947,5184,3,3,bbr1
0.301,42858,29,24535,33.0,36.9,20.2,71.3,3.9,847947,5188,3,3,bbr1
0.306,42858,29,23095,33.2,34.5,20.2,71.3,3.3,847947,5191,3,3,bbr1
0.314,27164,18,24480,32.7,29.4,20.2,71.3,3.4,1059933,5196,3,3,bbr1
0.320,32860,22,21600,32.3,29.4,20.2,71.3,3.4,1059933,5198,3,3,bbr1
0.327,38556,26,24480,31.9,29.3,20.2,71.3,3.3,1059933,5204,3,3,bbr1
0.333,42858,29,25920,31.6,29.3,20.2,71.3,3.1,1059933,5209,3,3,bbr1
0.340,42858,29,27360,31.3,29.3,20.2,71.3,2.9,1059933,5214,3,3,bbr1
0.347,42858,29,28800,30.8,27.0,20.2,71.3,3.3,1059933,5219,3,3,bbr1
0.359,31397,21,24480,30.6,30.8,20.2,71.3,2.1,635960,5223,3,3,bbr1
0.366,37093,25,24480,30.8,32.1,20.2,71.3,2.0,635960,5227,3,3,bbr1
0.372,42789,29,23040,31.1,33.3,20.2,71.3,2.1,635960,5230,3,3,bbr1
0.379,42858,29,21600,31.6,34.7,20.2,71.3,2.5,847947,5233,3,3,bbr1
0.386,42858,29,23040,32.1,35.7,20.2,71.3,2.9,847947,5237,3,3,bbr1
0.392,42858,29,23040,31.9,30.4,20.2,71.3,2.6,847947,5241,3,3,bbr1
0.398,27125,18,21600,31.6,29.8,20.2,71.3,2.5,1059933,5244,3,3,bbr1
0.404,32821,22,21600,31.1,27.5,20.2,71.3,2.9,1059933,5248,3,3,bbr1
0.411,38517,26,24480,30.6,27.4,20.2,71.3,3.1,1059933,5254,3,3,bbr1
0.418,42858,29,25920,30.2,27.5,20.2,71.3,3.1,1059933,5259,3,3,bbr1
0.425,42858,29,27360,29.8,27.0,20.2,71.3,3.1,1059933,5264,3,3,bbr1
0.437,31397,21,24535,29.5,29.4,20.2,71.3,2.3,1059933,5271,3,3,bbr1
0.443,37093,25,25975,29.6,30.8,20.2,71.3,2.0,1059933,5276,3,3,bbr1
0.450,42789,29,28855,29.9,32.0,20.2,71.3,2.1,1059933,5282,3,3,bbr1
0.457,42858,29,30295,30.4,33.4,20.2,71.3,2.5,1059933,5287,3,3,bbr1
0.465,42858,29,31735,30.9,34.7,20.2,71.3,2.9,635960,5292,3,3,bbr1
0.472,42858,29,31680,30.8,30.4,20.2,71.3,2.3,635960,5295,3,3,bbr1
0.483,32821,22,23040,31.5,34.8,20.2,71.3,2.5,635960,5297,3,3,bbr1
0.489,38517,26,23040,32.1,36.2,20.2,71.3,3.1,842367,5301,3,3,bbr1
0.496,42632,29,23040,32.8,37.5,20.2,71.3,3.7,842367,5305,3,3,bbr1
0.503,42632,29,23040,33.4,38.0,20.2,71.3,4.0,842367,5309,3,3,bbr1
0.510,43788,30,23040,33.7,35.8,20.2,71.3,3.6,1088767,5313,3,3,bbr1
0.517,27590,19,25920,33.1,29.2,20.2,71.3,3.8,1088767,5319,3,3,bbr1
0.523,33286,23,23040,32.6,29.2,20.2,71.3,3.9,1088767,5321,3,3,bbr1
0.531,38982,27,27360,32.2,29.1,20.2,71.3,3.8,1088767,5328,3,3,bbr1
0.538,43788,30,28800,31.8,29.0,20.2,71.3,3.6,1088767,5333,3,3,bbr1
0.545,43788,30,30240,31.6,30.5,20.2,71.3,3.0,1088767,5338,3,3,bbr1
0.551,43788,30,31680,31.7,32.0,20.2,71.3,2.4,1088767,5343,3,3,bbr1
0.558,43788,30,33120,31.6,31.2,20.2,71.3,1.9,653260,5348,3,3,bbr1
0.571,33286,23,25920,32.0,34.1,20.2,71.3,1.8,653260,5351,3,3,bbr1
0.579,38982,27,27360,32.5,35.6,20.2,71.3,2.3,871014,5356,3,3,bbr1
0.585,43788,30,27360,33.0,37.1,20.2,71.3,2.8,871014,5360,3,3,bbr1
0.591,43788,30,25920,33.7,38.4,20.2,71.3,3.5,871014,5363,3,3,bbr1
0.599,43788,30,27360,34.4,39.2,20.2,71.3,4.0,1088767,5368,3,3,bbr1
0.611,33286,23,23040,33.8,31.7,20.2,71.3,3.3,1088767,5373,3,3,bbr1
0.619,38982,27,27360,33.6,32.5,20.2,71.3,2.8,1088767,5380,3,3,bbr1
0.626,43788,30,28800,33.5,32.6,20.2,71.3,2.3,1088767,5385,3,3,bbr1
0.633,43788,30,30240,33.4,32.8,20.2,71.3,1.9,1088767,5390,3,3,bbr1
0.639,43788,30,31680,33.6,34.5,20.2,71.3,1.7,1088767,5395,3,3,bbr1
0.646,43788,30,33120,33.3,31.3,20.2,71.3,1.9,653260,5400,3,3,bbr1
0.659,33286,23,25920,33.3,34.4,20.2,71.3,1.4,653260,5403,3,3,bbr1
0.666,38982,27,25920,33.6,35.7,20.2,71.3,1.7,871014,5407,3,3,bbr1
0.673,43788,30,27360,34.1,37.2,20.2,71.3,2.1,871014,5412,3,3,bbr1
0.680,43788,30,27360,34.6,38.4,20.2,71.3,2.7,871014,5416,3,3,bbr1
0.687,43788,30,27360,35.2,39.3,20.2,71.3,3.2,871014,5420,3,3,bbr1
0.693,43788,30,27360,34.8,32.0,20.2,71.3,3.2,871014,5424,3,3,bbr1
0.699,27590,19,27360,34.5,32.6,20.2,71.3,2.9,1088767,5428,3,3,bbr1
0.706,33286,23,23040,34.3,32.7,20.2,71.3,2.6,1088767,5429,3,3,bbr1
0.714,38982,27,27360,34.1,32.7,20.2,71.3,2.4,1088767,5436,3,3,bbr1
0.721,43788,30,28800,33.9,32.7,20.2,71.3,2.1,1088767,5441,3,3,bbr1
0.727,43788,30,30240,33.8,33.3,20.2,71.3,1.8,1088767,5446,3,3,bbr1
0.740,33286,23,25920,33.5,31.2,20.2,71.3,1.7,653260,5451,3,3,bbr1
0.749,38982,27,27360,33.4,32.6,20.2,71.3,1.5,653260,5456,3,3,bbr1
0.756,43788,30,25920,33.5,34.1,20.2,71.3,1.3,653260,5459,3,3,bbr1
0.761,43788,30,24480,33.7,35.6,20.2,71.3,1.5,871014,5462,3,3,bbr1
0.768,43788,30,24480,34.2,37.0,20.2,71.3,1.9,871014,5466,3,3,bbr1
0.774,27590,19,24480,33.9,32.1,20.2,71.3,2.0,1088767,5470,3,3,bbr1
0.781,33286,23,23040,33.6,31.7,20.2,71.3,2.0,1088767,5473,3,3,bbr1
0.789,38982,27,27360,33.1,29.6,20.2,71.3,2.5,1088767,5480,3,3,bbr1
0.795,43788,30,28800,32.6,29.3,20.2,71.3,2.9,1088767,5485,3,3,bbr1
0.802,43788,30,30240,32.2,29.5,20.2,71.3,2.9,1088767,5490,3,3,bbr1
0.814,31862,22,27415,31.9,30.8,20.2,71.3,2.3,653260,5496,3,3,bbr1
0.822,37558,26,27415,31.9,32.2,20.2,71.3,1.8,653260,5500,3,3,bbr1
0.828,43254,30,25975,32.2,33.8,20.2,71.3,1.8,653260,5503,3,3,bbr1
0.834,43788,30,24535,32.5,35.2,20.2,71.3,2.1,653260,5506,3,3,bbr1
0.840,43788,30,23095,33.1,36.7,20.2,71.3,2.6,871014,5509,3,3,bbr1
0.847,26205,18,24480,33.6,37.7,20.2,71.3,3.1,842778,5513,3,3,bbr1
0.852,30477,21,23040,33.6,33.4,20.2,71.3,2.4,842778,5515,3,3,bbr1
0.857,36173,25,23040,33.3,30.9,20.2,71.3,2.5,842778,5519,3,3,bbr1
0.864,41869,29,23040,32.8,29.4,20.2,71.3,2.8,842778,5523,3,3,bbr1
0.871,42649,29,23040,32.2,27.9,20.2,71.3,3.4,1053472,5527,3,3,bbr1
0.877,42649,29,23040,31.7,28.0,20.2,71.3,3.6,1053472,5531,3,3,bbr1
0.884,27020,18,24480,31.2,28.4,20.2,71.3,3.5,1053472,5536,3,3,bbr1
0.891,32716,22,21600,30.8,27.9,20.2,71.3,3.4,1053472,5538,3,3,bbr1
0.898,38412,26,24480,30.4,27.7,20.2,71.3,3.4,1053472,5544,3,3,bbr1
0.905,42649,29,25920,30.2,28.4,20.2,71.3,3.0,1053472,5549,3,3,bbr1
0.911,42634,29,27360,30.1,29.8,20.2,71.3,2.4,1052993,5554,3,3,bbr1
0.918,42634,29,28800,29.7,27.0,20.2,71.3,2.6,1052993,5559,3,3,bbr1
0.924,42634,29,30240,29.7,29.3,20.2,71.3,2.0,1052993,5563,3,3,bbr1
0.932,42634,29,31680,29.8,30.6,20.2,71.3,1.8,631796,5568,3,3,bbr1
0.939,42634,29,30240,30.1,32.0,20.2,71.3,1.9,631796,5571,3,3,bbr1
0.945,42634,29,28800,30.5,33.2,20.2,71.3,2.2,631796,5574,3,3,bbr1
0.952,42634,29,27360,31.0,34.5,20.2,71.3,2.7,631796,5577,3,3,bbr1
0.959,42634,29,25920,31.6,35.9,20.2,71.3,3.2,631796,5580,3,3,bbr1
0.966,42650,29,24480,32.3,37.2,20.2,71.3,3.8,632108,5583,3,3,bbr1
0.972,42650,29,23040,32.8,36.4,20.2,71.3,3.9,842811,5586,3,3,bbr1
0.977,42650,29,21600,33.0,34.2,20.2,71.3,3.3,842811,5589,3,3,bbr1
0.984,42650,29,21600,32.8,31.8,20.2,71.3,2.8,842811,5593,3,3,bbr1
0.991,42650,29,23040,32.5,30.0,20.2,71.3,2.8,1053513,5597,3,3,bbr1
0.996,42650,29,23040,31.9,27.8,20.2,71.3,3.3,1053513,5601,3,3,bbr1
1.003,27021,18,24480,31.3,27.3,20.2,71.3,3.6,1053513,5606,3,3,bbr1
1.009,32717,22,21600,30.8,27.2,20.2,71.3,3.7,1053513,5608,3,3,bbr1
1.016,38413,26,24480,30.3,26.7,20.2,71.3,3.8,1053513,5614,3,3,bbr1
1.023,42650,29,25920,30.0,28.4,20.2,71.3,3.3,1053513,5619,3,3,bbr1
1.030,42650,29,27360,30.0,29.7,20.2,71.3,2.6,1053513,5624,3,3,bbr1
1.037,42650,29,28800,29.6,27.1,20.2,71.3,2.7,1053513,5629,3,3,bbr1
1.043,42650,29,30240,29.6,29.4,20.2,71.3,2.1,1053513,5633,3,3,bbr1
1.050,42650,29,31680,29.7,30.6,20.2,71.3,1.8,632108,5638,3,3,bbr1
1.062,32717,22,24480,30.4,33.3,20.2,71.3,2.3,632108,5641,3,3,bbr1
1.069,38413,26,24480,30.9,34.6,20.2,71.3,2.7,842811,5645,3,3,bbr1
1.075,42650,29,24480,31.6,36.0,20.2,71.3,3.3,842811,5649,3,3,bbr1
1.082,42682,29,24480,32.3,37.1,20.2,71.3,3.9,843601,5653,3,3,bbr1
1.089,42682,29,24480,32.8,36.5,20.2,71.3,4.0,1054501,5657,3,3,bbr1
1.097,42682,29,27360,32.6,31.6,20.2,71.3,3.3,1054501,5663,3,3,bbr1
1.108,31309,21,24480,32.2,30.8,20.2,71.3,2.6,632700,5668,3,3,bbr1
1.114,37005,25,24480,32.0,30.8,20.2,71.3,2.3,632700,5672,3,3,bbr1
1.121,42682,29,23040,31.9,31.0,20.2,71.3,2.0,632700,5675,3,3,bbr1
1.128,42682,29,21600,32.0,32.7,20.2,71.3,1.7,843601,5678,3,3,bbr1
1.135,42726,29,21600,32.3,34.0,20.2,71.3,1.8,844689,5682,3,3,bbr1
1.141,27059,18,21600,32.2,31.5,20.2,71.3,1.5,1055861,5686,3,3,bbr1
1.148,32755,22,21600,31.8,29.1,20.2,71.3,1.9,1055861,5690,3,3,bbr1
1.155,38451,26,24480,31.2,27.1,20.2,71.3,2.6,1055861,5696,3,3,bbr1
1.162,42726,29,25920,30.7,27.0,20.2,71.3,3.0,1055861,5701,3,3,bbr1
1.169,42726,29,27360,30.2,27.0,20.2,71.3,3.2,1055861,5706,3,3,bbr1
1.175,28483,19,27360,29.8,27.1,20.2,71.3,3.2,1055861,5711,3,3,bbr1
1.184,34179,23,23040,29.9,30.1,20.2,71.3,2.4,1055861,5712,3,3,bbr1
1.191,39875,27,25920,30.0,31.4,20.2,71.3,2.2,1055861,5718,3,3,bbr1
1.197,42726,29,27360,30.4,32.7,20.2,71.3,2.3,1055861,5723,3,3,bbr1
1.204,42726,29,28800,30.8,34.1,20.2,71.3,2.7,1055861,5728,3,3,bbr1
1.211,42726,29,30240,31.4,35.3,20.2,71.3,3.1,1055861,5733,3,3,bbr1
1.219,42726,29,31680,31.4,31.1,20.2,71.3,2.4,633516,5738,3,3,bbr1
1.231,32755,22,24480,31.8,33.7,20.2,71.3,2.1,633516,5741,3,3,bbr1
1.238,38451,26,24480,32.2,35.0,20.2,71.3,2.4,844689,5745,3,3,bbr1
1.245,42726,29,24480,32.7,36.4,20.2,71.3,2.8,844689,5749,3,3,bbr1
1.252,42726,29,24480,33.3,37.6,20.2,71.3,3.4,844689,5753,3,3,bbr1
1.258,42726,29,24480,33.8,37.1,20.2,71.3,3.5,1055861,5757,3,3,bbr1
1.272,31331,21,23040,33.2,30.9,20.2,71.3,3.0,1055861,5763,3,3,bbr1
1.277,37027,25,24480,32.9,30.8,20.2,71.3,2.9,1055861,5768,3,3,bbr1
1.284,42723,29,25920,32.6,30.8,20.2,71.3,2.7,1055861,5773,3,3,bbr1
1.292,42726,29,27360,32.4,31.1,20.2,71.3,2.4,1055861,5778,3,3,bbr1
1.298,42726,29,28800,32.5,32.7,20.2,71.3,1.9,1055861,5783,3,3,bbr1
1.305,42726,29,31680,32.0,29.0,20.2,71.3,2.3,1055861,5788,3,3,bbr1
1.311,42726,29,31680,31.8,30.3,20.2,71.3,2.1,633516,5792,3,3,bbr1
1.323,32755,22,24480,32.0,33.2,20.2,71.3,1.6,633516,5795,3,3,bbr1
1.330,38451,26,24480,32.3,34.4,20.2,71.3,1.8,844689,5799,3,3,bbr1
1.336,42726,29,24480,32.8,35.7,20.2,71.3,2.2,844689,5803,3,3,bbr1
1.343,43910,30,24480,33.3,37.0,20.2,71.3,2.7,874021,5807,3,3,bbr1
1.351,43910,30,25920,33.6,36.0,20.2,71.3,2.7,1092526,5812,3,3,bbr1
1.358,27651,19,27360,33.3,31.0,20.2,71.3,2.7,1092526,5817,3,3,bbr1
1.363,33347,23,23040,32.9,29.9,20.2,71.3,2.9,1092526,5818,3,3,bbr1
1.370,39043,27,25920,32.5,29.9,20.2,71.3,2.9,1092526,5824,3,3,bbr1
1.378,43910,30,28800,32.2,30.0,20.2,71.3,2.8,1092526,5830,3,3,bbr1
1.385,43910,30,31680,32.0,31.0,20.2,71.3,2.4,1092526,5835,3,3,bbr1
0.009,43910,30,0,33.1,36.1,20.2,71.3,2.5,1092526,5839,3,3,bbr1
0.024,43910,30,0,32.8,30.5,20.2,71.3,2.5,1092526,5841,3,3,bbr1
0.050,43910,30,25920,31.7,23.8,20.2,71.3,4.2,1092526,5864,3,3,bbr1
0.057,43910,30,27360,30.9,25.2,20.2,71.3,4.7,1092526,5869,3,3,bbr1
0.064,43910,30,28800,30.3,26.7,20.2,71.3,4.6,1092526,5874,3,3,bbr1
0.070,43910,30,30240,30.1,28.2,20.2,71.3,4.0,1092526,5879,3,3,bbr1
0.077,43910,30,31680,30.0,29.7,20.2,71.3,3.1,1092526,5884,3,3,bbr1
0.084,43910,30,33120,30.2,31.3,20.2,71.3,2.6,655515,5889,3,3,bbr1
0.091,43910,30,31680,30.5,32.7,20.2,71.3,2.6,655515,5892,3,3,bbr1
0.097,43910,30,31680,30.9,33.8,20.2,71.3,2.8,655515,5895,3,3,bbr1
0.102,43910,30,28800,31.5,35.3,20.2,71.3,3.2,655515,5897,3,3,bbr1
0.111,43910,30,28800,32.1,36.8,20.2,71.3,3.7,655515,5901,3,3,bbr1
0.117,43910,30,27360,32.9,38.3,20.2,71.3,4.3,655515,5904,3,3,bbr1
0.124,43910,30,25920,33.8,39.8,20.2,71.3,5.0,655515,5907,3,3,bbr1
0.130,43910,30,25920,34.4,38.5,20.2,71.3,4.9,874021,5910,3,3,bbr1
0.135,44029,30,24480,34.6,36.2,20.2,71.3,4.2,876988,5913,3,3,bbr1
0.141,44029,30,24480,34.6,34.5,20.2,71.3,3.1,876988,5917,3,3,bbr1
0.148,44029,30,24480,34.3,32.5,20.2,71.3,2.9,876988,5921,3,3,bbr1
0.155,44029,30,24480,33.8,30.3,20.2,71.3,3.2,876988,5925,3,3,bbr1
0.162,27710,19,25920,33.3,29.6,20.2,71.3,3.4,1096235,5930,3,3,bbr1
0.168,33406,23,23040,32.8,29.8,20.2,71.3,3.5,1096235,5932,3,3,bbr1
0.174,39102,27,25920,32.5,29.8,20.2,71.3,3.4,1096235,5938,3,3,bbr1
0.182,44029,30,28800,32.2,30.0,20.2,71.3,3.1,1096235,5944,3,3,bbr1
0.189,44029,30,30240,31.9,30.2,20.2,71.3,2.8,1096235,5949,3,3,bbr1
0.196,44029,30,31680,31.8,31.0,20.2,71.3,2.4,1096235,5954,3,3,bbr1
0.208,33406,23,27415,31.8,32.6,20.2,71.3,1.7,657741,5960,3,3,bbr1
0.215,39102,27,27415,32.1,34.0,20.2,71.3,1.8,657741,5964,3,3,bbr1
0.224,44029,30,27415,32.5,35.5,20.2,71.3,2.2,657741,5968,3,3,bbr1
0.231,44029,30,25975,33.1,37.0,20.2,71.3,2.8,657741,5971,3,3,bbr1
0.236,44029,30,24535,33.7,38.4,20.2,71.3,3.4,876988,5974,3,3,bbr1
0.243,26325,18,25920,34.4,39.2,20.2,71.3,3.9,1096235,5978,3,3,bbr1
0.247,32021,22,21600,34.4,34.3,20.2,71.3,3.0,1096235,5979,3,3,bbr1
0.255,37717,26,25920,34.2,32.5,20.2,71.3,2.7,1096235,5986,3,3,bbr1
0.262,41989,29,28800,33.8,30.9,20.2,71.3,2.9,1096235,5991,3,3,bbr1
0.267,44029,30,28800,33.2,29.5,20.2,71.3,3.2,1096235,5995,3,3,bbr1
0.274,44029,30,30240,32.8,30.1,20.2,71.3,3.2,1096235,6000,3,3,bbr1
0.281,44029,30,31680,32.4,29.6,20.2,71.3,3.2,1096235,6005,3,3,bbr1
0.293,33406,23,27360,32.3,32.6,20.2,71.3,2.2,657741,6010,3,3,bbr1
0.300,39102,27,27360,32.5,34.1,20.2,71.3,2.1,659377,6014,3,3,bbr1
0.309,44118,30,27360,32.9,35.6,20.2,71.3,2.3,659377,6018,3,3,bbr1
0.316,44118,30,25920,33.4,37.2,20.2,71.3,2.8,659377,6021,3,3,bbr1
0.321,44118,30,24480,34.0,38.3,20.2,71.3,3.3,879170,6024,3,3,bbr1
0.327,27755,19,24480,34.0,33.7,20.2,71.3,2.6,1098962,6028,3,3,bbr1
0.332,32027,22,24480,34.0,34.4,20.2,71.3,2.0,1098962,6031,3,3,bbr1
0.339,37723,26,27360,33.8,32.4,20.2,71.3,1.9,1098962,6037,3,3,bbr1
0.346,43419,30,28800,33.3,29.9,20.2,71.3,2.4,1098962,6042,3,3,bbr1
0.353,44118,30,31680,32.9,29.6,20.2,71.3,2.8,1098962,6048,3,3,bbr1
0.361,44118,30,33120,32.6,30.5,20.2,71.3,2.7,659377,6053,3,3,bbr1
0.373,33451,23,25920,32.6,33.6,20.2,71.3,1.9,659377,6056,3,3,bbr1
0.381,39147,27,27360,32.9,35.1,20.2,71.3,2.0,879170,6061,3,3,bbr1
0.386,44118,30,25920,33.4,36.6,20.2,71.3,2.4,879170,6064,3,3,bbr1
0.394,44118,30,27360,34.0,38.2,20.2,71.3,3.0,879170,6069,3,3,bbr1
0.401,44118,30,27360,34.6,38.5,20.2,71.3,3.4,879170,6073,3,3,bbr1
0.407,44118,30,27360,34.3,32.1,20.2,71.3,3.1,879170,6077,3,3,bbr1
0.418,32027,22,23040,33.8,32.1,20.2,71.3,2.6,1098962,6081,3,3,bbr1
0.426,37723,26,27360,33.6,32.2,20.2,71.3,2.3,1098962,6088,3,3,bbr1
0.433,43419,30,28800,33.5,33.0,20.2,71.3,1.9,1098962,6093,3,3,bbr1
0.440,44118,30,30240,33.5,33.2,20.2,71.3,1.5,1098962,6098,3,3,bbr1
0.446,44118,30,31680,33.4,32.8,20.2,71.3,1.3,1098962,6103,3,3,bbr1
0.457,32027,22,28800,32.9,32.3,20.2,71.3,1.4,659377,6108,3,3,bbr1
0.464,37723,26,27360,33.0,33.8,20.2,71.3,1.3,659377,6111,3,3,bbr1
0.473,43419,30,28800,33.3,35.2,20.2,71.3,1.5,659377,6116,3,3,bbr1
0.480,44118,30,27360,33.7,36.7,20.2,71.3,2.0,659377,6119,3,3,bbr1
0.486,44118,30,25920,34.3,37.8,20.2,71.3,2.5,659377,6122,3,3,bbr1
0.492,44118,30,24480,35.0,39.9,20.2,71.3,3.3,879170,6125,3,3,bbr1
0.498,29179,20,23040,34.8,33.8,20.2,71.3,2.8,1101678,6129,3,3,bbr1
0.506,34875,24,24480,34.6,33.4,20.2,71.3,2.4,1101678,6134,3,3,bbr1
0.514,40571,28,28800,34.2,31.2,20.2,71.3,2.7,1101678,6141,3,3,bbr1
0.521,44205,30,30240,33.6,29.1,20.2,71.3,3.3,1101678,6146,3,3,bbr1
0.528,44205,30,31680,33.1,29.7,20.2,71.3,3.4,1101678,6151,3,3,bbr1
0.540,33494,23,27360,32.8,32.4,20.2,71.3,2.4,661007,6156,3,3,bbr1
0.547,39190,27,27360,33.0,33.9,20.2,71.3,2.1,661007,6160,3,3,bbr1
0.556,44205,30,27360,33.3,35.5,20.2,71.3,2.2,661007,6164,3,3,bbr1
0.563,44205,30,25920,33.7,37.0,20.2,71.3,2.6,661007,6167,3,3,bbr1
0.568,44205,30,24480,34.3,38.4,20.2,71.3,3.1,881343,6170,3,3,bbr1
0.575,44419,30,23040,34.2,33.6,20.2,71.3,2.5,886648,6174,3,3,bbr1
0.583,27905,19,24480,34.1,33.4,20.2,71.3,2.1,1108310,6179,3,3,bbr1
0.589,33601,23,23040,33.8,31.2,20.2,71.3,2.3,1108310,6182,3,3,bbr1
0.597,39297,27,27360,33.2,29.4,20.2,71.3,2.8,1108310,6189,3,3,bbr1
0.604,44419,30,28800,32.8,29.8,20.2,71.3,3.0,1108310,6194,3,3,bbr1
0.611,44419,30,30240,32.4,30.1,20.2,71.3,2.9,1108310,6199,3,3,bbr1
0.623,33601,23,25920,32.2,31.2,20.2,71.3,2.1,664986,6204,3,3,bbr1
0.632,39297,27,27360,32.2,32.6,20.2,71.3,1.7,664986,6209,3,3,bbr1
0.639,44419,30,25920,32.5,34.3,20.2,71.3,1.8,664986,6212,3,3,bbr1
0.645,44419,30,24480,32.9,35.9,20.2,71.3,2.2,886648,6215,3,3,bbr1
0.651,44419,30,24480,33.5,37.4,20.2,71.3,2.8,886648,6219,3,3,bbr1
0.657,27905,19,24480,33.3,32.0,20.2,71.3,2.4,1108310,6223,3,3,bbr1
0.664,33601,23,23040,33.1,31.8,20.2,71.3,2.2,1108310,6226,3,3,bbr1
0.672,39297,27,27360,32.6,29.5,20.2,71.3,2.5,1108310,6233,3,3,bbr1
0.679,44419,30,28800,32.2,29.1,20.2,71.3,2.8,1108310,6238,3,3,bbr1
0.685,44419,30,30240,31.9,29.9,20.2,71.3,2.7,1108310,6243,3,3,bbr1
0.698,33601,23,25920,31.8,31.3,20.2,71.3,1.8,664986,6248,3,3,bbr1
0.707,39297,27,27360,31.9,32.8,20.2,71.3,1.6,664986,6253,3,3,bbr1
0.713,44419,30,25920,32.2,34.4,20.2,71.3,1.8,664986,6256,3,3,bbr1
0.719,44419,30,24480,32.7,36.0,20.2,71.3,2.3,886648,6259,3,3,bbr1
0.726,44419,30,24480,33.3,37.5,20.2,71.3,2.9,886648,6263,3,3,bbr1
0.732,27905,19,24480,33.1,32.2,20.2,71.3,2.5,886648,6267,3,3,bbr1
0.739,33601,23,23040,33.0,31.7,20.2,71.3,2.2,886648,6270,3,3,bbr1
0.745,39297,27,24480,32.5,29.6,20.2,71.3,2.5,886648,6275,3,3,bbr1
0.752,44419,30,24480,32.1,29.2,20.2,71.3,2.7,1108310,6279,3,3,bbr1
0.759,44419,30,27360,31.8,29.4,20.2,71.3,2.7,1108310,6285,3,3,bbr1
0.773,32177,22,25920,31.4,30.4,20.2,71.3,2.1,1108310,6291,3,3,bbr1
0.778,37873,26,27360,31.3,30.7,20.2,71.3,1.8,1108310,6296,3,3,bbr1
0.784,43569,30,28800,31.4,31.5,20.2,71.3,1.4,1108310,6301,3,3,bbr1
0.792,44419,30,33120,31.5,32.7,20.2,71.3,1.4,1108310,6307,3,3,bbr1
0.798,44419,30,33120,31.9,34.3,20.2,71.3,1.7,664986,6311,3,3,bbr1
0.808,32177,22,27360,31.8,32.7,20.2,71.3,1.5,664986,6314,3,3,bbr1
0.815,37873,26,27360,32.1,34.3,20.2,71.3,1.8,664986,6318,3,3,bbr1
0.824,43569,30,27360,32.6,36.0,20.2,71.3,2.3,664986,6322,3,3,bbr1
0.830,44419,30,25920,33.2,37.4,20.2,71.3,2.9,664986,6325,3,3,bbr1
0.836,44419,30,24480,33.9,39.2,20.2,71.3,3.7,886648,6328,3,3,bbr1
0.842,27905,19,24480,33.9,33.8,20.2,71.3,2.8,1108310,6332,3,3,bbr1
0.847,32177,22,24480,34.0,34.6,20.2,71.3,2.3,1108310,6335,3,3,bbr1
0.854,37873,26,27360,33.8,32.6,20.2,71.3,2.1,1108310,6341,3,3,bbr1
0.861,43569,30,30240,33.4,30.7,20.2,71.3,2.3,1108310,6347,3,3,bbr1
0.868,44419,30,31680,32.9,29.5,20.2,71.3,2.7,1108310,6352,3,3,bbr1
0.875,44419,30,33120,32.7,30.8,20.2,71.3,2.6,664986,6357,3,3,bbr1
0.888,32177,22,27360,32.8,33.6,20.2,71.3,1.7,664986,6360,3,3,bbr1
0.895,37873,26,27360,33.0,35.1,20.2,71.3,1.9,664986,6364,3,3,bbr1
0.901,43569,30,25920,33.5,36.7,20.2,71.3,2.3,664986,6367,3,3,bbr1
0.906,44419,30,24480,34.0,37.8,20.2,71.3,2.8,886648,6370,3,3,bbr1
0.913,44419,30,24480,34.8,39.9,20.2,71.3,3.6,886648,6374,3,3,bbr1
0.921,27905,19,25920,34.4,32.0,20.2,71.3,3.4,886648,6379,3,3,bbr1
0.925,32177,22,24480,34.2,32.8,20.2,71.3,2.9,886648,6381,3,3,bbr1
0.933,37873,26,25920,33.8,30.9,20.2,71.3,3.0,886648,6386,3,3,bbr1
0.939,42145,29,27360,33.3,30.0,20.2,71.3,3.2,886648,6390,3,3,bbr1
0.944,44419,30,25920,33.0,30.3,20.2,71.3,3.2,1108310,6393,3,3,bbr1
0.951,44419,30,28800,32.7,30.6,20.2,71.3,3.0,1108310,6399,3,3,bbr1
0.964,33601,23,24480,32.3,31.0,20.2,71.3,2.3,1100957,6404,3,3,bbr1
0.972,39297,27,28800,32.1,31.1,20.2,71.3,2.1,1100957,6411,3,3,bbr1
0.978,43569,30,31680,32.1,31.9,20.2,71.3,1.6,1100957,6416,3,3,bbr1
0.984,44182,30,31680,32.3,33.6,20.2,71.3,1.6,660574,6420,3,3,bbr1
0.991,44182,30,30240,32.6,35.2,20.2,71.3,1.9,660574,6423,3,3,bbr1
1.003,33483,23,23040,32.5,33.7,20.2,71.3,1.8,660574,6426,3,3,bbr1
1.011,39179,27,24480,32.9,35.3,20.2,71.3,2.0,880766,6431,3,3,bbr1
1.016,44182,30,23040,33.4,36.7,20.2,71.3,2.5,880766,6434,3,3,bbr1
1.024,44182,30,24480,33.7,36.4,20.2,71.3,2.6,880766,6439,3,3,bbr1
1.031,44182,30,24480,33.8,34.2,20.2,71.3,2.1,880766,6443,3,3,bbr1
1.038,44182,30,24480,33.2,29.4,20.2,71.3,2.7,880766,6447,3,3,bbr1
1.044,27787,19,24480,32.7,29.2,20.2,71.3,3.0,880766,6451,3,3,bbr1
1.050,33483,23,23040,32.3,29.4,20.2,71.3,3.1,880766,6454,3,3,bbr1
1.058,39179,27,25920,31.9,29.1,20.2,71.3,3.1,880766,6460,3,3,bbr1
1.065,44182,30,25920,31.6,29.4,20.2,71.3,3.0,1100957,6464,3,3,bbr1
1.071,44182,30,27360,31.3,29.5,20.2,71.3,2.8,1100957,6469,3,3,bbr1
1.082,32059,22,24480,31.0,30.0,20.2,71.3,2.1,1100957,6474,3,3,bbr1
1.089,37755,26,27360,30.9,30.6,20.2,71.3,1.7,1100957,6480,3,3,bbr1
1.097,43451,30,30240,31.0,31.0,20.2,71.3,1.3,1100957,6486,3,3,bbr1
1.104,44182,30,31680,31.2,32.8,20.2,71.3,1.4,1100957,6491,3,3,bbr1
1.111,44182,30,33120,31.6,34.3,20.2,71.3,1.9,660574,6496,3,3,bbr1
1.123,33483,23,25920,32.0,33.8,20.2,71.3,1.7,660574,6499,3,3,bbr1
1.132,39179,27,27360,32.4,35.4,20.2,71.3,2.2,880766,6504,3,3,bbr1
1.138,44182,30,27360,33.0,37.0,20.2,71.3,2.8,880766,6508,3,3,bbr1
1.144,44182,30,28800,33.6,37.8,20.2,71.3,3.3,880766,6512,3,3,bbr1
1.149,44182,30,27360,34.3,39.7,20.2,71.3,4.0,880766,6515,3,3,bbr1
1.156,27787,19,27360,34.1,32.1,20.2,71.3,3.6,880766,6519,3,3,bbr1
1.160,32059,22,24480,33.9,32.8,20.2,71.3,3.0,880766,6520,3,3,bbr1
1.168,37755,26,27360,33.7,32.0,20.2,71.3,2.7,880766,6526,3,3,bbr1
1.174,43451,30,25920,33.5,32.6,20.2,71.3,2.3,880766,6529,3,3,bbr1
1.182,44182,30,27360,33.5,32.9,20.2,71.3,1.9,1100957,6534,3,3,bbr1
1.188,44182,30,28800,33.4,33.2,20.2,71.3,1.5,1100957,6539,3,3,bbr1
1.201,33483,23,24480,33.1,32.3,20.2,71.3,1.4,1096592,6544,3,3,bbr1
1.209,39179,27,28800,33.0,32.6,20.2,71.3,1.2,1096592,6551,3,3,bbr1
1.216,44041,30,30240,33.0,32.8,20.2,71.3,0.9,1096592,6556,3,3,bbr1
1.222,44041,30,31680,33.2,34.7,20.2,71.3,1.1,1096592,6561,3,3,bbr1
1.229,44041,30,33120,33.6,36.3,20.2,71.3,1.6,657955,6566,3,3,bbr1
1.242,33412,23,25920,33.5,34.0,20.2,71.3,1.2,657955,6569,3,3,bbr1
1.248,39108,27,25920,33.8,35.5,20.2,71.3,1.4,877274,6573,3,3,bbr1
1.256,44041,30,27360,34.2,37.1,20.2,71.3,1.9,877274,6578,3,3,bbr1
1.263,44041,30,27360,34.7,38.3,20.2,71.3,2.5,877274,6582,3,3,bbr1
1.269,44041,30,27360,35.3,39.3,20.2,71.3,3.0,877274,6586,3,3,bbr1
1.276,44041,30,27360,34.9,31.9,20.2,71.3,3.1,877274,6590,3,3,bbr1
1.282,27716,19,27360,34.6,32.7,20.2,71.3,2.9,877274,6594,3,3,bbr1
1.290,31988,22,24480,34.4,33.5,20.2,71.3,2.4,877274,6595,3,3,bbr1
1.295,37684,26,24480,34.3,33.0,20.2,71.3,2.2,877274,6599,3,3,bbr1
1.302,43380,30,24480,34.1,33.3,20.2,71.3,1.9,877274,6603,3,3,bbr1
1.308,44041,30,24480,34.0,33.0,20.2,71.3,1.7,1096592,6607,3,3,bbr1
1.315,44041,30,25920,33.9,33.2,20.2,71.3,1.5,1096592,6612,3,3,bbr1
1.321,27716,19,27360,33.2,28.6,20.2,71.3,2.4,1096592,6617,3,3,bbr1
1.328,33412,23,23040,32.7,29.3,20.2,71.3,2.8,1096592,6618,3,3,bbr1
1.336,39108,27,27360,32.3,29.1,20.2,71.3,3.0,1096592,6625,3,3,bbr1
1.342,44041,30,28800,32.1,30.7,20.2,71.3,2.6,1096592,6630,3,3,bbr1
1.349,44041,30,30240,32.1,32.3,20.2,71.3,2.0,1096592,6635,3,3,bbr1
1.356,44041,30,31680,32.3,33.7,20.2,71.3,1.9,1096592,6640,3,3,bbr1
1.363,44041,30,33120,32.2,31.2,20.2,71.3,1.7,657955,6645,3,3,bbr1
1.375,33412,23,25920,32.5,34.2,20.2,71.3,1.5,657955,6648,3,3,bbr1
1.384,39108,27,27360,32.9,35.7,20.2,71.3,2.0,877274,6653,3,3,bbr1
1.390,42633,29,27360,33.4,37.3,20.2,71.3,2.6,842379,6657,3,3,bbr1
0.007,3072,2,0,33.7,32.4,20.2,71.3,2.5,1052973,6661,4,4,bbr1
0.009,5760,4,0,33.0,28.4,20.2,71.3,3.2,1052973,6663,4,4,bbr1
0.034,12880,8,0,31.8,23.7,20.2,71.3,4.7,1052973,6668,4,4,bbr1
0.060,20000,13,5760,30.5,21.2,20.2,71.3,6.2,1052973,6677,4,4,bbr1
0.067,25696,17,8640,29.5,22.4,20.2,71.3,6.7,1052973,6683,4,4,bbr1
0.085,32816,22,18720,28.4,21.1,20.2,71.3,7.1,1052973,6695,4,4,bbr1
0.092,38512,26,21600,27.7,22.3,20.2,71.3,6.9,1052973,6701,4,4,bbr1
0.099,42633,29,23040,27.2,23.7,20.2,71.3,6.2,1052973,6706,4,4,bbr1
0.106,42633,29,24480,26.9,25.0,20.2,71.3,5.2,1052973,6711,4,4,bbr1
0.113,42743,29,25920,26.7,25.4,20.2,71.3,4.2,1056378,6716,4,4,bbr1
0.120,42743,29,27360,26.7,26.7,20.2,71.3,3.2,1056378,6721,4,4,bbr1
0.126,42743,29,30240,26.8,27.7,20.2,71.3,2.6,1056378,6726,4,4,bbr1
0.133,42743,29,30240,27.1,29.0,20.2,71.3,2.5,633827,6730,4,4,bbr1
0.139,42743,29,28800,27.5,30.3,20.2,71.3,2.7,633827,6733,4,4,bbr1
0.146,42743,29,27360,28.0,31.6,20.2,71.3,3.0,633827,6736,4,4,bbr1
0.153,42743,29,27360,28.6,32.6,20.2,71.3,3.4,633827,6739,4,4,bbr1
0.157,42743,29,24480,29.2,33.8,20.2,71.3,3.9,633827,6741,4,4,bbr1
0.164,44164,30,23040,30.0,35.3,20.2,71.3,4.4,880311,6744,4,4,bbr1
0.171,44164,30,23040,30.6,34.6,20.2,71.3,4.5,880311,6748,4,4,bbr1
0.177,44164,30,23040,30.8,32.5,20.2,71.3,3.8,880311,6752,4,4,bbr1
0.183,44164,30,23040,30.7,30.2,20.2,71.3,3.0,1100388,6756,4,4,bbr1
0.191,44164,30,27360,30.4,28.4,20.2,71.3,2.9,1100388,6762,4,4,bbr1
0.196,44164,30,27360,30.1,27.5,20.2,71.3,2.9,1100388,6766,4,4,bbr1
0.203,44164,30,28800,29.8,27.8,20.2,71.3,2.7,1100388,6771,4,4,bbr1
0.210,44164,30,30240,29.6,28.5,20.2,71.3,2.4,1100388,6776,4,4,bbr1
0.220,32050,22,27415,29.7,30.8,20.2,71.3,1.7,660233,6782,4,4,bbr1
0.227,37746,26,27415,30.0,32.4,20.2,71.3,1.9,660233,6786,4,4,bbr1
0.236,43442,30,27415,30.5,33.9,20.2,71.3,2.4,660233,6790,4,4,bbr1
0.242,44164,30,25975,31.1,35.4,20.2,71.3,3.0,660233,6793,4,4,bbr1
0.249,44164,30,24535,31.8,36.7,20.2,71.3,3.7,880311,6796,4,4,bbr1
0.254,26393,18,25920,32.7,38.5,20.2,71.3,4.4,1100388,6800,4,4,bbr1
0.259,30665,21,23040,33.0,35.2,20.2,71.3,4.0,1100388,6801,4,4,bbr1
0.265,36361,25,24480,33.0,33.1,20.2,71.3,3.0,1100388,6806,4,4,bbr1
0.273,42057,29,27360,32.7,30.9,20.2,71.3,2.8,1100388,6812,4,4,bbr1
0.279,44164,30,28800,32.3,29.4,20.2,71.3,2.9,1100388,6817,4,4,bbr1
0.286,44164,30,31680,32.0,30.0,20.2,71.3,2.8,1100388,6822,4,4,bbr1
0.297,33474,23,25920,31.5,30.7,20.2,71.3,2.3,660233,6826,4,4,bbr1
0.306,39170,27,27360,31.6,32.2,20.2,71.3,1.9,660233,6831,4,4,bbr1
0.312,44164,30,25920,31.9,33.7,20.2,71.3,2.0,660233,6834,4,4,bbr1
0.318,44164,30,25920,32.3,34.9,20.2,71.3,2.2,880311,6837,4,4,bbr1
0.323,44164,30,24480,32.7,36.1,20.2,71.3,2.6,880311,6840,4,4,bbr1
0.330,27778,19,24480,32.7,32.1,20.2,71.3,2.1,880311,6844,4,4,bbr1
0.334,32050,22,24480,32.7,32.8,20.2,71.3,1.6,880311,6847,4,4,bbr1
0.341,37746,26,24480,32.5,30.9,20.2,71.3,1.7,880311,6851,4,4,bbr1
0.348,43442,30,24480,32.1,29.4,20.2,71.3,2.0,880311,6855,4,4,bbr1
0.355,44164,30,27360,31.7,29.3,20.2,71.3,2.2,1100388,6860,4,4,bbr1
0.361,44164,30,27360,31.4,29.3,20.2,71.3,2.3,1100388,6864,4,4,bbr1
0.373,33474,23,23095,31.0,29.9,20.2,71.3,1.9,1100388,6870,4,4,bbr1
0.381,39170,27,27415,30.9,30.1,20.2,71.3,1.7,1100388,6877,4,4,bbr1
0.388,44356,30,28855,30.9,31.0,20.2,71.3,1.3,1106345,6882,4,4,bbr1
0.394,44356,30,30295,31.1,32.6,20.2,71.3,1.4,1106345,6887,4,4,bbr1
0.400,44356,30,31735,31.5,34.2,20.2,71.3,1.8,1106345,6892,4,4,bbr1
0.408,44356,30,33120,31.5,31.3,20.2,71.3,1.4,663807,6897,4,4,bbr1
0.421,33570,23,25920,32.0,34.4,20.2,71.3,1.7,663807,6900,4,4,bbr1
0.429,39266,27,27360,32.5,35.9,20.2,71.3,2.3,885076,6905,4,4,bbr1
0.434,44356,30,25920,33.1,37.4,20.2,71.3,2.9,885076,6908,4,4,bbr1
0.442,44356,30,27360,33.8,39.0,20.2,71.3,3.7,885076,6913,4,4,bbr1
0.448,44356,30,27360,34.5,39.5,20.2,71.3,4.2,1106345,6917,4,4,bbr1
0.461,33570,23,23040,34.0,32.4,20.2,71.3,3.3,1106345,6922,4,4,bbr1
0.469,39266,27,27360,33.8,32.6,20.2,71.3,2.8,1106345,6929,4,4,bbr1
0.476,44356,30,28800,33.7,32.7,20.2,71.3,2.4,1106345,6934,4,4,bbr1
0.482,44356,30,30240,33.7,33.6,20.2,71.3,1.8,1106345,6939,4,4,bbr1
0.488,44356,30,31680,33.8,35.0,20.2,71.3,1.7,1106345,6944,4,4,bbr1
0.496,44356,30,33120,33.5,31.2,20.2,71.3,1.9,663807,6949,4,4,bbr1
0.509,33570,23,25920,33.5,34.4,20.2,71.3,1.5,663807,6952,4,4,bbr1
0.517,39266,27,27360,33.8,35.9,20.2,71.3,1.7,885076,6957,4,4,bbr1
0.522,44356,30,25920,34.3,37.5,20.2,71.3,2.2,885076,6960,4,4,bbr1
0.530,44356,30,27360,34.9,39.0,20.2,71.3,2.8,885076,6965,4,4,bbr1
0.536,44356,30,27360,35.4,39.5,20.2,71.3,3.3,1106345,6969,4,4,bbr1
0.549,33570,23,23040,34.7,32.4,20.2,71.3,3.1,1106345,6974,4,4,bbr1
0.557,39266,27,27360,34.4,32.7,20.2,71.3,2.8,1106345,6981,4,4,bbr1
0.564,44356,30,28800,34.2,32.7,20.2,71.3,2.6,1106345,6986,4,4,bbr1
0.571,44356,30,30240,34.1,33.5,20.2,71.3,2.1,1106345,6991,4,4,bbr1
0.577,44356,30,33120,34.2,34.6,20.2,71.3,1.7,1106345,6996,4,4,bbr1
0.583,44356,30,33120,33.8,30.8,20.2,71.3,2.1,663807,7000,4,4,bbr1
0.595,33570,23,25920,33.6,34.0,20.2,71.3,1.6,663807,7003,4,4,bbr1
0.603,39266,27,27360,33.9,35.5,20.2,71.3,1.6,885076,7008,4,4,bbr1
0.609,44356,30,25920,34.2,36.8,20.2,71.3,2.0,885076,7011,4,4,bbr1
0.616,44356,30,27360,34.8,38.6,20.2,71.3,2.6,885076,7016,4,4,bbr1
0.623,44356,30,27360,35.4,39.3,20.2,71.3,3.1,885076,7020,4,4,bbr1
0.629,27874,19,27360,34.9,32.1,20.2,71.3,3.1,1106345,7024,4,4,bbr1
0.636,33570,23,23040,34.6,32.3,20.2,71.3,3.0,1106345,7025,4,4,bbr1
0.643,39266,27,27360,34.4,32.6,20.2,71.3,2.7,1106345,7032,4,4,bbr1
0.650,44356,30,28800,34.2,32.7,20.2,71.3,2.5,1106345,7037,4,4,bbr1
0.657,44356,30,31680,34.0,33.1,20.2,71.3,2.1,1106345,7042,4,4,bbr1
0.663,44356,30,31680,34.0,33.4,20.2,71.3,1.7,663807,7046,4,4,bbr1
0.675,33570,23,24480,33.4,32.3,20.2,71.3,1.9,663807,7049,4,4,bbr1
0.683,39266,27,25920,33.5,33.9,20.2,71.3,1.5,885076,7054,4,4,bbr1
0.688,44356,30,24480,33.7,35.5,20.2,71.3,1.6,885076,7057,4,4,bbr1
0.696,44356,30,25920,34.1,36.8,20.2,71.3,2.0,885076,7062,4,4,bbr1
0.703,44356,30,25920,34.4,36.9,20.2,71.3,2.2,885076,7066,4,4,bbr1
0.709,27874,19,25920,34.1,31.6,20.2,71.3,2.4,885076,7070,4,4,bbr1
0.715,33570,23,23040,33.6,30.3,20.2,71.3,2.7,885076,7072,4,4,bbr1
0.722,39266,27,24480,33.2,30.5,20.2,71.3,2.8,885076,7077,4,4,bbr1
0.729,44356,30,24480,33.0,31.3,20.2,71.3,2.6,1106345,7081,4,4,bbr1
0.736,44003,30,27360,32.8,31.5,20.2,71.3,2.3,1095412,7087,4,4,bbr1
0.749,33393,23,23095,32.4,30.7,20.2,71.3,2.1,1095412,7093,4,4,bbr1
0.756,39089,27,25975,32.1,30.4,20.2,71.3,2.0,1095412,7099,4,4,bbr1
0.764,44003,30,28855,32.1,32.2,20.2,71.3,1.5,1095412,7105,4,4,bbr1
0.771,44003,30,30295,32.3,33.7,20.2,71.3,1.5,1095412,7110,4,4,bbr1
0.777,44003,30,31735,32.7,35.2,20.2,71.3,1.9,1095412,7115,4,4,bbr1
0.784,44003,30,33120,32.5,31.0,20.2,71.3,1.8,657247,7120,4,4,bbr1
0.797,33393,23,25920,32.7,34.0,20.2,71.3,1.4,657247,7123,4,4,bbr1
0.805,39089,27,27360,33.0,35.6,20.2,71.3,1.8,876330,7128,4,4,bbr1
0.810,44003,30,25920,33.5,37.1,20.2,71.3,2.4,876330,7131,4,4,bbr1
0.817,44003,30,25920,34.1,38.4,20.2,71.3,3.0,876330,7135,4,4,bbr1
0.825,44003,30,27360,34.8,39.2,20.2,71.3,3.5,876330,7140,4,4,bbr1
0.831,27697,19,27360,34.4,32.2,20.2,71.3,3.3,1095412,7144,4,4,bbr1
0.837,33393,23,23040,34.2,32.5,20.2,71.3,3.0,1095412,7145,4,4,bbr1
0.844,39089,27,25920,34.0,32.5,20.2,71.3,2.6,1095412,7151,4,4,bbr1
0.852,44003,30,28800,33.8,32.7,20.2,71.3,2.3,1095412,7157,4,4,bbr1
0.859,44003,30,30240,33.7,32.7,20.2,71.3,2.0,1095412,7162,4,4,bbr1
0.871,33393,23,25920,33.3,31.1,20.2,71.3,1.8,657247,7167,4,4,bbr1
0.880,39089,27,27360,33.2,32.7,20.2,71.3,1.5,657247,7172,4,4,bbr1
0.887,44003,30,25920,33.3,34.1,20.2,71.3,1.4,657247,7175,4,4,bbr1
0.893,44003,30,24480,33.6,35.7,20.2,71.3,1.6,876330,7178,4,4,bbr1
0.900,44003,30,24480,34.1,37.2,20.2,71.3,2.1,876330,7182,4,4,bbr1
0.906,44003,30,24480,33.9,32.4,20.2,71.3,2.0,876330,7186,4,4,bbr1
0.912,27697,19,24480,33.6,31.7,20.2,71.3,2.0,1095412,7190,4,4,bbr1
0.919,33393,23,23040,33.1,29.6,20.2,71.3,2.5,1095412,7193,4,4,bbr1
0.926,39089,27,25920,32.7,29.5,20.2,71.3,2.8,1095412,7199,4,4,bbr1
0.933,44003,30,28800,32.3,29.7,20.2,71.3,2.8,1095412,7205,4,4,bbr1
0.940,44003,30,30240,32.0,29.9,20.2,71.3,2.7,1095412,7210,4,4,bbr1
0.953,33393,23,25920,31.7,30.9,20.2,71.3,2.0,657247,7215,4,4,bbr1
0.961,39089,27,27360,31.8,32.5,20.2,71.3,1.6,657247,7220,4,4,bbr1
0.968,44003,30,25920,32.1,33.8,20.2,71.3,1.7,657247,7223,4,4,bbr1
0.974,44003,30,24480,32.5,35.5,20.2,71.3,2.2,876330,7226,4,4,bbr1
0.981,44003,30,24480,33.1,36.9,20.2,71.3,2.7,876330,7230,4,4,bbr1
0.987,44003,30,24480,32.9,32.1,20.2,71.3,2.3,876330,7234,4,4,bbr1
0.993,27697,19,24480,32.8,31.6,20.2,71.3,2.0,1095412,7238,4,4,bbr1
1.000,33393,23,23040,32.4,29.7,20.2,71.3,2.3,1095412,7241,4,4,bbr1
1.007,39089,27,25920,31.9,28.9,20.2,71.3,2.6,1095412,7247,4,4,bbr1
1.014,44003,30,27360,31.6,29.2,20.2,71.3,2.6,1095412,7252,4,4,bbr1
1.021,42724,29,30240,31.3,29.4,20.2,71.3,2.5,1055805,7258,4,4,bbr1
1.034,32754,22,25920,31.2,30.8,20.2,71.3,1.6,633483,7263,4,4,bbr1
1.041,38450,26,25920,31.4,32.2,20.2,71.3,1.4,633483,7267,4,4,bbr1
1.048,42724,29,24480,31.6,33.7,20.2,71.3,1.7,633483,7270,4,4,bbr1
1.054,42724,29,23040,32.1,35.2,20.2,71.3,2.1,844644,7273,4,4,bbr1
1.061,42724,29,23040,32.7,36.8,20.2,71.3,2.8,844644,7277,4,4,bbr1
1.068,27058,18,23040,32.6,32.0,20.2,71.3,2.3,844644,7281,4,4,bbr1
1.074,32754,22,21600,32.4,31.4,20.2,71.3,2.0,844644,7284,4,4,bbr1
1.081,38450,26,23040,32.0,29.1,20.2,71.3,2.3,844644,7289,4,4,bbr1
1.088,42724,29,23040,31.6,28.9,20.2,71.3,2.5,1055805,7293,4,4,bbr1
1.096,42724,29,25920,31.3,28.9,20.2,71.3,2.6,1055805,7299,4,4,bbr1
1.107,31330,21,23040,30.5,28.7,20.2,71.3,2.8,1055805,7304,4,4,bbr1
1.113,37026,25,25920,30.3,28.6,20.2,71.3,2.6,1055805,7310,4,4,bbr1
1.120,42722,29,27360,30.2,29.6,20.2,71.3,2.1,1055805,7315,4,4,bbr1
1.127,42724,29,28800,30.3,30.9,20.2,71.3,1.7,1055805,7320,4,4,bbr1
1.134,42724,29,30240,30.5,32.3,20.2,71.3,1.8,1055805,7325,4,4,bbr1
1.142,42724,29,31680,30.6,31.0,20.2,71.3,1.5,633483,7330,4,4,bbr1
1.153,31330,21,25920,31.1,33.3,20.2,71.3,1.7,633483,7333,4,4,bbr1
1.159,37026,25,25920,31.5,34.6,20.2,71.3,2.2,633483,7337,4,4,bbr1
1.166,42722,29,24480,32.1,36.0,20.2,71.3,2.8,633483,7340,4,4,bbr1
1.173,42724,29,23040,32.7,37.3,20.2,71.3,3.4,844644,7343,4,4,bbr1
1.179,42724,29,23040,33.3,37.7,20.2,71.3,3.8,844644,7347,4,4,bbr1
1.186,42724,29,23040,33.2,31.9,20.2,71.3,3.2,844644,7351,4,4,bbr1
1.193,27058,18,23040,32.9,31.3,20.2,71.3,2.9,1055805,7355,4,4,bbr1
1.200,32754,22,21600,32.4,29.0,20.2,71.3,3.1,1055805,7358,4,4,bbr1
1.207,37026,25,25920,31.9,28.5,20.2,71.3,3.3,1055805,7364,4,4,bbr1
1.212,42722,29,25920,31.5,28.5,20.2,71.3,3.4,1055805,7368,4,4,bbr1
1.219,42724,29,27360,31.1,28.4,20.2,71.3,3.3,1055805,7373,4,4,bbr1
1.232,32754,22,23095,30.7,29.3,20.2,71.3,2.5,1055805,7379,4,4,bbr1
1.239,38450,26,25975,30.7,30.8,20.2,71.3,1.9,1101416,7385,4,4,bbr1
1.247,44146,30,28855,30.9,32.0,20.2,71.3,1.7,1101416,7391,4,4,bbr1
1.253,44197,30,30295,31.1,32.7,20.2,71.3,1.8,1101416,7396,4,4,bbr1
1.260,44197,30,31735,31.6,34.6,20.2,71.3,2.2,1101416,7401,4,4,bbr1
1.267,44197,30,33120,31.5,31.3,20.2,71.3,1.7,660849,7406,4,4,bbr1
1.279,33490,23,25920,32.0,34.1,20.2,71.3,1.8,660849,7409,4,4,bbr1
1.288,39186,27,27360,32.4,35.7,20.2,71.3,2.3,881133,7414,4,4,bbr1
1.294,44197,30,27360,33.0,37.2,20.2,71.3,2.9,881133,7418,4,4,bbr1
1.301,44197,30,27360,33.7,38.7,20.2,71.3,3.6,881133,7422,4,4,bbr1
1.307,44197,30,27360,34.5,39.4,20.2,71.3,4.1,1101416,7426,4,4,bbr1
1.320,33490,23,23040,34.0,32.6,20.2,71.3,3.1,1101416,7431,4,4,bbr1
1.328,39186,27,27360,33.9,32.9,20.2,71.3,2.6,1101416,7438,4,4,bbr1
1.335,44197,30,28800,33.7,32.5,20.2,71.3,2.3,1101416,7443,4,4,bbr1
1.342,44197,30,30240,33.6,33.4,20.2,71.3,1.8,1101416,7448,4,4,bbr1
1.348,44197,30,31680,33.8,34.9,20.2,71.3,1.6,1101416,7453,4,4,bbr1
1.355,44197,30,33120,33.4,30.9,20.2,71.3,2.0,660849,7458,4,4,bbr1
1.368,33490,23,25920,33.4,34.0,20.2,71.3,1.5,660849,7461,4,4,bbr1
1.376,39186,27,27360,33.7,35.6,20.2,71.3,1.7,881133,7466,4,4,bbr1
1.382,44197,30,27360,34.1,37.1,20.2,71.3,2.1,881133,7470,4,4,bbr1
1.389,44197,30,27360,34.6,38.3,20.2,71.3,2.6,881133,7474,4,4,bbr1
0.008,44197,30,0,33.9,32.6,20.2,71.3,2.2,1101416,7477,4,4,bbr1
0.018,44197,30,0,33.3,29.1,20.2,71.3,2.8,1101416,7479,4,4,bbr1
0.045,44197,30,25920,32.1,23.7,20.2,71.3,4.5,1101416,7502,4,4,bbr1
0.052,44197,30,27360,31.2,25.3,20.2,71.3,5.1,1101416,7507,4,4,bbr1
0.058,44197,30,30240,30.6,26.5,20.2,71.3,5.0,1101416,7512,4,4,bbr1
0.064,44197,30,30240,30.3,28.0,20.2,71.3,4.4,1101416,7516,4,4,bbr1
0.070,44197,30,31680,30.2,29.6,20.2,71.3,3.5,1101416,7521,4,4,bbr1
0.077,44197,30,33120,30.3,30.8,20.2,71.3,2.8,660849,7526,4,4,bbr1
0.084,44197,30,33120,30.5,32.3,20.2,71.3,2.6,660849,7529,4,4,bbr1
0.088,44197,30,30240,31.0,33.8,20.2,71.3,2.7,660849,7531,4,4,bbr1
0.094,44197,30,28800,31.5,35.0,20.2,71.3,3.1,660849,7534,4,4,bbr1
0.103,44197,30,28800,32.1,36.3,20.2,71.3,3.5,660849,7538,4,4,bbr1
0.110,44197,30,27360,32.9,38.4,20.2,71.3,4.2,660849,7541,4,4,bbr1
0.116,44197,30,25920,33.8,40.1,20.2,71.3,5.0,660849,7544,4,4,bbr1
0.123,44197,30,24480,34.3,37.8,20.2,71.3,4.7,881133,7547,4,4,bbr1
0.129,44197,30,24480,34.5,36.1,20.2,71.3,4.0,881133,7551,4,4,bbr1
0.135,44197,30,24480,34.4,34.1,20.2,71.3,3.1,881133,7555,4,4,bbr1
0.143,44197,30,25920,34.1,31.9,20.2,71.3,3.0,881133,7560,4,4,bbr1
0.149,44197,30,24480,33.6,30.3,20.2,71.3,3.2,881133,7563,4,4,bbr1
0.157,27794,19,25920,33.1,29.5,20.2,71.3,3.4,881133,7568,4,4,bbr1
0.162,33490,23,23040,32.8,30.2,20.2,71.3,3.3,881133,7570,4,4,bbr1
0.169,39186,27,24480,32.5,30.5,20.2,71.3,3.0,881133,7575,4,4,bbr1
0.176,44197,30,24480,32.2,30.2,20.2,71.3,2.9,1101416,7579,4,4,bbr1
0.183,44197,30,27360,32.0,30.4,20.2,71.3,2.6,1101416,7585,4,4,bbr1
0.190,44197,30,28800,31.9,31.2,20.2,71.3,2.1,1101416,7590,4,4,bbr1
0.201,32066,22,25975,31.5,30.6,20.2,71.3,1.8,660849,7596,4,4,bbr1
0.210,36338,25,28855,31.4,30.6,20.2,71.3,1.6,660849,7601,4,4,bbr1
0.214,42034,29,25975,31.6,32.6,20.2,71.3,1.5,660849,7603,4,4,bbr1
0.221,44197,30,25975,31.9,33.9,20.2,71.3,1.7,660849,7606,4,4,bbr1
0.225,44197,30,23095,32.3,35.4,20.2,71.3,2.1,881133,7608,4,4,bbr1
0.232,44197,30,23095,32.9,36.9,20.2,71.3,2.8,881133,7612,4,4,bbr1
0.240,26409,18,25920,32.9,33.4,20.2,71.3,2.2,881133,7617,4,4,bbr1
0.244,32105,22,21600,32.7,31.2,20.2,71.3,2.1,881133,7618,4,4,bbr1
0.250,37801,26,23040,32.3,29.4,20.2,71.3,2.4,881133,7623,4,4,bbr1
0.257,43497,30,23040,31.8,28.6,20.2,71.3,2.7,880193,7627,4,4,bbr1
0.265,44159,30,24480,31.5,28.9,20.2,71.3,2.8,880193,7632,4,4,bbr1
0.272,44159,30,24480,30.9,27.1,20.2,71.3,3.2,880193,7636,4,4,bbr1
0.276,26351,18,24480,30.6,28.6,20.2,71.3,3.0,880193,7639,4,4,bbr1
0.283,32047,22,21600,30.4,28.5,20.2,71.3,2.8,880193,7641,4,4,bbr1
0.291,37743,26,24480,30.2,28.8,20.2,71.3,2.5,880193,7647,4,4,bbr1
0.297,43439,30,24480,30.0,28.9,20.2,71.3,2.2,1100241,7651,4,4,bbr1
0.304,44159,30,25920,30.0,29.8,20.2,71.3,1.7,1100241,7656,4,4,bbr1
0.310,27775,19,27360,29.6,27.1,20.2,71.3,2.0,1100241,7661,4,4,bbr1
0.315,32047,22,24480,29.5,28.8,20.2,71.3,1.7,1100241,7662,4,4,bbr1
0.322,37743,26,27360,29.4,28.6,20.2,71.3,1.5,1100241,7668,4,4,bbr1
0.329,42015,29,31680,29.4,29.3,20.2,71.3,1.1,1100241,7674,4,4,bbr1
0.336,44159,30,31680,29.6,31.2,20.2,71.3,1.3,660144,7678,4,4,bbr1
0.342,44159,30,31680,29.9,32.1,20.2,71.3,1.6,660144,7681,4,4,bbr1
0.351,32047,22,24535,30.7,33.0,20.2,71.3,2.3,660144,7684,4,4,bbr1
0.359,37743,26,25975,31.2,34.6,20.2,71.3,2.7,880193,7689,4,4,bbr1
0.364,43439,30,24535,31.8,36.2,20.2,71.3,3.2,880193,7692,4,4,bbr1
0.372,44159,30,25975,32.6,37.7,20.2,71.3,3.9,880193,7697,4,4,bbr1
0.379,44159,30,25975,32.9,35.4,20.2,71.3,3.6,880193,7701,4,4,bbr1
0.390,32086,22,21600,32.4,30.9,20.2,71.3,2.9,880193,7705,4,4,bbr1
0.398,37782,26,24480,32.3,31.3,20.2,71.3,2.5,880193,7711,4,4,bbr1
0.403,43478,30,23040,32.1,31.0,20.2,71.3,2.2,880193,7714,4,4,bbr1
0.411,44159,30,24480,32.0,31.2,20.2,71.3,1.9,1100241,7719,4,4,bbr1
0.417,29199,20,24480,31.4,27.0,20.2,71.3,2.6,1096818,7724,4,4,bbr1
0.425,34895,24,24480,31.0,28.8,20.2,71.3,2.6,1096818,7728,4,4,bbr1
0.433,40591,28,28800,30.8,28.7,20.2,71.3,2.5,1096818,7735,4,4,bbr1
0.440,44048,30,30240,30.5,28.9,20.2,71.3,2.4,1096818,7740,4,4,bbr1
0.447,44048,30,31680,30.6,30.9,20.2,71.3,1.9,1096818,7745,4,4,bbr1
0.454,43897,30,33120,30.8,32.5,20.2,71.3,1.9,655284,7750,4,4,bbr1
0.466,33340,23,25920,31.4,34.1,20.2,71.3,2.1,655284,7753,4,4,bbr1
0.475,39036,27,27360,31.9,35.6,20.2,71.3,2.7,873712,7758,4,4,bbr1
0.481,43897,30,27360,32.6,37.1,20.2,71.3,3.3,873712,7762,4,4,bbr1
0.486,43897,30,25920,33.3,38.3,20.2,71.3,3.9,873712,7765,4,4,bbr1
0.494,43897,30,27360,34.0,39.3,20.2,71.3,4.4,873712,7770,4,4,bbr1
0.500,27644,19,27360,33.8,32.1,20.2,71.3,3.8,1092140,7774,4,4,bbr1
0.507,33340,23,23040,33.5,31.7,20.2,71.3,3.4,1092140,7775,4,4,bbr1
0.513,39036,27,25920,33.4,32.5,20.2,71.3,2.8,1092140,7781,4,4,bbr1
0.521,43897,30,28800,33.3,32.6,20.2,71.3,2.3,1092140,7787,4,4,bbr1
0.528,43897,30,30240,33.2,32.7,20.2,71.3,1.9,1092140,7792,4,4,bbr1
0.540,33340,23,25920,32.9,30.9,20.2,71.3,1.6,655284,7797,4,4,bbr1
0.549,39036,27,27360,32.9,32.4,20.2,71.3,1.4,655284,7802,4,4,bbr1
0.556,43897,30,25920,33.0,33.9,20.2,71.3,1.3,655284,7805,4,4,bbr1
0.562,43897,30,24480,33.3,35.4,20.2,71.3,1.6,873712,7808,4,4,bbr1
0.569,43897,30,24480,33.8,36.9,20.2,71.3,2.1,873712,7812,4,4,bbr1
0.575,27644,19,24480,33.6,32.1,20.2,71.3,2.0,1092140,7816,4,4,bbr1
0.581,33340,23,23040,33.3,31.6,20.2,71.3,2.0,1092140,7819,4,4,bbr1
0.589,39036,27,27360,32.9,29.6,20.2,71.3,2.4,1092140,7826,4,4,bbr1
0.596,43897,30,28800,32.4,29.4,20.2,71.3,2.7,1092140,7831,4,4,bbr1
0.603,43897,30,30240,32.0,29.1,20.2,71.3,2.8,1092140,7836,4,4,bbr1
0.615,33340,23,25920,31.7,31.1,20.2,71.3,2.0,655284,7841,4,4,bbr1
0.624,39036,27,27360,31.8,32.6,20.2,71.3,1.7,655284,7846,4,4,bbr1
0.631,43897,30,25920,32.1,34.1,20.2,71.3,1.9,655284,7849,4,4,bbr1
0.636,43897,30,24480,32.6,35.6,20.2,71.3,2.3,873712,7852,4,4,bbr1
0.643,43897,30,24480,33.1,37.2,20.2,71.3,2.8,873712,7856,4,4,bbr1
0.650,43897,30,24480,33.0,32.1,20.2,71.3,2.4,873712,7860,4,4,bbr1
0.657,27644,19,24480,32.8,31.7,20.2,71.3,2.1,873712,7864,4,4,bbr1
0.662,33340,23,23040,32.4,29.6,20.2,71.3,2.4,873712,7867,4,4,bbr1
0.669,39036,27,24480,32.1,29.4,20.2,71.3,2.6,873712,7872,4,4,bbr1
0.676,43897,30,24480,31.7,29.1,20.2,71.3,2.7,1092140,7876,4,4,bbr1
0.684,43897,30,27360,31.4,29.3,20.2,71.3,2.6,1092140,7882,4,4,bbr1
0.697,33340,23,23040,31.0,30.2,20.2,71.3,2.1,1092140,7887,4,4,bbr1
0.703,39036,27,25920,30.9,30.2,20.2,71.3,1.7,1092140,7893,4,4,bbr1
0.711,42639,29,28800,31.0,31.5,20.2,71.3,1.4,1053150,7899,4,4,bbr1
0.717,42659,29,28800,31.2,32.7,20.2,71.3,1.5,1053783,7903,4,4,bbr1
0.724,42659,29,28800,31.7,34.8,20.2,71.3,2.0,1053783,7907,4,4,bbr1
0.731,42659,29,31680,31.6,30.9,20.2,71.3,1.7,1053783,7913,4,4,bbr1
0.738,42659,29,33120,31.7,32.5,20.2,71.3,1.5,632270,7918,4,4,bbr1
0.751,32721,22,25920,32.4,35.2,20.2,71.3,2.1,632270,7921,4,4,bbr1
0.757,38417,26,25920,32.9,36.5,20.2,71.3,2.6,632270,7925,4,4,bbr1
0.764,42907,29,24480,33.5,37.5,20.2,71.3,3.1,636882,7928,4,4,bbr1
0.771,42907,29,23040,34.1,38.8,20.2,71.3,3.7,849177,7931,4,4,bbr1
0.778,42907,29,23040,34.8,39.1,20.2,71.3,4.0,849177,7935,4,4,bbr1
0.784,27149,18,23040,34.4,32.1,20.2,71.3,3.7,1061471,7939,4,4,bbr1
0.791,32845,22,21600,34.1,31.5,20.2,71.3,3.5,1061471,7942,4,4,bbr1
0.798,38541,26,24480,33.4,29.2,20.2,71.3,3.8,1061471,7948,4,4,bbr1
0.805,42907,29,25920,32.9,29.1,20.2,71.3,4.0,1061471,7953,4,4,bbr1
0.812,42907,29,27360,32.4,29.1,20.2,71.3,3.9,1061471,7958,4,4,bbr1
0.823,31421,21,24480,31.4,29.3,20.2,71.3,3.9,1061471,7963,4,4,bbr1
0.830,37117,25,25920,31.3,30.6,20.2,71.3,3.1,1061471,7968,4,4,bbr1
0.837,42813,29,28800,31.4,32.0,20.2,71.3,2.5,1061471,7974,4,4,bbr1
0.844,42907,29,30240,31.6,33.4,20.2,71.3,2.4,1061471,7979,4,4,bbr1
0.852,42907,29,31680,32.0,34.7,20.2,71.3,2.5,636882,7984,4,4,bbr1
0.864,32845,22,24480,32.3,33.7,20.2,71.3,1.9,636882,7987,4,4,bbr1
0.871,38541,26,24480,32.6,35.1,20.2,71.3,2.1,849177,7991,4,4,bbr1
0.878,42907,29,24480,33.1,36.5,20.2,71.3,2.5,849177,7995,4,4,bbr1
0.885,42907,29,25920,33.7,37.8,20.2,71.3,3.1,849177,8000,4,4,bbr1
0.892,42907,29,25920,34.1,37.3,20.2,71.3,3.2,849177,8004,4,4,bbr1
0.899,27149,18,25920,33.8,31.6,20.2,71.3,3.0,1061471,8008,4,4,bbr1
0.905,32845,22,21600,33.4,30.5,20.2,71.3,3.1,1061471,8009,4,4,bbr1
0.911,38541,26,24480,33.0,30.4,20.2,71.3,3.1,1061471,8015,4,4,bbr1
0.918,42907,29,25920,32.7,30.5,20.2,71.3,2.9,1061471,8020,4,4,bbr1
0.925,42907,29,27360,32.4,30.4,20.2,71.3,2.8,1061471,8025,4,4,bbr1
0.937,31421,21,24535,31.5,29.4,20.2,71.3,3.2,1061471,8031,4,4,bbr1
0.944,37117,25,25975,31.4,30.7,20.2,71.3,2.6,1061471,8036,4,4,bbr1
0.950,42813,29,28855,31.4,32.1,20.2,71.3,2.1,1061471,8042,4,4,bbr1
0.957,42907,29,30295,31.7,33.6,20.2,71.3,2.1,1061471,8047,4,4,bbr1
0.965,42907,29,31735,32.1,34.8,20.2,71.3,2.3,636882,8052,4,4,bbr1
0.976,31460,21,25920,31.9,32.3,20.2,71.3,1.7,636882,8055,4,4,bbr1
0.983,37156,25,25920,32.3,34.8,20.2,71.3,2.0,636882,8059,4,4,bbr1
0.989,42852,29,24480,32.8,36.2,20.2,71.3,2.5,636882,8062,4,4,bbr1
0.996,42907,29,23040,33.4,37.5,20.2,71.3,3.0,849177,8065,4,4,bbr1
1.003,42907,29,23040,33.9,37.9,20.2,71.3,3.4,849177,8069,4,4,bbr1
1.010,27149,18,23040,33.7,32.1,20.2,71.3,3.0,849177,8073,4,4,bbr1
1.016,32845,22,21600,33.4,31.5,20.2,71.3,2.8,849177,8076,4,4,bbr1
1.023,38541,26,23040,32.9,29.2,20.2,71.3,3.2,849177,8081,4,4,bbr1
1.030,42907,29,23040,32.4,29.2,20.2,71.3,3.3,849177,8085,4,4,bbr1
1.037,42907,29,23040,32.0,29.2,20.2,71.3,3.3,849177,8089,4,4,bbr1
1.044,28573,19,21600,31.4,27.0,20.2,71.3,3.7,1061471,8093,4,4,bbr1
1.052,34269,23,23040,31.1,28.7,20.2,71.3,3.5,1061471,8098,4,4,bbr1
1.059,38541,26,27360,30.7,28.3,20.2,71.3,3.3,1061471,8104,4,4,bbr1
1.064,42907,29,27360,30.4,28.3,20.2,71.3,3.1,1061471,8108,4,4,bbr1
1.071,42907,29,28800,30.1,28.3,20.2,71.3,2.8,1061471,8113,4,4,bbr1
1.083,31421,21,25920,29.9,28.8,20.2,71.3,2.0,636882,8118,4,4,bbr1
1.089,37117,25,25920,30.1,31.8,20.2,71.3,2.0,636882,8122,4,4,bbr1
1.096,42813,29,24480,30.5,33.1,20.2,71.3,2.2,658976,8125,4,4,bbr1
1.104,44096,30,24480,31.0,34.5,20.2,71.3,2.6,878635,8129,4,4,bbr1
1.110,44096,30,23040,31.6,35.8,20.2,71.3,3.2,878635,8132,4,4,bbr1
1.117,27744,19,24480,31.7,32.0,20.2,71.3,2.5,878635,8137,4,4,bbr1
1.123,33440,23,23040,31.6,31.4,20.2,71.3,1.9,878635,8140,4,4,bbr1
1.131,39136,27,24480,31.4,29.4,20.2,71.3,2.0,878635,8145,4,4,bbr1
1.137,44096,30,24480,31.1,29.2,20.2,71.3,2.1,1098293,8149,4,4,bbr1
1.145,44096,30,27360,30.9,29.3,20.2,71.3,2.0,1098293,8155,4,4,bbr1
1.155,32016,22,24480,30.5,29.7,20.2,71.3,1.7,1098293,8160,4,4,bbr1
1.162,37712,26,27360,30.4,29.9,20.2,71.3,1.4,1098293,8166,4,4,bbr1
1.170,43408,30,30240,30.5,30.8,20.2,71.3,1.2,1098293,8172,4,4,bbr1
1.177,44096,30,31680,30.7,32.3,20.2,71.3,1.3,1098293,8177,4,4,bbr1
1.184,44096,30,33120,31.1,33.8,20.2,71.3,1.8,658976,8182,4,4,bbr1
1.196,33440,23,25920,31.6,33.9,20.2,71.3,1.9,658976,8185,4,4,bbr1
1.204,39136,27,27360,32.1,35.6,20.2,71.3,2.4,878635,8190,4,4,bbr1
1.210,44096,30,25920,32.7,37.1,20.2,71.3,3.1,878635,8193,4,4,bbr1
1.217,44096,30,27360,33.4,38.3,20.2,71.3,3.7,878635,8198,4,4,bbr1
1.224,44096,30,27360,34.1,39.2,20.2,71.3,4.2,878635,8202,4,4,bbr1
1.231,27744,19,27360,33.9,32.1,20.2,71.3,3.7,878635,8206,4,4,bbr1
1.237,33440,23,23040,33.7,32.4,20.2,71.3,3.1,878635,8207,4,4,bbr1
1.245,39136,27,25920,33.6,32.5,20.2,71.3,2.7,878635,8213,4,4,bbr1
1.251,44096,30,25920,33.5,32.8,20.2,71.3,2.2,1098293,8217,4,4,bbr1
1.258,44096,30,27360,33.4,32.8,20.2,71.3,1.8,1098293,8222,4,4,bbr1
1.271,33440,23,23040,32.9,30.6,20.2,71.3,1.8,1098293,8227,4,4,bbr1
1.278,37712,26,28800,32.7,30.9,20.2,71.3,1.9,1098293,8234,4,4,bbr1
1.284,43408,30,28800,32.5,31.2,20.2,71.3,1.8,1098293,8238,4,4,bbr1
1.290,44096,30,30240,32.6,33.0,20.2,71.3,1.5,1098293,8243,4,4,bbr1
1.297,44096,30,31680,32.8,34.5,20.2,71.3,1.6,1098293,8248,4,4,bbr1
1.304,44096,30,33120,32.6,30.9,20.2,71.3,1.6,658976,8253,4,4,bbr1
1.316,33440,23,25920,32.7,33.9,20.2,71.3,1.3,658976,8256,4,4,bbr1
1.325,39136,27,27360,33.1,35.5,20.2,71.3,1.7,878635,8261,4,4,bbr1
1.330,44096,30,25920,33.6,37.1,20.2,71.3,2.3,878635,8264,4,4,bbr1
1.338,44096,30,27360,34.2,38.4,20.2,71.3,2.9,878635,8269,4,4,bbr1
1.345,44096,30,27360,34.8,39.2,20.2,71.3,3.4,878635,8273,4,4,bbr1
1.351,27744,19,27360,34.5,32.1,20.2,71.3,3.2,878635,8277,4,4,bbr1
1.357,33440,23,23040,34.2,32.5,20.2,71.3,2.9,878635,8278,4,4,bbr1
1.366,39136,27,25920,34.0,32.6,20.2,71.3,2.6,878635,8284,4,4,bbr1
1.372,44096,30,25920,33.8,32.6,20.2,71.3,2.3,878635,8288,4,4,bbr1
1.379,44096,30,25920,33.7,32.8,20.2,71.3,2.0,878635,8292,4,4,bbr1
1.385,27744,19,25920,33.6,33.3,20.2,71.3,1.6,1098293,8296,4,4,bbr1
1.391,33440,23,23040,33.2,30.5,20.2,71.3,2.0,1098293,8298,4,4,bbr1
1.399,39136,27,27360,32.9,30.7,20.2,71.3,2.1,1098293,8305,4,4,bbr1
1.406,44096,30,28800,32.6,30.4,20.2,71.3,2.2,1098293,8310,4,4,bbr1
1.412,44096,30,30240,32.4,31.1,20.2,71.3,2.0,1098293,8315,4,4,bbr1
0.005,43986,30,0,34.0,37.7,20.2,71.3,3.0,1094878,8319,4,4,bbr1
0.008,43986,30,0,33.0,26.6,20.2,71.3,4.1,1094878,8321,4,4,bbr1
0.035,43986,30,25920,31.9,23.7,20.2,71.3,5.4,1094878,8344,4,4,bbr1
0.041,43986,30,27360,31.1,25.2,20.2,71.3,5.7,1094878,8349,4,4,bbr1
0.048,43986,30,28800,30.5,26.7,20.2,71.3,5.3,1094878,8354,4,4,bbr1
0.055,43986,30,30240,30.2,28.3,20.2,71.3,4.6,1094878,8359,4,4,bbr1
0.061,43986,30,33120,30.1,29.4,20.2,71.3,3.6,1094878,8364,4,4,bbr1
0.067,43986,30,33120,30.2,30.9,20.2,71.3,2.9,656927,8368,4,4,bbr1
0.074,43986,30,31680,30.5,32.4,20.2,71.3,2.7,656927,8371,4,4,bbr1
0.080,43986,30,30240,30.9,33.9,20.2,71.3,2.9,656927,8374,4,4,bbr1
0.087,43986,30,28800,31.5,35.5,20.2,71.3,3.3,656927,8377,4,4,bbr1
0.094,43986,30,27360,32.2,36.7,20.2,71.3,3.8,656927,8380,4,4,bbr1
0.101,44081,30,25920,32.9,38.4,20.2,71.3,4.4,658699,8383,4,4,bbr1
0.106,44081,30,24480,33.7,39.1,20.2,71.3,4.8,878266,8386,4,4,bbr1
0.113,44081,30,24480,34.1,37.2,20.2,71.3,4.5,878266,8390,4,4,bbr1
0.121,44081,30,25920,34.3,35.1,20.2,71.3,3.6,878266,8395,4,4,bbr1
0.128,44081,30,25920,34.1,32.8,20.2,71.3,3.1,878266,8399,4,4,bbr1
0.134,44081,30,25920,33.6,30.6,20.2,71.3,3.2,878266,8403,4,4,bbr1
0.141,44081,30,25920,33.2,30.3,20.2,71.3,3.2,878266,8407,4,4,bbr1
0.147,27736,19,25920,32.9,30.6,20.2,71.3,3.1,878266,8411,4,4,bbr1
0.154,33432,23,23040,32.7,31.3,20.2,71.3,2.7,878266,8413,4,4,bbr1
0.161,39128,27,24480,32.5,31.5,20.2,71.3,2.3,878266,8418,4,4,bbr1
0.169,44081,30,25920,32.4,31.3,20.2,71.3,2.1,1097832,8423,4,4,bbr1
0.175,44081,30,27360,32.3,31.4,20.2,71.3,1.8,1097832,8428,4,4,bbr1
0.188,33432,23,23040,32.0,30.4,20.2,71.3,1.6,1097832,8433,4,4,bbr1
0.196,37704,26,28800,31.8,30.7,20.2,71.3,1.5,1097832,8440,4,4,bbr1
0.201,43400,30,28800,31.7,30.9,20.2,71.3,1.3,1097832,8444,4,4,bbr1
0.207,44081,30,30240,31.8,32.8,20.2,71.3,1.3,1097832,8449,4,4,bbr1
0.214,44081,30,31680,32.1,34.3,20.2,71.3,1.6,1097832,8454,4,4,bbr1
0.221,44081,30,33120,32.0,30.8,20.2,71.3,1.5,658699,8459,4,4,bbr1
0.232,32008,22,27360,32.2,33.6,20.2,71.3,1.2,659082,8462,4,4,bbr1
0.239,37704,26,27360,32.5,35.1,20.2,71.3,1.7,659082,8466,4,4,bbr1
0.247,43400,30,27360,33.1,36.7,20.2,71.3,2.3,659082,8470,4,4,bbr1
0.254,44102,30,25920,33.6,37.8,20.2,71.3,2.9,659082,8473,4,4,bbr1
0.260,44102,30,24480,34.4,39.6,20.2,71.3,3.7,878776,8476,4,4,bbr1
0.267,27747,19,24480,34.3,33.8,20.2,71.3,2.9,878776,8480,4,4,bbr1
0.271,32019,22,24480,34.3,34.6,20.2,71.3,2.2,878776,8483,4,4,bbr1
0.278,37715,26,24480,34.1,32.3,20.2,71.3,2.2,878776,8487,4,4,bbr1
0.284,43411,30,24480,33.6,30.1,20.2,71.3,2.6,878776,8491,4,4,bbr1
0.292,44102,30,27360,33.1,29.4,20.2,71.3,3.0,1098470,8496,4,4,bbr1
0.297,44102,30,27360,32.6,29.4,20.2,71.3,3.2,1098470,8500,4,4,bbr1
0.310,33443,23,23040,31.9,29.8,20.2,71.3,3.0,1098470,8505,4,4,bbr1
0.317,39139,27,27360,31.7,30.0,20.2,71.3,2.7,1098470,8512,4,4,bbr1
0.324,44253,30,28800,31.6,31.0,20.2,71.3,2.2,1103157,8517,4,4,bbr1
0.331,44253,30,30240,31.7,32.6,20.2,71.3,1.9,1103157,8522,4,4,bbr1
0.337,44253,30,31680,32.0,34.2,20.2,71.3,2.1,1103157,8527,4,4,bbr1
0.345,44253,30,33120,31.9,31.2,20.2,71.3,1.7,661894,8532,4,4,bbr1
0.357,33518,23,25920,32.3,34.2,20.2,71.3,1.7,661894,8535,4,4,bbr1
0.365,39214,27,27360,32.7,35.8,20.2,71.3,2.1,882526,8540,4,4,bbr1
0.371,44253,30,25920,33.3,37.3,20.2,71.3,2.7,882526,8543,4,4,bbr1
0.378,44253,30,27360,34.0,38.9,20.2,71.3,3.5,882526,8548,4,4,bbr1
0.384,44253,30,27360,34.7,39.5,20.2,71.3,4.0,1103157,8552,4,4,bbr1
0.398,33518,23,23040,34.1,32.4,20.2,71.3,3.2,1103157,8557,4,4,bbr1
0.406,39214,27,27360,34.0,32.7,20.2,71.3,2.8,1103157,8564,4,4,bbr1
0.412,44253,30,28800,33.8,32.8,20.2,71.3,2.4,1103157,8569,4,4,bbr1
0.419,44253,30,30240,33.8,33.5,20.2,71.3,1.8,1103157,8574,4,4,bbr1
0.425,44253,30,31680,33.9,35.1,20.2,71.3,1.7,1103157,8579,4,4,bbr1
0.433,44253,30,33120,33.6,31.0,20.2,71.3,2.0,661894,8584,4,4,bbr1
0.445,33518,23,25920,33.6,34.2,20.2,71.3,1.5,661894,8587,4,4,bbr1
0.453,39214,27,27360,33.8,35.7,20.2,71.3,1.7,882526,8592,4,4,bbr1
0.459,43486,30,27360,34.2,36.7,20.2,71.3,2.0,882526,8595,4,4,bbr1
0.465,44253,30,27360,34.7,38.5,20.2,71.3,2.5,882526,8599,4,4,bbr1
0.472,44253,30,27360,35.4,40.0,20.2,71.3,3.2,882526,8603,4,4,bbr1
0.478,27822,19,27360,35.0,32.1,20.2,71.3,3.2,882526,8607,4,4,bbr1
0.483,32094,22,24480,34.7,32.8,20.2,71.3,3.0,882526,8608,4,4,bbr1
0.491,36366,25,28800,34.4,32.0,20.2,71.3,2.9,882526,8614,4,4,bbr1
0.496,42062,29,27360,34.1,32.2,20.2,71.3,2.7,882526,8617,4,4,bbr1
0.501,44253,30,25920,33.9,32.5,20.2,71.3,2.4,1103157,8620,4,4,bbr1
0.508,44253,30,28800,33.7,32.7,20.2,71.3,2.1,1103157,8626,4,4,bbr1
0.521,33518,23,25920,33.2,32.2,20.2,71.3,2.1,661894,8632,4,4,bbr1
0.530,39214,27,27360,33.1,32.5,20.2,71.3,1.7,661894,8637,4,4,bbr1
0.537,44253,30,25920,33.1,33.4,20.2,71.3,1.4,661894,8640,4,4,bbr1
0.543,44253,30,24480,33.4,34.9,20.2,71.3,1.5,882526,8643,4,4,bbr1
0.550,44253,30,24480,33.7,36.5,20.2,71.3,1.9,882526,8647,4,4,bbr1
0.555,27822,19,24480,33.5,32.2,20.2,71.3,1.8,1103157,8651,4,4,bbr1
0.562,33518,23,23040,33.3,31.6,20.2,71.3,1.8,1103157,8654,4,4,bbr1
0.570,39214,27,27360,32.9,29.6,20.2,71.3,2.3,1103157,8661,4,4,bbr1
0.577,44253,30,28800,32.4,29.2,20.2,71.3,2.6,1103157,8666,4,4,bbr1
0.583,44253,30,30240,32.0,29.5,20.2,71.3,2.7,1103157,8671,4,4,bbr1
0.596,33518,23,25920,31.8,31.2,20.2,71.3,1.9,661894,8676,4,4,bbr1
0.605,39214,27,27360,31.9,32.7,20.2,71.3,1.6,661894,8681,4,4,bbr1
0.611,44253,30,25920,32.2,34.3,20.2,71.3,1.8,661894,8684,4,4,bbr1
0.617,44253,30,25920,32.6,35.4,20.2,71.3,2.1,882526,8687,4,4,bbr1
0.622,44253,30,24480,33.1,36.6,20.2,71.3,2.6,882526,8690,4,4,bbr1
0.629,27822,19,24480,33.0,32.1,20.2,71.3,2.2,882526,8694,4,4,bbr1
0.633,32094,22,24480,33.0,32.8,20.2,71.3,1.7,882526,8697,4,4,bbr1
0.640,37790,26,24480,32.7,30.9,20.2,71.3,1.8,882526,8701,4,4,bbr1
0.648,43486,30,25920,32.3,29.4,20.2,71.3,2.2,882526,8706,4,4,bbr1
0.653,44253,30,24480,32.0,29.7,20.2,71.3,2.3,1103157,8709,4,4,bbr1
0.661,27822,19,27360,31.7,29.5,20.2,71.3,2.3,1103157,8715,4,4,bbr1
0.667,33518,23,23040,31.5,30.3,20.2,71.3,2.1,1103157,8716,4,4,bbr1
0.677,39214,27,27360,31.4,30.5,20.2,71.3,1.8,1103157,8723,4,4,bbr1
0.682,44253,30,27360,31.2,30.2,20.2,71.3,1.6,1103157,8727,4,4,bbr1
0.688,44253,30,28800,31.3,32.0,20.2,71.3,1.4,1103157,8732,4,4,bbr1
0.694,42634,29,30240,31.6,33.5,20.2,71.3,1.6,1052993,8737,4,4,bbr1
0.702,42634,29,31680,31.5,31.0,20.2,71.3,1.3,631796,8742,4,4,bbr1
0.713,31285,21,25920,31.6,32.9,20.2,71.3,1.3,631796,8745,4,4,bbr1
0.720,35557,24,27360,31.9,33.9,20.2,71.3,1.6,631796,8749,4,4,bbr1
0.727,41253,28,25920,32.3,35.5,20.2,71.3,2.1,631796,8752,4,4,bbr1
0.733,42614,29,24480,32.9,37.1,20.2,71.3,2.8,631429,8755,4,4,bbr1
0.740,42614,29,23040,33.6,38.4,20.2,71.3,3.4,841906,8758,4,4,bbr1
0.745,27003,18,21600,33.4,32.0,20.2,71.3,3.0,1052382,8761,4,4,bbr1
0.750,31275,21,23040,33.3,32.6,20.2,71.3,2.4,1052382,8765,4,4,bbr1
0.758,35547,24,27360,33.0,30.8,20.2,71.3,2.5,1052382,8771,4,4,bbr1
0.762,41243,28,25920,32.4,28.4,20.2,71.3,3.0,1052382,8774,4,4,bbr1
0.769,42614,29,27360,31.7,26.8,20.2,71.3,3.6,1052382,8779,4,4,bbr1
0.776,42614,29,28800,31.3,28.2,20.2,71.3,3.6,1052382,8784,4,4,bbr1
0.789,32699,22,24480,31.0,30.8,20.2,71.3,2.4,631429,8789,4,4,bbr1
0.796,38395,26,24480,31.1,32.0,20.2,71.3,2.1,632588,8793,4,4,bbr1
0.803,42676,29,23040,31.4,33.5,20.2,71.3,2.1,632588,8796,4,4,bbr1
0.809,42676,29,21600,31.8,34.7,20.2,71.3,2.4,843451,8799,4,4,bbr1
0.816,42676,29,21600,32.4,36.1,20.2,71.3,2.9,843451,8803,4,4,bbr1
0.823,27034,18,21600,32.3,31.5,20.2,71.3,2.4,1054313,8807,4,4,bbr1
0.830,32730,22,21600,31.9,29.2,20.2,71.3,2.5,1054313,8811,4,4,bbr1
0.836,38426,26,24480,31.3,27.0,20.2,71.3,3.1,1054313,8817,4,4,bbr1
0.843,42676,29,25920,30.7,26.9,20.2,71.3,3.4,1054313,8822,4,4,bbr1
0.850,42676,29,27360,30.3,27.0,20.2,71.3,3.5,1054313,8827,4,4,bbr1
0.862,31306,21,24480,29.8,29.4,20.2,71.3,2.7,1054313,8832,4,4,bbr1
0.869,37002,25,25920,29.9,30.7,20.2,71.3,2.2,1054313,8837,4,4,bbr1
0.875,42676,29,28800,30.2,32.0,20.2,71.3,2.2,1054313,8843,4,4,bbr1
0.882,42676,29,30240,30.6,33.3,20.2,71.3,2.5,1054313,8848,4,4,bbr1
0.890,42676,29,31680,31.1,34.6,20.2,71.3,2.8,632588,8853,4,4,bbr1
0.902,32730,22,24480,31.5,33.7,20.2,71.3,2.5,632588,8856,4,4,bbr1
0.909,38426,26,24480,32.0,35.0,20.2,71.3,2.7,843451,8860,4,4,bbr1
0.917,42691,29,25920,32.5,36.3,20.2,71.3,3.1,843810,8865,4,4,bbr1
0.923,42691,29,24480,33.2,37.6,20.2,71.3,3.6,843810,8868,4,4,bbr1
0.930,42691,29,24480,33.6,37.1,20.2,71.3,3.7,1054762,8872,4,4,bbr1
0.943,32737,22,21600,33.1,30.9,20.2,71.3,3.1,1054762,8878,4,4,bbr1
0.950,38433,26,24480,32.8,30.4,20.2,71.3,3.0,1054762,8884,4,4,bbr1
0.957,42691,29,25920,32.5,30.3,20.2,71.3,2.8,1054762,8889,4,4,bbr1
0.964,42691,29,27360,32.3,31.5,20.2,71.3,2.4,1054762,8894,4,4,bbr1
0.970,42691,29,28800,31.7,27.0,20.2,71.3,3.1,1054762,8899,4,4,bbr1
0.976,42691,29,30240,31.4,29.3,20.2,71.3,2.9,1054762,8903,4,4,bbr1
0.984,42691,29,31680,31.3,30.7,20.2,71.3,2.4,632857,8908,4,4,bbr1
0.996,31313,21,25920,31.6,32.9,20.2,71.3,1.9,632857,8911,4,4,bbr1
1.003,37009,25,25920,31.9,34.3,20.2,71.3,2.1,632857,8915,4,4,bbr1
1.010,42691,29,24480,32.4,35.7,20.2,71.3,2.5,632857,8918,4,4,bbr1
1.015,42691,29,23040,32.9,36.6,20.2,71.3,2.9,843810,8921,4,4,bbr1
1.021,42691,29,21600,33.4,36.9,20.2,71.3,3.2,843810,8924,4,4,bbr1
1.029,42691,29,23040,33.1,30.9,20.2,71.3,3.0,843810,8929,4,4,bbr1
1.036,27041,18,23040,32.6,29.6,20.2,71.3,3.1,1054762,8933,4,4,bbr1
1.041,32737,22,21600,32.0,27.4,20.2,71.3,3.7,1054762,8936,4,4,bbr1
1.048,38433,26,24480,31.4,27.0,20.2,71.3,4.0,1054762,8942,4,4,bbr1
1.055,42691,29,25920,30.8,26.9,20.2,71.3,4.1,1054762,8947,4,4,bbr1
1.062,42691,29,27360,30.4,27.3,20.2,71.3,4.0,1054762,8952,4,4,bbr1
1.069,28465,19,27360,29.9,26.9,20.2,71.3,3.8,1098166,8957,4,4,bbr1
1.077,34161,23,23040,29.9,29.9,20.2,71.3,2.9,1098166,8958,4,4,bbr1
1.085,39857,27,27360,30.1,31.3,20.2,71.3,2.5,1098166,8965,4,4,bbr1
1.092,44092,30,28800,30.4,32.6,20.2,71.3,2.5,1098166,8970,4,4,bbr1
1.098,44092,30,30240,30.9,33.9,20.2,71.3,2.7,1098166,8975,4,4,bbr1
1.104,44092,30,31680,31.4,35.3,20.2,71.3,3.2,1098166,8980,4,4,bbr1
1.112,44092,30,33120,31.4,31.2,20.2,71.3,2.4,658899,8985,4,4,bbr1
1.124,33438,23,25920,31.9,34.3,20.2,71.3,2.3,658899,8988,4,4,bbr1
1.133,39134,27,27360,32.4,35.7,20.2,71.3,2.7,878533,8993,4,4,bbr1
1.138,44092,30,25920,33.0,37.3,20.2,71.3,3.2,878533,8996,4,4,bbr1
1.146,44092,30,27360,33.7,38.9,20.2,71.3,3.9,878533,9001,4,4,bbr1
1.152,44092,30,27360,34.4,39.6,20.2,71.3,4.4,1098166,9005,4,4,bbr1
1.165,32014,22,24480,33.9,32.3,20.2,71.3,3.4,1098166,9010,4,4,bbr1
1.170,37710,26,25920,33.7,32.1,20.2,71.3,3.0,1098166,9015,4,4,bbr1
1.177,43406,30,27360,33.6,32.7,20.2,71.3,2.5,1098166,9020,4,4,bbr1
1.185,44092,30,30240,33.4,32.4,20.2,71.3,2.2,1098166,9026,4,4,bbr1
1.191,44092,30,31680,33.5,34.4,20.2,71.3,1.9,1098166,9031,4,4,bbr1
1.199,44092,30,33120,33.2,30.8,20.2,71.3,2.1,658899,9036,4,4,bbr1
1.211,33438,23,25920,33.2,33.8,20.2,71.3,1.5,658899,9039,4,4,bbr1
1.219,39134,27,27360,33.4,35.4,20.2,71.3,1.7,878533,9044,4,4,bbr1
1.224,44092,30,25920,33.9,36.9,20.2,71.3,2.1,878533,9047,4,4,bbr1
1.232,44092,30,27360,34.4,38.4,20.2,71.3,2.7,878533,9052,4,4,bbr1
1.239,44092,30,28800,35.1,39.6,20.2,71.3,3.3,878533,9056,4,4,bbr1
1.243,27742,19,27360,34.7,32.2,20.2,71.3,3.2,1098166,9059,4,4,bbr1
1.248,32014,22,24480,34.5,32.8,20.2,71.3,2.9,1098166,9060,4,4,bbr1
1.255,37710,26,27360,34.2,32.5,20.2,71.3,2.6,1098166,9066,4,4,bbr1
1.263,43406,30,30240,34.0,32.7,20.2,71.3,2.4,1098166,9072,4,4,bbr1
1.269,44092,30,31680,33.9,32.5,20.2,71.3,2.1,1098166,9077,4,4,bbr1
1.276,44092,30,33120,33.7,32.6,20.2,71.3,1.9,658899,9082,4,4,bbr1
1.289,33438,23,25920,33.6,33.7,20.2,71.3,1.4,658899,9085,4,4,bbr1
1.297,39134,27,27360,33.8,35.5,20.2,71.3,1.5,878533,9090,4,4,bbr1
1.302,44092,30,25920,34.2,37.1,20.2,71.3,1.9,878533,9093,4,4,bbr1
0.007,3072,2,0,33.9,32.8,20.2,71.3,2.2,878533,9098,5,5,bbr1
0.006,5760,4,0,33.5,30.2,20.2,71.3,2.6,1098166,9100,5,5,bbr1
0.032,12880,8,0,32.3,23.8,20.2,71.3,4.4,1098166,9105,5,5,bbr1
0.057,20000,13,5760,30.9,21.2,20.2,71.3,6.0,1098166,9114,5,5,bbr1
0.064,25696,17,8640,29.9,22.7,20.2,71.3,6.6,1098166,9120,5,5,bbr1
0.082,31392,21,20160,28.7,20.8,20.2,71.3,7.2,1098166,9132,5,5,bbr1
0.088,37088,25,21600,27.9,22.3,20.2,71.3,7.0,1098166,9137,5,5,bbr1
0.094,42784,29,23040,27.4,23.9,20.2,71.3,6.3,1098166,9142,5,5,bbr1
0.101,44092,30,24480,27.2,25.3,20.2,71.3,5.2,1098166,9147,5,5,bbr1
0.109,45019,31,27360,26.7,23.5,20.2,71.3,4.8,1126893,9153,5,5,bbr1
0.116,45019,31,28800,26.7,26.7,20.2,71.3,3.6,1126893,9158,5,5,bbr1
0.121,45019,31,31680,26.8,27.9,20.2,71.3,3.0,1126893,9163,5,5,bbr1
0.127,45019,31,31680,27.2,29.4,20.2,71.3,2.9,676136,9167,5,5,bbr1
0.134,45019,31,30240,27.6,30.9,20.2,71.3,3.1,676136,9170,5,5,bbr1
0.140,45019,31,28800,28.2,32.5,20.2,71.3,3.5,676136,9173,5,5,bbr1
0.147,45019,31,27360,29.0,34.1,20.2,71.3,4.1,676136,9176,5,5,bbr1
0.155,45019,31,27360,29.8,35.5,20.2,71.3,4.7,676136,9180,5,5,bbr1
0.161,45019,31,25920,30.7,37.4,20.2,71.3,5.5,676136,9183,5,5,bbr1
0.167,45019,31,24480,31.6,37.3,20.2,71.3,5.7,901515,9186,5,5,bbr1
0.174,45019,31,24480,32.0,35.2,20.2,71.3,5.2,901515,9190,5,5,bbr1
0.182,45019,31,25920,32.3,34.0,20.2,71.3,4.4,901515,9195,5,5,bbr1
0.188,45019,31,25920,32.2,31.8,20.2,71.3,3.4,901515,9199,5,5,bbr1
0.194,45019,31,25920,32.0,30.5,20.2,71.3,3.0,901515,9203,5,5,bbr1
0.201,45019,31,25920,31.8,30.2,20.2,71.3,2.7,901515,9207,5,5,bbr1
0.209,45019,31,27360,31.6,30.7,20.2,71.3,2.3,1126893,9212,5,5,bbr1
0.221,33901,23,23095,31.5,31.4,20.2,71.3,1.4,1126893,9218,5,5,bbr1
0.229,39597,27,27415,31.5,31.3,20.2,71.3,1.1,1126893,9225,5,5,bbr1
0.235,45019,31,28855,31.5,31.8,20.2,71.3,0.9,1126893,9230,5,5,bbr1
0.242,45019,31,30295,31.7,32.7,20.2,71.3,1.0,1126893,9235,5,5,bbr1
0.249,45019,31,33175,32.0,34.5,20.2,71.3,1.4,1126893,9241,5,5,bbr1
0.257,45019,31,34560,31.9,31.3,20.2,71.3,1.3,676136,9246,5,5,bbr1
0.269,33901,23,27360,32.4,34.6,20.2,71.3,1.5,676136,9249,5,5,bbr1
0.278,39597,27,28800,32.9,36.3,20.2,71.3,2.1,676136,9254,5,5,bbr1
0.284,45019,31,27360,33.5,37.9,20.2,71.3,2.8,676136,9257,5,5,bbr1
0.290,45019,31,25920,34.3,39.7,20.2,71.3,3.7,676136,9260,5,5,bbr1
0.296,45019,31,24480,35.2,41.4,20.2,71.3,4.5,901515,9263,5,5,bbr1
0.303,29629,20,23040,35.0,33.9,20.2,71.3,3.7,901515,9267,5,5,bbr1
0.311,35325,24,24480,34.8,33.5,20.2,71.3,3.2,901515,9272,5,5,bbr1
0.318,41021,28,25920,34.5,32.0,20.2,71.3,3.1,901515,9277,5,5,bbr1
0.325,45019,31,27360,34.0,30.6,20.2,71.3,3.3,901515,9281,5,5,bbr1
0.330,45019,31,25920,33.5,30.5,20.2,71.3,3.3,901515,9284,5,5,bbr1
0.341,32477,22,23040,32.8,30.3,20.2,71.3,3.1,1126893,9289,5,5,bbr1
0.349,38173,26,27360,32.7,31.6,20.2,71.3,2.6,1126893,9296,5,5,bbr1
0.356,43869,30,28800,32.6,32.1,20.2,71.3,2.1,1126893,9301,5,5,bbr1
0.362,45019,31,30240,32.5,32.1,20.2,71.3,1.7,1126893,9306,5,5,bbr1
0.370,45019,31,33120,32.6,32.8,20.2,71.3,1.4,1126893,9312,5,5,bbr1
0.382,33901,23,28855,32.4,32.8,20.2,71.3,1.1,676136,9318,5,5,bbr1
0.007,26651,18,0,35.5,36.8,20.2,71.3,3.6,901515,9321,5,5,bbr1
0.007,29228,20,0,34.6,27.8,20.2,71.3,4.6,1126893,9323,5,5,bbr1
0.033,36348,25,23040,33.2,23.8,20.2,71.3,6.2,1126893,9344,5,5,bbr1
0.041,42044,29,27360,32.3,25.7,20.2,71.3,6.5,1126893,9351,5,5,bbr1
0.046,45019,31,27360,31.6,27.2,20.2,71.3,6.1,1126893,9355,5,5,bbr1
0.053,45019,31,30240,31.3,28.9,20.2,71.3,5.3,1126893,9361,5,5,bbr1
0.060,45019,31,31680,31.2,30.5,20.2,71.3,4.2,1126893,9366,5,5,bbr1
0.068,45019,31,34560,31.2,31.0,20.2,71.3,3.2,676136,9372,5,5,bbr1
0.074,45019,31,33120,31.3,32.4,20.2,71.3,2.7,676136,9375,5,5,bbr1
0.081,45019,31,33120,31.6,33.5,20.2,71.3,2.5,676136,9378,5,5,bbr1
0.085,45019,31,30240,32.1,35.5,20.2,71.3,2.9,676136,9380,5,5,bbr1
0.094,45019,31,30240,32.7,37.3,20.2,71.3,3.5,676136,9384,5,5,bbr1
0.100,45019,31,28800,33.5,38.5,20.2,71.3,4.1,676136,9387,5,5,bbr1
0.106,45019,31,28800,34.2,39.7,20.2,71.3,4.6,676136,9390,5,5,bbr1
0.110,45019,31,25920,35.0,40.1,20.2,71.3,4.9,676136,9392,5,5,bbr1
0.117,45019,31,24480,35.4,38.2,20.2,71.3,4.5,901515,9395,5,5,bbr1
0.125,45019,31,25920,35.5,36.6,20.2,71.3,3.7,901515,9400,5,5,bbr1
0.131,45019,31,25920,35.4,34.6,20.2,71.3,3.0,901515,9404,5,5,bbr1
0.137,45019,31,25920,35.1,33.0,20.2,71.3,2.8,1126893,9408,5,5,bbr1
0.150,32477,22,24480,34.2,31.1,20.2,71.3,3.1,1096058,9414,5,5,bbr1
0.156,38173,26,27360,33.8,31.0,20.2,71.3,3.2,1096058,9420,5,5,bbr1
0.163,43869,30,28800,33.6,31.9,20.2,71.3,2.8,1096058,9425,5,5,bbr1
0.170,44024,30,30240,33.4,32.3,20.2,71.3,2.5,1096058,9430,5,5,bbr1
0.177,44024,30,33120,33.5,34.3,20.2,71.3,2.1,1096058,9436,5,5,bbr1
0.185,43419,30,34560,33.3,31.8,20.2,71.3,2.0,646395,9441,5,5,bbr1
0.192,43419,30,33120,33.3,33.3,20.2,71.3,1.5,646395,9444,5,5,bbr1
0.198,43419,30,31680,33.5,35.1,20.2,71.3,1.6,646395,9447,5,5,bbr1
0.205,43419,30,30240,33.9,36.4,20.2,71.3,1.9,646395,9450,5,5,bbr1
0.212,43419,30,28800,34.4,38.0,20.2,71.3,2.4,646395,9453,5,5,bbr1
0.218,43419,30,27360,35.0,39.4,20.2,71.3,3.1,646395,9456,5,5,bbr1
0.225,43419,30,25920,35.8,41.0,20.2,71.3,3.8,646395,9459,5,5,bbr1
0.232,43419,30,24480,36.1,38.6,20.2,71.3,3.6,861861,9462,5,5,bbr1
0.238,43419,30,24480,36.2,36.7,20.2,71.3,2.8,861861,9466,5,5,bbr1
0.244,27405,19,24480,36.0,34.4,20.2,71.3,2.6,1077326,9470,5,5,bbr1
0.251,33101,22,23040,35.5,32.5,20.2,71.3,2.8,1077326,9473,5,5,bbr1
0.258,38797,26,25920,34.9,30.3,20.2,71.3,3.4,1077326,9479,5,5,bbr1
0.264,43419,30,27360,34.2,29.2,20.2,71.3,4.0,1077326,9484,5,5,bbr1
0.272,43419,30,30240,33.6,29.5,20.2,71.3,4.2,1077326,9490,5,5,bbr1
0.279,43419,30,31680,33.3,31.0,20.2,71.3,3.8,1077326,9495,5,5,bbr1
0.287,43419,30,33120,33.0,31.0,20.2,71.3,3.4,646395,9500,5,5,bbr1
0.298,33101,22,25975,33.0,33.8,20.2,71.3,2.2,646395,9504,5,5,bbr1
0.305,38797,26,25975,33.3,35.3,20.2,71.3,2.2,861861,9508,5,5,bbr1
0.313,43419,30,27415,33.7,36.7,20.2,71.3,2.5,861861,9513,5,5,bbr1
0.320,43419,30,27415,34.3,38.1,20.2,71.3,3.0,861861,9517,5,5,bbr1
0.326,43419,30,27415,34.8,38.5,20.2,71.3,3.3,1077326,9521,5,5,bbr1
0.332,42800,29,28800,34.5,32.2,20.2,71.3,3.1,1058158,9526,5,5,bbr1
0.339,42800,29,30240,34.3,32.8,20.2,71.3,2.8,1058158,9531,5,5,bbr1
0.347,42800,29,31680,34.1,32.8,20.2,71.3,2.4,634895,9536,5,5,bbr1
0.360,32792,22,24480,33.9,33.5,20.2,71.3,1.7,634895,9539,5,5,bbr1
0.366,38488,26,24480,34.0,35.0,20.2,71.3,1.6,846527,9543,5,5,bbr1
0.374,42800,29,25920,34.3,36.5,20.2,71.3,1.8,846527,9548,5,5,bbr1
0.381,42800,29,25920,34.8,37.8,20.2,71.3,2.2,846527,9552,5,5,bbr1
0.387,42800,29,24480,35.1,37.3,20.2,71.3,2.3,846527,9555,5,5,bbr1
0.395,42800,29,25920,34.6,31.3,20.2,71.3,2.7,846527,9560,5,5,bbr1
0.400,27096,18,24480,34.1,30.6,20.2,71.3,3.0,1058158,9563,5,5,bbr1
0.407,32792,22,21600,33.7,30.7,20.2,71.3,3.1,1058158,9565,5,5,bbr1
0.414,38488,26,24480,33.3,30.6,20.2,71.3,3.1,1058158,9571,5,5,bbr1
0.421,42800,29,25920,32.9,30.0,20.2,71.3,3.1,1058158,9576,5,5,bbr1
0.427,42800,29,27360,32.5,30.0,20.2,71.3,3.1,1058158,9581,5,5,bbr1
0.009,3072,2,0,32.0,34.5,20.2,71.3,2.3,1058158,9586,6,6,bbr1
0.007,5760,4,0,31.8,30.1,20.2,71.3,2.2,1058158,9588,6,6,bbr1
0.033,12880,8,0,30.7,23.7,20.2,71.3,3.7,1058158,9593,6,6,bbr1
0.058,20000,13,5760,29.5,21.1,20.2,71.3,5.2,1058158,9602,6,6,bbr1
0.065,25696,17,8640,28.7,22.5,20.2,71.3,5.6,1058158,9608,6,6,bbr1
0.084,32816,22,18720,27.7,21.1,20.2,71.3,6.1,1058158,9620,6,6,bbr1
0.091,38512,26,21600,27.1,22.4,20.2,71.3,5.9,1058158,9626,6,6,bbr1
0.097,42800,29,23040,26.7,24.0,20.2,71.3,5.2,1058158,9631,6,6,bbr1
0.104,42800,29,24480,26.5,25.3,20.2,71.3,4.2,1058158,9636,6,6,bbr1
0.111,42800,29,25920,26.4,25.4,20.2,71.3,3.5,1058158,9641,6,6,bbr1
0.118,42800,29,27360,26.4,26.8,20.2,71.3,2.7,1058158,9646,6,6,bbr1
0.125,42800,29,28800,26.6,28.2,20.2,71.3,2.5,1058158,9651,6,6,bbr1
0.131,42800,29,30240,27.0,29.5,20.2,71.3,2.6,1058158,9656,6,6,bbr1
0.139,42800,29,31680,27.5,30.8,20.2,71.3,2.9,634895,9661,6,6,bbr1
0.146,42800,29,30240,28.0,32.1,20.2,71.3,3.3,634895,9664,6,6,bbr1
0.153,42800,29,28800,28.7,33.4,20.2,71.3,3.8,634895,9667,6,6,bbr1
0.159,42800,29,27360,29.5,34.8,20.2,71.3,4.4,634895,9670,6,6,bbr1
0.167,42800,29,25920,30.3,36.0,20.2,71.3,4.9,634895,9673,6,6,bbr1
0.174,42800,29,24480,31.2,37.4,20.2,71.3,5.5,634895,9676,6,6,bbr1
0.179,42800,29,23040,31.9,36.9,20.2,71.3,5.5,846527,9679,6,6,bbr1
0.186,42800,29,24480,32.3,35.2,20.2,71.3,5.0,846527,9683,6,6,bbr1
0.191,42800,29,23040,32.4,32.9,20.2,71.3,3.9,846527,9686,6,6,bbr1
0.198,42800,29,23040,32.1,30.0,20.2,71.3,3.5,846527,9690,6,6,bbr1
0.205,42800,29,23040,31.6,27.9,20.2,71.3,3.7,1058158,9694,6,6,bbr1
0.212,42800,29,24480,31.1,27.6,20.2,71.3,3.7,1058158,9699,6,6,bbr1
0.219,27096,18,25920,30.7,27.9,20.2,71.3,3.6,1058158,9704,6,6,bbr1
0.224,32792,22,21600,30.3,27.6,20.2,71.3,3.5,1058158,9705,6,6,bbr1
0.231,38488,26,24480,29.9,27.1,20.2,71.3,3.4,1058158,9711,6,6,bbr1
0.238,42800,29,25920,29.8,28.9,20.2,71.3,2.8,1058158,9716,6,6,bbr1
0.244,42800,29,27360,29.8,30.1,20.2,71.3,2.2,1058158,9721,6,6,bbr1
0.251,42713,29,30240,29.9,30.7,20.2,71.3,1.9,1055471,9726,6,6,bbr1
0.258,42713,29,30240,29.8,29.4,20.2,71.3,1.5,633282,9730,6,6,bbr1
0.264,42713,29,28800,30.0,30.7,20.2,71.3,1.4,633282,9733,6,6,bbr1
0.272,42713,29,27360,30.2,32.0,20.2,71.3,1.5,633282,9736,6,6,bbr1
0.279,42713,29,25920,30.6,33.3,20.2,71.3,1.9,633282,9739,6,6,bbr1
0.285,42713,29,25920,31.1,34.3,20.2,71.3,2.4,633282,9742,6,6,bbr1
0.289,44015,30,23040,31.6,35.7,20.2,71.3,2.9,876636,9744,6,6,bbr1
0.295,44015,30,24480,32.1,35.7,20.2,71.3,3.2,876636,9748,6,6,bbr1
0.300,44015,30,23040,32.3,33.4,20.2,71.3,2.7,876636,9751,6,6,bbr1
0.309,44015,30,24480,32.1,31.0,20.2,71.3,2.4,876636,9756,6,6,bbr1
0.314,44015,30,23040,31.7,28.4,20.2,71.3,2.7,1095795,9759,6,6,bbr1
0.326,31975,22,21655,30.8,27.8,20.2,71.3,3.1,1095795,9766,6,6,bbr1
0.334,37671,26,25975,30.5,28.7,20.2,71.3,2.8,1095795,9773,6,6,bbr1
0.340,43367,30,27415,30.2,28.4,20.2,71.3,2.7,1095795,9778,6,6,bbr1
0.347,44015,30,30295,30.1,29.2,20.2,71.3,2.2,1095795,9783,6,6,bbr1
0.352,44015,30,30295,30.3,31.3,20.2,71.3,2.0,1095795,9787,6,6,bbr1
0.359,44015,30,31680,30.2,29.7,20.2,71.3,1.6,1095795,9792,6,6,bbr1
0.366,44015,30,33120,30.3,31.3,20.2,71.3,1.5,657477,9797,6,6,bbr1
0.373,44015,30,31680,30.6,32.8,20.2,71.3,1.7,657477,9800,6,6,bbr1
0.379,44015,30,30240,31.1,34.3,20.2,71.3,2.2,657477,9803,6,6,bbr1
0.386,44015,30,28800,31.7,35.6,20.2,71.3,2.8,657477,9806,6,6,bbr1
0.392,44015,30,27360,32.3,36.7,20.2,71.3,3.3,657477,9809,6,6,bbr1
0.399,44015,30,25920,33.1,38.7,20.2,71.3,4.1,657477,9812,6,6,bbr1
0.405,44015,30,25920,33.9,39.9,20.2,71.3,4.8,876636,9815,6,6,bbr1
0.412,44015,30,25920,34.4,37.5,20.2,71.3,4.5,876636,9819,6,6,bbr1
0.418,44015,30,25920,34.6,35.9,20.2,71.3,3.7,876636,9823,6,6,bbr1
0.425,27703,19,25920,34.5,34.0,20.2,71.3,2.9,876636,9827,6,6,bbr1
0.431,33399,23,23040,34.2,32.3,20.2,71.3,2.8,876636,9829,6,6,bbr1
0.439,39095,27,25920,33.8,31.2,20.2,71.3,2.8,876636,9835,6,6,bbr1
0.445,44015,30,24480,33.5,31.5,20.2,71.3,2.7,1095795,9838,6,6,bbr1
0.452,44015,30,28800,33.3,31.5,20.2,71.3,2.5,1095795,9844,6,6,bbr1
0.457,44015,30,28800,33.1,32.0,20.2,71.3,2.2,1095795,9848,6,6,bbr1
0.464,44015,30,30240,32.7,30.0,20.2,71.3,2.5,1095795,9853,6,6,bbr1
0.477,33399,23,25920,32.3,31.0,20.2,71.3,2.1,657477,9858,6,6,bbr1
0.486,39095,27,27360,32.4,33.1,20.2,71.3,1.8,657477,9863,6,6,bbr1
0.493,44089,30,25920,32.7,34.6,20.2,71.3,1.9,658852,9866,6,6,bbr1
0.498,44089,30,25920,33.1,35.8,20.2,71.3,2.2,878470,9869,6,6,bbr1
0.503,44089,30,24480,33.6,37.3,20.2,71.3,2.7,878470,9872,6,6,bbr1
0.510,44089,30,25920,34.2,38.6,20.2,71.3,3.3,878470,9876,6,6,bbr1
0.514,27740,19,24480,34.1,32.9,20.2,71.3,2.8,1098087,9879,6,6,bbr1
0.521,33436,23,23040,33.7,31.0,20.2,71.3,2.9,1098087,9882,6,6,bbr1
0.529,39132,27,27360,33.1,29.5,20.2,71.3,3.2,1098087,9889,6,6,bbr1
0.537,44089,30,28800,32.9,31.5,20.2,71.3,2.8,1098087,9894,6,6,bbr1
0.543,44089,30,30240,32.6,30.1,20.2,71.3,2.8,1098087,9899,6,6,bbr1
0.549,44089,30,31680,32.4,31.2,20.2,71.3,2.4,1098087,9904,6,6,bbr1
0.560,32012,22,28800,32.3,32.5,20.2,71.3,1.7,658852,9909,6,6,bbr1
0.567,37708,26,27360,32.5,34.1,20.2,71.3,1.7,658852,9912,6,6,bbr1
0.576,41980,29,30240,32.9,35.3,20.2,71.3,2.0,658852,9917,6,6,bbr1
0.580,44089,30,27360,33.3,36.4,20.2,71.3,2.4,658852,9919,6,6,bbr1
0.587,44089,30,25920,33.9,38.4,20.2,71.3,3.1,658852,9922,6,6,bbr1
0.593,44089,30,27360,34.6,39.2,20.2,71.3,3.6,878470,9925,6,6,bbr1
0.600,44089,30,30240,35.9,45.2,20.2,71.3,5.4,878470,9929,6,6,bbr1
0.606,44089,30,31680,36.8,42.6,20.2,71.3,5.7,878470,9933,6,6,bbr1
0.615,44089,30,36000,37.9,46.3,20.2,71.3,6.6,1098087,9939,6,6,bbr1
0.625,44089,30,41760,39.7,52.3,20.2,71.3,8.6,1098087,9945,6,6,bbr1
0.653,33436,23,33175,47.5,61.8,20.2,71.3,13.5,658852,9948,6,6,bbr1
0.660,36284,25,31735,49.7,65.0,20.2,71.3,14.5,658852,9949,6,6,bbr1
0.666,39132,27,34615,52.1,68.6,20.2,71.3,15.6,658852,9953,6,6,bbr1
0.675,41980,29,37495,54.6,71.9,20.2,71.9,16.7,658852,9957,6,6,bbr1
0.681,44089,30,38935,57.1,75.3,20.2,75.3,17.7,658852,9960,6,6,bbr1
0.688,44089,30,40375,59.9,79.3,20.2,79.3,18.8,658852,9963,6,6,bbr1
0.695,44089,30,41815,62.8,82.7,20.2,82.7,19.8,658852,9966,6,6,bbr1
0.701,44089,30,41815,65.7,85.9,20.2,85.9,20.6,658852,9968,6,6,bbr1
0.708,44089,30,41815,68.7,90.3,20.2,90.3,21.6,658852,9970,6,6,bbr1
0.714,44089,30,41815,72.0,94.5,20.2,94.5,22.7,658852,9972,6,6,bbr1
0.721,44089,30,41815,75.3,98.7,20.2,98.7,23.7,658852,9974,6,6,bbr1
0.728,44089,30,40375,78.5,101.0,20.2,101.0,24.2,658852,9976,6,6,bbr1
0.739,44089,30,40320,78.4,77.2,20.2,101.0,18.5,658852,9979,6,6,bbr1
0.749,44089,30,41760,78.9,83.1,20.2,101.0,15.0,658852,9982,6,6,bbr1
0.778,34860,24,31735,83.5,92.5,20.2,101.0,11.2,658852,9985,6,6,bbr1
0.785,37708,26,33175,84.9,94.9,20.2,101.0,11.3,658852,9988,6,6,bbr1
0.792,40556,28,36055,86.4,97.3,20.2,101.0,11.6,658852,9992,6,6,bbr1
0.800,43404,30,38935,88.1,99.4,20.2,101.0,11.9,658852,9996,6,6,bbr1
0.807,44089,30,40375,89.8,102.2,20.2,102.2,12.5,658852,9999,6,6,bbr1
0.813,44089,30,41815,91.0,99.4,20.2,102.2,11.8,658852,10002,6,6,bbr1
0.819,44089,30,41815,92.1,99.4,20.2,102.2,10.9,658852,10004,6,6,bbr1
0.826,44089,30,41815,93.0,99.5,20.2,102.2,10.0,658852,10006,6,6,bbr1
0.833,44089,30,41815,93.8,99.3,20.2,102.2,9.1,658852,10008,6,6,bbr1
0.839,44089,30,40375,94.5,99.1,20.2,102.2,8.2,658852,10010,6,6,bbr1
0.850,44089,30,40375,95.0,98.8,20.2,102.2,7.2,658852,10013,6,6,bbr1
0.860,44089,30,41760,92.8,77.0,20.2,102.2,9.9,658852,10016,6,6,bbr1
0.867,44089,30,40320,91.2,80.4,20.2,102.2,10.5,658852,10018,6,6,bbr1
0.877,44089,30,41760,90.6,86.3,20.2,102.2,9.1,658852,10021,6,6,bbr1
0.884,44089,30,41760,90.3,88.6,20.2,102.2,7.3,658852,10023,6,6,bbr1
0.891,44089,30,41760,90.4,91.2,20.2,102.2,5.7,658852,10025,6,6,bbr1
0.898,44089,30,41760,90.8,93.4,20.2,102.2,5.0,658852,10027,6,6,bbr1
0.905,44089,30,41760,91.4,95.6,20.2,102.2,4.9,658852,10029,6,6,bbr1
0.911,44089,30,41760,92.3,98.6,20.2,102.2,5.5,658852,10031,6,6,bbr1
0.918,44089,30,41760,93.4,101.0,20.2,102.2,6.3,658852,10033,6,6,bbr1
0.925,44089,30,41760,94.6,103.4,20.2,103.4,7.2,658852,10035,6,6,bbr1
0.932,44089,30,41760,95.4,101.1,20.2,103.4,7.0,658852,10037,6,6,bbr1
0.939,44089,30,41760,96.2,101.2,20.2,103.4,6.7,658852,10039,6,6,bbr1
0.946,44089,30,40320,97.1,104.0,20.2,104.0,7.0,658852,10041,6,6,bbr1
0.954,44089,30,41760,97.4,99.3,20.2,104.0,5.8,658852,10044,6,6,bbr1
0.961,44089,30,40320,97.6,99.3,20.2,104.0,4.8,658852,10046,6,6,bbr1
0.971,44089,30,41760,97.8,99.3,20.2,104.0,4.0,658852,10049,6,6,bbr1
0.978,44089,30,40320,98.0,99.2,20.2,104.0,3.3,658852,10051,6,6,bbr1
0.988,44089,30,41760,98.2,99.2,20.2,104.0,2.8,658852,10054,6,6,bbr1
0.995,44089,30,41760,98.3,99.2,20.2,104.0,2.4,658852,10056,6,6,bbr1
1.002,44089,30,41760,98.4,99.3,20.2,104.0,2.0,658852,10058,6,6,bbr1
1.009,44089,30,41760,98.5,99.2,20.2,104.0,1.7,658852,10060,6,6,bbr1
1.016,44089,30,41760,98.6,99.2,20.2,104.0,1.5,658852,10062,6,6,bbr1
1.023,44089,30,41760,98.7,99.3,20.2,104.0,1.3,658852,10064,6,6,bbr1
1.030,44089,30,41760,98.8,99.2,20.2,104.0,1.1,658852,10066,6,6,bbr1
1.036,44089,30,41760,98.8,99.2,20.2,104.0,0.9,658852,10068,6,6,bbr1
1.043,44089,30,41760,98.9,99.2,20.2,104.0,0.8,658852,10070,6,6,bbr1
1.050,44089,30,41760,98.9,99.2,20.2,104.0,0.7,658852,10072,6,6,bbr1
1.057,44089,30,40320,99.2,101.0,20.2,104.0,1.0,658852,10074,6,6,bbr1
1.067,44089,30,41760,99.4,100.9,20.2,104.0,1.2,658852,10077,6,6,bbr1
1.074,44089,30,40320,99.6,101.1,20.2,104.0,1.3,658852,10079,6,6,bbr1
1.083,44089,30,41760,99.6,99.2,20.2,104.0,1.1,658852,10082,6,6,bbr1
1.089,44089,30,40320,99.3,97.5,20.2,104.0,1.3,658852,10084,6,6,bbr1
1.098,44089,30,41760,99.1,97.5,20.2,104.0,1.5,658852,10087,6,6,bbr1
1.105,44089,30,41760,98.9,97.5,20.2,104.0,1.5,658852,10089,6,6,bbr1
1.112,44089,30,38880,98.3,94.1,20.2,104.0,2.3,658852,10091,6,6,bbr1
1.124,44089,30,41760,98.0,95.9,20.2,104.0,2.3,658852,10095,6,6,bbr1
1.131,44089,30,41760,97.7,95.8,20.2,104.0,2.3,658852,10097,6,6,bbr1
1.137,44089,30,41760,97.5,95.9,20.2,104.0,2.2,658852,10099,6,6,bbr1
1.144,44089,30,41760,97.3,95.8,20.2,104.0,2.0,658852,10101,6,6,bbr1
1.151,44089,30,41760,97.1,95.8,20.2,104.0,1.9,658852,10103,6,6,bbr1
1.158,44089,30,41760,96.9,95.7,20.2,104.0,1.8,658852,10105,6,6,bbr1
1.165,44089,30,40320,96.8,95.8,20.2,104.0,1.6,658852,10107,6,6,bbr1
1.175,44089,30,41760,96.7,95.8,20.2,104.0,1.5,658852,10110,6,6,bbr1
1.182,44089,30,40320,96.8,97.5,20.2,104.0,1.3,658852,10112,6,6,bbr1
1.192,44089,30,41760,96.9,97.6,20.2,104.0,1.2,658852,10115,6,6,bbr1
1.199,44089,30,40320,97.2,99.4,20.2,104.0,1.5,658852,10117,6,6,bbr1
1.209,44089,30,41760,97.4,99.2,20.2,104.0,1.6,658852,10120,6,6,bbr1
1.216,44089,30,41760,97.6,99.0,20.2,104.0,1.6,658852,10122,6,6,bbr1
1.223,44089,30,41760,98.5,104.8,20.2,104.8,3.0,658852,10124,6,6,bbr1
1.230,44089,30,41760,98.8,100.9,20.2,104.8,2.9,658852,10126,6,6,bbr1
1.237,44089,30,41760,99.1,100.9,20.2,104.8,2.7,658852,10128,6,6,bbr1
1.244,44089,30,41760,99.3,101.0,20.2,104.8,2.5,658852,10130,6,6,bbr1
1.251,44089,30,41760,99.5,101.1,20.2,104.8,2.3,658852,10132,6,6,bbr1
1.257,42508,29,41760,99.7,100.9,20.2,104.8,2.1,629458,10134,6,6,bbr1
1.264,42508,29,38880,99.7,99.2,20.2,104.8,1.7,629458,10135,6,6,bbr1
1.269,42508,29,41760,99.6,99.3,20.2,104.8,1.4,629458,10138,6,6,bbr1
1.276,42508,29,38880,99.6,99.3,20.2,104.8,1.1,629458,10139,6,6,bbr1
1.287,42508,29,40320,99.5,99.3,20.2,104.8,0.9,629458,10142,6,6,bbr1
1.293,42508,29,38880,99.5,99.3,20.2,104.8,0.7,629458,10144,6,6,bbr1
1.304,42508,29,40320,99.5,99.4,20.2,104.8,0.6,629458,10147,6,6,bbr1
1.311,42508,29,38880,99.5,99.4,20.2,104.8,0.4,629458,10149,6,6,bbr1
1.321,42508,29,40320,99.5,99.4,20.2,104.8,0.3,629458,10152,6,6,bbr1
1.328,42508,29,40320,99.5,99.5,20.2,104.8,0.3,629458,10154,6,6,bbr1
1.334,42508,29,40320,99.5,99.4,20.2,104.8,0.2,629458,10156,6,6,bbr1
1.341,42508,29,40320,99.4,99.3,20.2,104.8,0.2,629458,10158,6,6,bbr1
1.348,42508,29,40320,99.4,99.3,20.2,104.8,0.2,629458,10160,6,6,bbr1
1.355,42508,29,40320,99.4,99.1,20.2,104.8,0.2,629458,10162,6,6,bbr1
1.362,42403,29,38880,98.9,95.8,20.2,104.8,1.1,627513,10164,6,6,bbr1
1.372,42403,29,40320,99.2,100.9,20.2,104.8,1.3,627513,10167,6,6,bbr1
1.379,42403,29,40320,99.0,97.7,20.2,104.8,1.4,627513,10169,6,6,bbr1
1.386,42403,29,38880,98.8,97.3,20.2,104.8,1.4,627513,10171,6,6,bbr1
1.396,42403,29,40320,98.6,97.3,20.2,104.8,1.4,627513,10174,6,6,bbr1
1.403,42403,29,38880,98.4,97.2,20.2,104.8,1.4,627513,10176,6,6,bbr1
1.413,42403,29,40320,98.3,97.3,20.2,104.8,1.4,627513,10179,6,6,bbr1
1.420,42403,29,38880,98.2,97.4,20.2,104.8,1.2,627513,10181,6,6,bbr1
1.429,42403,29,40320,97.9,95.8,20.2,104.8,1.5,627513,10184,6,6,bbr1
1.435,42403,29,40320,97.6,95.8,20.2,104.8,1.7,627513,10186,6,6,bbr1
1.442,42403,29,40320,97.4,95.8,20.2,104.8,1.7,627513,10188,6,6,bbr1
1.449,42403,29,40320,97.2,95.9,20.2,104.8,1.6,627513,10190,6,6,bbr1
1.456,42403,29,40320,97.0,95.8,20.2,104.8,1.6,627513,10192,6,6,bbr1
1.463,42403,29,40320,96.9,95.8,20.2,104.8,1.5,627513,10194,6,6,bbr1
1.470,42403,29,38880,96.7,95.8,20.2,104.8,1.4,627513,10196,6,6,bbr1
1.480,42403,29,40320,96.6,95.8,20.2,104.8,1.3,627513,10199,6,6,bbr1
1.487,42403,29,40320,96.5,95.8,20.2,104.8,1.2,627513,10201,6,6,bbr1
1.493,42403,29,38880,96.4,95.7,20.2,104.8,1.1,627513,10203,6,6,bbr1
1.504,42403,29,40320,96.3,95.7,20.2,104.8,1.0,627513,10206,6,6,bbr1
1.511,42403,29,38880,96.2,95.7,20.2,104.8,0.9,627513,10208,6,6,bbr1
1.521,42403,29,40320,96.2,95.8,20.2,104.8,0.8,627513,10211,6,6,bbr1
1.528,42403,29,38880,96.3,97.3,20.2,104.8,0.9,627513,10213,6,6,bbr1
1.538,42403,29,40320,96.4,97.3,20.2,104.8,0.9,627513,10216,6,6,bbr1
1.545,42403,29,40320,96.6,97.5,20.2,104.8,0.9,627513,10218,6,6,bbr1
1.552,42403,29,40320,96.7,97.3,20.2,104.8,0.9,627513,10220,6,6,bbr1
1.559,42403,29,40320,96.8,97.6,20.2,104.8,0.9,627513,10222,6,6,bbr1
1.588,30381,21,30240,96.9,95.8,20.2,104.8,0.9,404085,10224,6,6,bbr1
1.594,30381,21,28800,96.8,95.9,20.2,104.8,0.9,404085,10225,6,6,bbr1
1.601,30381,21,27360,96.6,95.8,20.2,104.8,0.9,404085,10227,6,6,bbr1
1.612,30381,21,28800,96.5,95.8,20.2,104.8,0.9,404085,10230,6,6,bbr1
1.618,30381,21,27360,96.4,95.9,20.2,104.8,0.8,404085,10232,6,6,bbr1
1.629,30381,21,28800,96.4,95.8,20.2,104.8,0.8,404085,10235,6,6,bbr1
1.636,30381,21,27360,96.3,96.0,20.2,104.8,0.7,404085,10237,6,6,bbr1
1.646,30381,21,28800,96.3,95.9,20.2,104.8,0.6,404085,10240,6,6,bbr1
1.653,30381,21,28800,96.2,96.0,20.2,104.8,0.5,404085,10242,6,6,bbr1
1.659,30381,21,28800,96.2,95.7,20.2,104.8,0.5,404085,10244,6,6,bbr1
1.677,26302,18,24535,90.4,73.2,20.2,104.8,10.1,328272,10247,6,6,bbr1
1.683,26302,18,24535,87.9,70.1,20.2,104.8,12.7,328272,10249,6,6,bbr1
1.690,26302,18,24535,85.7,70.2,20.2,104.8,13.9,328272,10251,6,6,bbr1
1.699,26302,18,24535,84.0,72.4,20.2,104.8,13.8,328272,10253,6,6,bbr1
1.707,26302,18,24535,82.5,72.2,20.2,104.8,13.3,328272,10255,6,6,bbr1
1.712,26302,18,23095,81.1,71.4,20.2,104.8,12.8,328272,10256,6,6,bbr1
1.721,26302,18,23095,79.8,70.2,20.2,104.8,12.3,328272,10258,6,6,bbr1
1.725,26302,18,21655,78.6,70.1,20.2,104.8,11.6,328272,10259,6,6,bbr1
1.734,26302,18,21655,77.5,70.2,20.2,104.8,10.8,328272,10261,6,6,bbr1
1.742,26302,18,20160,75.3,60.0,20.2,104.8,12.5,328272,10263,6,6,bbr1
1.752,26302,18,20160,73.6,61.3,20.2,104.8,12.9,328272,10265,6,6,bbr1
1.756,26302,18,17280,71.5,56.9,20.2,104.8,13.8,328272,10266,6,6,bbr1
1.764,26302,18,17280,69.4,54.9,20.2,104.8,14.5,437697,10268,6,6,bbr1
1.778,18847,13,15840,65.3,51.1,20.2,104.8,15.3,547121,10271,6,6,bbr1
1.785,21695,15,17280,63.3,49.1,20.2,104.8,15.5,547121,10274,6,6,bbr1
1.794,24543,17,20160,61.3,47.2,20.2,104.8,15.7,546710,10278,6,6,bbr1
1.801,26289,18,20160,59.2,44.8,20.2,104.8,15.9,328026,10280,6,6,bbr1
1.805,26289,18,18720,57.3,43.4,20.2,104.8,15.9,328026,10281,6,6,bbr1
1.814,26289,18,18720,55.5,43.6,20.2,104.8,15.3,328026,10283,6,6,bbr1
1.823,26289,18,17280,53.5,39.2,20.2,104.8,15.6,328026,10285,6,6,bbr1
1.836,18840,13,14400,51.3,45.3,20.2,104.8,12.5,437368,10287,6,6,bbr1
1.846,21688,15,17280,50.8,47.3,20.2,104.8,10.4,437368,10291,6,6,bbr1
1.853,24536,17,17280,50.3,47.1,20.2,104.8,8.7,437368,10293,6,6,bbr1
1.859,26289,18,17280,49.7,45.2,20.2,104.8,7.8,437368,10295,6,6,bbr1
1.866,26289,18,17280,48.9,43.2,20.2,104.8,7.5,437368,10297,6,6,bbr1
1.871,26289,18,17280,47.9,41.4,20.2,104.8,7.5,546710,10299,6,6,bbr1
1.879,26289,18,18720,46.4,35.9,20.2,104.8,8.6,546710,10302,6,6,bbr1
1.891,18840,13,15840,44.9,39.9,20.2,104.8,7.6,546710,10304,6,6,bbr1
1.897,21688,15,17280,44.2,40.0,20.2,104.8,6.9,546710,10307,6,6,bbr1
1.907,24536,17,20160,43.7,40.1,20.2,104.8,6.2,546710,10311,6,6,bbr1
1.914,26289,18,18720,43.2,39.7,20.2,104.8,5.7,328026,10313,6,6,bbr1
1.923,26289,18,18720,43.0,41.3,20.2,104.8,4.7,328026,10315,6,6,bbr1
1.927,26289,18,17280,42.9,42.4,20.2,104.8,3.7,328026,10316,6,6,bbr1
1.935,26289,18,17280,42.2,37.3,20.2,104.8,4.2,437368,10318,6,6,bbr1
0.006,26289,18,0,40.6,25.1,20.2,104.8,5.9,546710,10320,6,6,bbr1
0.008,26289,18,0,38.9,27.1,20.2,104.8,7.8,546710,10322,6,6,bbr1
0.035,26289,18,12960,36.7,21.8,20.2,104.8,10.1,546710,10335,6,6,bbr1
0.042,26289,18,14400,35.5,26.6,20.2,104.8,10.1,546710,10338,6,6,bbr1
0.051,26289,18,15840,34.6,28.3,20.2,104.8,9.4,546710,10341,6,6,bbr1
0.056,26289,18,15840,34.0,29.7,20.2,104.8,8.2,546710,10343,6,6,bbr1
0.064,26289,18,17280,33.6,30.9,20.2,104.8,6.9,546710,10346,6,6,bbr1
0.071,26289,18,18720,33.5,32.9,20.2,104.8,5.4,546710,10349,6,6,bbr1
0.077,26289,18,18720,33.6,34.6,20.2,104.8,4.3,546710,10351,6,6,bbr1
0.085,26289,18,20160,33.9,35.7,20.2,104.8,3.8,546710,10354,6,6,bbr1
0.092,26289,18,20160,34.3,37.3,20.2,104.8,3.7,328026,10356,6,6,bbr1
0.101,26289,18,20160,35.0,39.4,20.2,104.8,4.0,328026,10358,6,6,bbr1
0.105,26289,18,18720,35.6,40.5,20.2,104.8,4.4,328026,10359,6,6,bbr1
0.114,26289,18,18720,36.4,42.0,20.2,104.8,4.9,328026,10361,6,6,bbr1
0.118,26230,18,17280,37.4,44.1,20.2,104.8,5.6,326920,10362,6,6,bbr1
0.126,26230,18,17280,38.4,45.6,20.2,104.8,6.2,435894,10364,6,6,bbr1
0.132,26230,18,17280,39.5,47.2,20.2,104.8,6.9,435894,10366,6,6,bbr1
0.139,26230,18,17280,40.7,48.8,20.2,104.8,7.5,435894,10368,6,6,bbr1
0.152,18811,13,14400,41.9,44.9,20.2,104.8,6.2,435894,10370,6,6,bbr1
0.161,21659,15,17280,42.0,43.0,20.2,104.8,4.9,435894,10374,6,6,bbr1
0.167,24507,17,17280,41.9,40.9,20.2,104.8,4.0,544867,10376,6,6,bbr1
0.173,26230,18,17280,41.8,40.9,20.2,104.8,3.2,544867,10378,6,6,bbr1
0.181,26230,18,18720,41.7,41.5,20.2,104.8,2.5,544867,10381,6,6,bbr1
0.186,26230,18,17280,40.8,34.0,20.2,104.8,3.8,544867,10383,6,6,bbr1
0.191,26230,18,18720,39.9,34.1,20.2,104.8,4.5,544867,10385,6,6,bbr1
0.205,18811,13,17280,39.4,38.0,20.2,104.8,3.4,326920,10388,6,6,bbr1
0.211,21659,15,17280,39.5,39.6,20.2,104.8,2.5,326920,10390,6,6,bbr1
0.219,24507,17,17280,39.7,41.0,20.2,104.8,2.3,326920,10392,6,6,bbr1
0.226,26230,18,17280,40.0,42.4,20.2,104.8,2.4,435894,10394,6,6,bbr1
0.233,26230,18,17280,40.5,44.2,20.2,104.8,2.9,435894,10396,6,6,bbr1
0.240,26230,18,17280,41.2,45.8,20.2,104.8,3.5,435894,10398,6,6,bbr1
0.246,26230,18,17280,42.0,47.4,20.2,104.8,4.1,544867,10400,6,6,bbr1
0.259,18811,13,15840,42.4,43.0,20.2,104.8,3.1,544867,10403,6,6,bbr1
0.266,21659,15,17280,42.3,41.5,20.2,104.8,2.6,544867,10406,6,6,bbr1
0.275,24507,17,20160,42.2,41.7,20.2,104.8,2.1,544867,10410,6,6,bbr1
0.282,26230,18,20160,42.2,42.0,20.2,104.8,1.6,326920,10412,6,6,bbr1
0.287,26230,18,18720,42.2,42.0,20.2,104.8,1.3,326920,10413,6,6,bbr1
0.296,26230,18,18720,42.4,43.8,20.2,104.8,1.3,326920,10415,6,6,bbr1
0.304,26230,18,17280,42.0,39.3,20.2,104.8,1.8,326920,10417,6,6,bbr1
0.318,18811,13,14400,42.5,45.3,20.2,104.8,1.9,435894,10419,6,6,bbr1
0.328,21659,15,17280,43.1,47.6,20.2,104.8,2.7,435894,10423,6,6,bbr1
0.334,24507,17,17280,43.6,47.3,20.2,104.8,3.1,435894,10425,6,6,bbr1
0.341,26230,18,17280,43.8,45.2,20.2,104.8,2.7,435894,10427,6,6,bbr1
0.348,26230,18,17280,43.8,43.3,20.2,104.8,2.2,435894,10429,6,6,bbr1
0.351,26230,18,15840,43.3,39.7,20.2,104.8,2.6,435894,10430,6,6,bbr1
0.357,26230,18,15840,42.1,34.0,20.2,104.8,4.3,544867,10432,6,6,bbr1
0.371,18811,13,14400,41.1,37.9,20.2,104.8,4.2,544867,10435,6,6,bbr1
0.379,21659,15,17280,40.7,38.1,20.2,104.8,3.9,544867,10439,6,6,bbr1
0.387,24507,17,18720,40.4,38.1,20.2,104.8,3.5,544867,10442,6,6,bbr1
0.392,26230,18,18720,40.1,38.0,20.2,104.8,3.2,544867,10444,6,6,bbr1
0.400,26230,18,20160,40.0,39.2,20.2,104.8,2.6,544867,10447,6,6,bbr1
0.407,26230,18,20160,40.1,40.6,20.2,104.8,2.1,326920,10449,6,6,bbr1
0.416,26230,18,20160,39.5,35.8,20.2,104.8,2.7,326920,10451,6,6,bbr1
0.425,18811,13,15840,40.0,41.8,20.2,104.8,2.3,326920,10452,6,6,bbr1
0.433,21659,15,17280,40.5,43.9,20.2,104.8,2.7,435894,10455,6,6,bbr1
0.440,24507,17,17280,41.0,45.1,20.2,104.8,3.2,435894,10457,6,6,bbr1
0.446,26230,18,17280,41.7,46.5,20.2,104.8,3.7,435894,10459,6,6,bbr1
0.453,26230,18,17280,42.6,48.6,20.2,104.8,4.5,544867,10461,6,6,bbr1
0.461,26230,18,18720,43.1,46.6,20.2,104.8,4.4,544867,10464,6,6,bbr1
0.468,26230,18,18720,42.6,39.3,20.2,104.8,4.2,544867,10467,6,6,bbr1
0.487,18811,13,18720,42.4,41.8,20.2,104.8,2.7,326920,10471,6,6,bbr1
0.490,21659,15,17280,42.4,42.3,20.2,104.8,2.1,326920,10472,6,6,bbr1
0.500,24507,17,18720,42.4,42.7,20.2,104.8,1.6,326920,10475,6,6,bbr1
0.504,26230,18,17280,42.7,44.8,20.2,104.8,1.8,326920,10476,6,6,bbr1
0.512,26230,18,17280,43.0,44.6,20.2,104.8,1.8,435894,10478,6,6,bbr1
0.519,26230,18,17280,43.3,46.0,20.2,104.8,2.1,435894,10480,6,6,bbr1
0.525,26230,18,17280,43.8,47.2,20.2,104.8,2.6,435894,10482,6,6,bbr1
0.537,18811,13,14400,43.5,43.4,20.2,104.8,2.0,431487,10484,6,6,bbr1
0.547,21659,15,17280,43.2,41.4,20.2,104.8,2.0,431487,10488,6,6,bbr1
0.553,24507,17,17280,42.8,39.7,20.2,104.8,2.4,539358,10490,6,6,bbr1
0.558,26052,18,17280,42.4,39.9,20.2,104.8,2.5,539358,10492,6,6,bbr1
0.566,26052,18,18720,42.1,39.8,20.2,104.8,2.5,539358,10495,6,6,bbr1
0.572,26052,18,18720,41.9,40.4,20.2,104.8,2.3,539358,10497,6,6,bbr1
0.585,18722,13,17335,40.9,39.4,20.2,104.8,2.9,323615,10501,6,6,bbr1
0.591,21570,14,15895,40.8,39.6,20.2,104.8,2.5,323615,10502,6,6,bbr1
0.600,24418,16,17335,40.8,40.9,20.2,104.8,1.9,323615,10505,6,6,bbr1
0.608,26052,18,17335,41.0,42.6,20.2,104.8,1.9,431487,10507,6,6,bbr1
0.615,26052,18,17335,41.4,44.1,20.2,104.8,2.2,431487,10509,6,6,bbr1
0.622,26052,18,17335,41.9,45.1,20.2,104.8,2.6,431487,10511,6,6,bbr1
0.628,26052,18,17335,42.5,46.7,20.2,104.8,3.1,539358,10513,6,6,bbr1
0.633,17337,12,15840,42.1,39.4,20.2,104.8,3.1,560317,10515,6,6,bbr1
0.643,20185,14,15840,41.9,40.7,20.2,104.8,2.7,560317,10517,6,6,bbr1
0.651,23033,15,18720,41.6,39.8,20.2,104.8,2.5,560317,10521,6,6,bbr1
0.659,25881,17,20160,41.4,39.7,20.2,104.8,2.4,560317,10524,6,6,bbr1
0.665,26728,18,20160,41.2,39.7,20.2,104.8,2.2,336190,10526,6,6,bbr1
0.674,26728,18,20160,41.1,40.8,20.2,104.8,1.7,336190,10528,6,6,bbr1
0.678,17636,12,17280,41.2,41.7,20.2,104.8,1.4,336190,10529,6,6,bbr1
0.686,20484,14,15840,40.8,37.7,20.2,104.8,2.0,448254,10530,6,6,bbr1
0.696,23332,16,18720,41.0,42.2,20.2,104.8,1.8,448254,10534,6,6,bbr1
0.702,26180,18,18720,41.4,44.4,20.2,104.8,2.3,448254,10536,6,6,bbr1
0.708,26728,18,18720,41.9,45.7,20.2,104.8,2.8,560317,10538,6,6,bbr1
0.715,26728,18,20160,42.4,45.7,20.2,104.8,3.0,560317,10541,6,6,bbr1
0.720,26728,18,20160,42.7,44.5,20.2,104.8,2.8,560317,10543,6,6,bbr1
0.730,26728,18,20160,42.2,39.3,20.2,104.8,2.9,336190,10546,6,6,bbr1
0.744,19060,13,17280,42.4,43.2,20.2,104.8,2.0,336190,10548,6,6,bbr1
0.751,21908,15,17280,42.6,43.9,20.2,104.8,1.9,448254,10550,6,6,bbr1
0.761,24756,17,20160,42.9,45.1,20.2,104.8,2.0,448254,10554,6,6,bbr1
0.767,26728,18,20160,43.5,47.4,20.2,104.8,2.6,448254,10556,6,6,bbr1
0.773,26728,18,20160,44.2,49.1,20.2,104.8,3.4,448254,10558,6,6,bbr1
0.780,26728,18,20160,45.0,50.8,20.2,104.8,4.2,448254,10560,6,6,bbr1
0.786,26728,18,20160,45.5,49.1,20.2,104.8,4.2,448254,10562,6,6,bbr1
0.792,26728,18,20160,45.2,42.8,20.2,104.8,3.8,560317,10564,6,6,bbr1
0.805,19060,13,18720,45.1,46.6,20.2,104.8,3.0,336190,10567,6,6,bbr1
0.812,21908,15,17280,45.3,46.9,20.2,104.8,2.7,336190,10568,6,6,bbr1
0.820,24756,17,18720,45.6,47.5,20.2,104.8,2.6,448254,10571,6,6,bbr1
0.826,26728,18,18720,45.9,47.9,20.2,104.8,2.5,448254,10573,6,6,bbr1
0.836,26728,18,20160,46.1,47.9,20.2,104.8,2.4,448254,10576,6,6,bbr1
0.843,26728,18,18720,46.4,47.9,20.2,104.8,2.2,448254,10578,6,6,bbr1
0.849,26728,18,18720,46.8,49.5,20.2,104.8,2.5,448254,10580,6,6,bbr1
0.855,17636,12,17280,46.0,41.1,20.2,104.8,3.2,448254,10582,6,6,bbr1
0.865,20484,14,15840,45.7,43.4,20.2,104.8,3.1,448254,10583,6,6,bbr1
0.875,23332,16,18720,45.5,44.3,20.2,104.8,2.7,448254,10587,6,6,bbr1
0.881,26180,18,18720,45.4,44.7,20.2,104.8,2.2,560317,10589,6,6,bbr1
0.886,26728,18,18720,45.4,45.0,20.2,104.8,1.8,560317,10591,6,6,bbr1
0.894,26728,18,20160,45.3,45.1,20.2,104.8,1.4,560317,10594,6,6,bbr1
0.904,26728,18,21600,45.4,46.0,20.2,104.8,1.2,336190,10597,6,6,bbr1
0.917,20484,14,15840,44.5,43.2,20.2,104.8,2.2,336190,10598,6,6,bbr1
0.925,23332,16,17280,44.3,43.4,20.2,104.8,1.9,448254,10601,6,6,bbr1
0.931,26180,18,17280,44.5,45.3,20.2,104.8,1.7,448254,10603,6,6,bbr1
0.940,26728,18,18720,44.7,46.3,20.2,104.8,1.7,448254,10606,6,6,bbr1
0.947,26728,18,18720,45.2,48.5,20.2,104.8,2.2,448254,10608,6,6,bbr1
0.953,26728,18,18720,45.8,49.9,20.2,104.8,2.9,448254,10610,6,6,bbr1
0.959,17636,12,17280,45.0,39.3,20.2,104.8,3.8,560317,10612,6,6,bbr1
0.968,20484,14,15840,44.5,41.6,20.2,104.8,3.7,560317,10613,6,6,bbr1
0.976,23332,16,18720,44.3,42.4,20.2,104.8,3.3,560317,10617,6,6,bbr1
0.984,26180,18,20160,44.1,42.9,20.2,104.8,2.8,560317,10620,6,6,bbr1
0.991,26728,18,20160,44.0,43.3,20.2,104.8,2.3,336190,10622,6,6,bbr1
0.999,26728,18,18720,43.8,42.2,20.2,104.8,2.2,336190,10624,6,6,bbr1
1.011,19060,13,15840,42.9,37.6,20.2,104.8,2.9,336190,10626,6,6,bbr1
1.020,21908,15,17280,42.9,42.7,20.2,104.8,2.2,448254,10629,6,6,bbr1
1.026,24756,17,17280,43.1,44.4,20.2,104.8,2.0,448254,10631,6,6,bbr1
1.032,26728,18,17280,43.5,46.1,20.2,104.8,2.3,448254,10633,6,6,bbr1
1.039,26728,18,17280,43.8,45.9,20.2,104.8,2.3,448254,10635,6,6,bbr1
1.045,26728,18,17280,43.8,44.4,20.2,104.8,1.9,448254,10637,6,6,bbr1
1.059,19060,13,15840,43.0,41.0,20.2,104.8,2.5,448254,10640,6,6,bbr1
1.066,21908,15,17280,42.7,40.9,20.2,104.8,2.4,448254,10643,6,6,bbr1
1.075,24756,17,18720,42.6,41.8,20.2,104.8,2.0,560317,10646,6,6,bbr1
1.079,26728,18,18720,42.5,41.9,20.2,104.8,1.7,560317,10648,6,6,bbr1
1.087,26728,18,20160,42.6,42.7,20.2,104.8,1.3,560317,10651,6,6,bbr1
1.096,26728,18,21600,42.6,43.1,20.2,104.8,1.1,336190,10654,6,6,bbr1
1.110,20484,14,15840,42.3,42.8,20.2,104.8,1.3,336190,10655,6,6,bbr1
1.118,23332,16,17280,42.4,43.4,20.2,104.8,1.3,448254,10658,6,6,bbr1
1.124,26180,18,17280,42.8,45.3,20.2,104.8,1.7,448254,10660,6,6,bbr1
1.134,26728,18,18720,43.3,46.6,20.2,104.8,2.2,448254,10663,6,6,bbr1
1.141,26728,18,18720,43.9,48.5,20.2,104.8,3.0,448254,10665,6,6,bbr1
1.147,26728,18,18720,44.7,49.9,20.2,104.8,3.7,448254,10667,6,6,bbr1
1.153,17636,12,17280,44.0,39.4,20.2,104.8,4.1,445231,10669,6,6,bbr1
1.162,21908,15,14400,43.5,40.2,20.2,104.8,4.0,445231,10670,6,6,bbr1
1.171,24756,17,17280,43.2,41.0,20.2,104.8,3.7,445231,10674,6,6,bbr1
1.178,26606,18,17280,43.0,41.4,20.2,104.8,3.2,445231,10676,6,6,bbr1
1.184,26606,18,17280,42.8,41.4,20.2,104.8,2.8,445231,10678,6,6,bbr1
1.191,26606,18,17280,42.7,42.3,20.2,104.8,2.2,445231,10680,6,6,bbr1
1.204,18999,13,15840,42.0,37.6,20.2,104.8,2.6,556538,10683,6,6,bbr1
1.211,21847,15,17280,42.0,41.4,20.2,104.8,2.1,556538,10686,6,6,bbr1
1.220,24695,17,20160,41.9,41.7,20.2,104.8,1.6,556538,10690,6,6,bbr1
1.227,26606,18,20160,41.9,42.0,20.2,104.8,1.2,333923,10692,6,6,bbr1
1.236,26606,18,20160,42.0,42.5,20.2,104.8,1.1,333923,10694,6,6,bbr1
1.240,26606,18,18720,42.1,42.9,20.2,104.8,1.0,333923,10695,6,6,bbr1
1.249,17575,12,17280,41.8,39.5,20.2,104.8,1.4,333923,10697,6,6,bbr1
1.256,20423,14,15840,41.9,42.8,20.2,104.8,1.3,445231,10698,6,6,bbr1
1.266,23271,16,18720,42.4,46.1,20.2,104.8,2.0,445231,10702,6,6,bbr1
1.272,26119,18,18720,43.1,47.4,20.2,104.8,2.8,445231,10704,6,6,bbr1
1.278,26606,18,18720,43.6,47.5,20.2,104.8,3.2,445231,10706,6,6,bbr1
1.285,26606,18,18720,43.9,45.5,20.2,104.8,2.9,445231,10708,6,6,bbr1
1.291,26606,18,18720,43.9,44.3,20.2,104.8,2.3,445231,10710,6,6,bbr1
1.298,17575,12,17280,43.3,39.3,20.2,104.8,2.8,445231,10712,6,6,bbr1
1.307,20423,14,15840,43.3,43.1,20.2,104.8,2.2,445231,10713,6,6,bbr1
1.317,23271,16,18720,43.3,43.5,20.2,104.8,1.7,445231,10717,6,6,bbr1
1.323,26606,18,17280,43.2,42.4,20.2,104.8,1.5,556538,10719,6,6,bbr1
1.330,26606,18,18720,43.1,42.4,20.2,104.8,1.3,556538,10722,6,6,bbr1
1.336,26606,18,18720,43.1,43.1,20.2,104.8,1.0,556538,10724,6,6,bbr1
1.350,18999,13,17280,42.4,37.6,20.2,104.8,2.0,325510,10727,6,6,bbr1
1.357,21847,15,17280,42.3,41.4,20.2,104.8,1.8,325510,10729,6,6,bbr1
1.368,24695,17,18720,42.2,41.6,20.2,104.8,1.5,325510,10732,6,6,bbr1
1.372,26154,18,17280,42.4,43.5,20.2,104.8,1.5,325510,10733,6,6,bbr1
1.380,26154,18,17280,42.7,45.1,20.2,104.8,1.8,434014,10735,6,6,bbr1
1.386,26154,18,17280,43.2,46.2,20.2,104.8,2.2,434014,10737,6,6,bbr1
1.393,26154,18,17280,43.8,48.5,20.2,104.8,3.0,434014,10739,6,6,bbr1
1.400,26154,18,17280,43.7,42.8,20.2,104.8,2.5,434014,10741,6,6,bbr1
1.411,18773,13,14400,43.5,42.1,20.2,104.8,1.9,434014,10743,6,6,bbr1
1.421,21621,15,17280,43.1,39.9,20.2,104.8,2.3,434014,10747,6,6,bbr1
1.428,24469,16,17280,42.7,40.4,20.2,104.8,2.4,434014,10749,6,6,bbr1
1.435,26154,18,17280,42.5,40.7,20.2,104.8,2.3,434014,10751,6,6,bbr1
1.442,26154,18,17280,42.3,40.8,20.2,104.8,2.2,434014,10753,6,6,bbr1
1.448,26154,18,17280,42.1,40.9,20.2,104.8,2.0,542517,10755,6,6,bbr1
1.453,26154,18,17280,41.3,36.0,20.2,104.8,3.0,542517,10757,6,6,bbr1
1.466,18773,13,15840,40.9,39.8,20.2,104.8,2.4,542517,10760,6,6,bbr1
1.473,21621,15,17280,40.8,39.8,20.2,104.8,2.1,542517,10763,6,6,bbr1
1.482,25893,17,18720,40.5,38.0,20.2,104.8,2.2,542517,10767,6,6,bbr1
1.491,26154,18,20160,40.4,40.1,20.2,104.8,1.8,542517,10770,6,6,bbr1
1.497,26154,18,20160,40.5,40.9,20.2,104.8,1.5,325510,10772,6,6,bbr1
1.506,26154,18,20160,40.7,42.5,20.2,104.8,1.6,325510,10774,6,6,bbr1
1.510,26154,18,18720,40.3,37.6,20.2,104.8,2.0,325510,10775,6,6,bbr1
1.523,18773,13,15840,40.8,43.6,20.2,104.8,2.0,325510,10777,6,6,bbr1
1.532,21621,15,17280,41.4,45.6,20.2,104.8,2.7,434014,10780,6,6,bbr1
1.538,24469,16,17280,42.1,47.1,20.2,104.8,3.5,434014,10782,6,6,bbr1
1.545,26154,18,17280,43.0,48.7,20.2,104.8,4.2,434014,10784,6,6,bbr1
1.551,26154,18,17280,43.4,46.7,20.2,104.8,4.1,434014,10786,6,6,bbr1
1.558,26154,18,17280,43.6,44.7,20.2,104.8,3.4,434014,10788,6,6,bbr1
1.571,18773,13,14400,42.7,40.7,20.2,104.8,3.3,434014,10790,6,6,bbr1
1.577,21621,15,15840,42.5,40.9,20.2,104.8,3.0,434014,10793,6,6,bbr1
1.587,24469,16,17280,42.3,41.1,20.2,104.8,2.6,542517,10796,6,6,bbr1
1.592,26134,18,17280,42.2,41.3,20.2,104.8,2.2,541893,10798,6,6,bbr1
1.600,26134,18,18720,42.1,41.8,20.2,104.8,1.7,541893,10801,6,6,bbr1
1.605,26134,18,18720,42.1,41.8,20.2,104.8,1.4,541893,10803,6,6,bbr1
1.614,26134,18,20160,41.3,35.8,20.2,104.8,2.6,541893,10806,6,6,bbr1
1.625,18763,13,17280,40.9,39.6,20.2,104.8,2.2,325136,10808,6,6,bbr1
1.632,21611,15,17280,40.8,40.6,20.2,104.8,1.7,325136,10810,6,6,bbr1
1.642,25883,17,17280,40.9,41.2,20.2,104.8,1.4,433515,10813,6,6,bbr1
1.649,26134,18,17280,41.2,43.3,20.2,104.8,1.6,433515,10815,6,6,bbr1
1.656,26134,18,17280,41.6,44.2,20.2,104.8,2.0,433515,10817,6,6,bbr1
1.662,26134,18,17280,42.1,45.8,20.2,104.8,2.5,433515,10819,6,6,bbr1
1.668,17339,12,15840,42.0,41.0,20.2,104.8,2.2,582746,10821,6,6,bbr1
1.678,20187,14,15840,42.0,42.3,20.2,104.8,1.7,582746,10823,6,6,bbr1
1.686,23035,15,18720,41.9,41.4,20.2,104.8,1.4,582746,10827,6,6,bbr1
1.693,25883,17,20160,41.9,41.7,20.2,104.8,1.1,582746,10830,6,6,bbr1
1.701,27452,19,21600,41.9,41.7,20.2,104.8,0.9,582746,10833,6,6,bbr1
1.710,27452,19,23040,41.8,41.7,20.2,104.8,0.7,349647,10836,6,6,bbr1
1.720,20846,14,17280,41.6,39.4,20.2,104.8,1.2,349647,10837,6,6,bbr1
1.730,23694,16,18720,42.0,44.7,20.2,104.8,1.7,466197,10840,6,6,bbr1
1.739,26542,18,21600,42.6,46.4,20.2,104.8,2.3,466197,10844,6,6,bbr1
1.746,27452,19,21600,43.3,48.5,20.2,104.8,3.2,466197,10846,6,6,bbr1
1.751,27452,19,21600,44.2,50.5,20.2,104.8,4.2,582746,10848,6,6,bbr1
1.758,27452,19,23040,45.2,52.0,20.2,104.8,5.1,582746,10851,6,6,bbr1
1.766,27452,19,24480,46.1,52.3,20.2,104.8,5.6,582746,10854,6,6,bbr1
1.785,22270,15,20215,46.6,49.8,20.2,104.8,3.3,349647,10858,6,6,bbr1
1.791,25118,17,20215,47.1,50.6,20.2,104.8,3.5,349647,10860,6,6,bbr1
1.801,27452,19,20215,47.4,49.5,20.2,104.8,3.2,349647,10863,6,6,bbr1
1.810,27452,19,20215,47.9,51.7,20.2,104.8,3.5,349647,10865,6,6,bbr1
1.814,27452,19,18775,48.6,53.7,20.2,104.8,4.1,349647,10866,6,6,bbr1
1.822,27452,19,18775,49.5,55.5,20.2,104.8,4.8,349647,10868,6,6,bbr1
1.830,27452,19,18775,50.5,57.3,20.2,104.8,5.5,349647,10870,6,6,bbr1
1.834,18037,12,15840,50.2,47.9,20.2,104.8,4.8,349647,10871,6,6,bbr1
1.845,20885,14,15840,50.1,50.0,20.2,104.8,3.6,466197,10873,6,6,bbr1
1.854,23733,16,18720,49.9,48.3,20.2,104.8,3.2,466197,10877,6,6,bbr1
1.860,26581,18,18720,49.5,46.7,20.2,104.8,3.2,466197,10879,6,6,bbr1
1.866,27452,19,18720,49.0,45.6,20.2,104.8,3.4,466197,10881,6,6,bbr1
1.872,27452,19,18720,48.4,44.4,20.2,104.8,3.7,466197,10883,6,6,bbr1
1.882,27452,19,20160,47.7,42.9,20.2,104.8,4.2,466197,10886,6,6,bbr1
1.896,20846,14,15840,46.3,43.3,20.2,104.8,4.8,582746,10888,6,6,bbr1
1.904,23694,16,18720,46.0,44.0,20.2,104.8,4.2,582746,10892,6,6,bbr1
1.911,26542,18,20160,45.8,44.4,20.2,104.8,3.5,582746,10895,6,6,bbr1
1.919,27452,19,21600,45.7,45.4,20.2,104.8,2.7,582746,10898,6,6,bbr1
1.927,27452,19,23040,45.7,46.0,20.2,104.8,2.1,349647,10901,6,6,bbr1
1.931,27452,19,21600,45.8,46.6,20.2,104.8,1.8,349647,10902,6,6,bbr1
1.947,20846,14,17280,45.0,44.7,20.2,104.8,2.3,349647,10904,6,6,bbr1
1.955,23694,16,18720,45.2,46.3,20.2,104.8,2.1,466197,10907,6,6,bbr1
1.964,26542,18,20160,45.6,48.5,20.2,104.8,2.4,466197,10910,6,6,bbr1
1.970,27452,19,20160,46.2,50.4,20.2,104.8,3.0,466197,10912,6,6,bbr1
1.973,27452,19,18720,46.7,50.6,20.2,104.8,3.3,466197,10913,6,6,bbr1
1.983,27452,19,20160,47.2,50.6,20.2,104.8,3.5,466197,10916,6,6,bbr1
1.989,27452,19,20160,47.5,49.3,20.2,104.8,3.1,466197,10918,6,6,bbr1
2.000,19422,13,17335,46.3,44.0,20.2,104.8,3.6,466197,10921,6,6,bbr1
2.007,22270,15,17335,46.1,44.6,20.2,104.8,3.1,466197,10923,6,6,bbr1
2.016,25118,17,20215,46.0,45.1,20.2,104.8,2.6,582746,10927,6,6,bbr1
2.023,27452,19,21655,46.0,46.1,20.2,104.8,2.0,582746,10930,6,6,bbr1
2.028,27452,19,21655,46.1,46.7,20.2,104.8,1.7,582746,10932,6,6,bbr1
2.038,27452,19,23095,46.2,46.9,20.2,104.8,1.5,349647,10935,6,6,bbr1
2.042,27452,19,21655,46.4,47.9,20.2,104.8,1.5,349647,10936,6,6,bbr1
2.050,27452,19,21600,46.0,42.9,20.2,104.8,2.0,349647,10938,6,6,bbr1
2.062,19422,13,18720,45.8,47.0,20.2,104.8,2.0,349647,10940,6,6,bbr1
2.069,22270,15,17280,46.1,48.9,20.2,104.8,2.3,349647,10941,6,6,bbr1
2.076,25118,17,18720,46.7,50.8,20.2,104.8,2.9,466197,10944,6,6,bbr1
2.086,27452,19,20160,47.5,52.7,20.2,104.8,3.7,466197,10947,6,6,bbr1
2.092,27452,19,20160,48.4,54.6,20.2,104.8,4.5,466197,10949,6,6,bbr1
2.098,27452,19,20160,49.0,53.2,20.2,104.8,4.6,466197,10951,6,6,bbr1
2.104,27452,19,20160,49.3,51.8,20.2,104.8,4.2,466197,10953,6,6,bbr1
2.117,19422,13,17280,48.2,42.7,20.2,104.8,4.5,582746,10955,6,6,bbr1
2.124,22270,15,17280,47.9,45.7,20.2,104.8,4.0,582746,10957,6,6,bbr1
2.132,25118,17,20160,47.7,46.4,20.2,104.8,3.3,582746,10961,6,6,bbr1
2.139,27452,19,21600,47.5,46.6,20.2,104.8,2.8,582746,10964,6,6,bbr1
2.148,27452,19,21600,47.3,45.8,20.2,104.8,2.5,349647,10967,6,6,bbr1
2.156,26492,18,21600,47.3,46.8,20.2,104.8,2.0,331800,10969,6,6,bbr1
2.170,20366,14,15895,45.8,41.1,20.2,104.8,3.7,331800,10971,6,6,bbr1
2.178,23214,16,17335,45.9,46.3,20.2,104.8,2.9,442400,10974,6,6,bbr1
2.184,26062,18,17335,46.1,48.0,20.2,104.8,2.7,442400,10976,6,6,bbr1
2.191,26492,18,17335,46.6,50.1,20.2,104.8,3.0,442400,10978,6,6,bbr1
2.201,26492,18,18775,47.3,52.0,20.2,104.8,3.6,442400,10981,6,6,bbr1
2.207,26492,18,18775,47.7,50.6,20.2,104.8,3.5,442400,10983,6,6,bbr1
2.213,17557,12,17280,46.7,39.4,20.2,104.8,4.7,442400,10985,6,6,bbr1
2.222,20405,14,15840,46.1,41.7,20.2,104.8,4.8,442400,10986,6,6,bbr1
2.231,23253,16,18720,45.6,42.4,20.2,104.8,4.5,442400,10990,6,6,bbr1
2.237,26101,18,18720,45.2,42.7,20.2,104.8,4.1,553000,10992,6,6,bbr1
2.242,26492,18,18720,45.0,43.1,20.2,104.8,3.6,553000,10994,6,6,bbr1
2.250,26492,18,20160,44.8,43.4,20.2,104.8,3.1,553000,10997,6,6,bbr1
2.260,26492,18,21600,44.6,43.4,20.2,104.8,2.7,331800,11000,6,6,bbr1
2.273,20366,14,15840,43.8,43.0,20.2,104.8,2.7,331800,11001,6,6,bbr1
2.281,23214,16,17280,43.8,43.4,20.2,104.8,2.2,442400,11004,6,6,bbr1
2.287,26062,18,17280,43.9,45.0,20.2,104.8,1.9,442400,11006,6,6,bbr1
2.293,26492,18,17280,44.2,46.3,20.2,104.8,2.0,442400,11008,6,6,bbr1
2.303,26492,18,18720,44.7,48.3,20.2,104.8,2.5,442400,11011,6,6,bbr1
2.310,26492,18,18720,45.4,49.8,20.2,104.8,3.2,442400,11013,6,6,bbr1
2.316,17518,12,17280,44.4,37.6,20.2,104.8,4.3,537175,11015,6,6,bbr1
2.322,20366,14,15840,43.8,39.9,20.2,104.8,4.3,537175,11016,6,6,bbr1
2.331,23214,16,18720,43.4,40.6,20.2,104.8,4.1,537175,11020,6,6,bbr1
2.339,25981,18,20160,43.1,41.0,20.2,104.8,3.6,537175,11023,6,6,bbr1
2.346,25981,18,20160,42.9,41.3,20.2,104.8,3.2,322305,11025,6,6,bbr1
2.350,25981,18,18720,42.8,41.9,20.2,104.8,2.6,322305,11026,6,6,bbr1
2.359,25981,18,18720,42.6,41.7,20.2,104.8,2.2,322305,11028,6,6,bbr1
2.364,17262,11,15840,42.2,39.3,20.2,104.8,2.5,332973,11029,6,6,bbr1
2.374,20110,13,14400,42.5,44.2,20.2,104.8,2.4,443964,11030,6,6,bbr1
2.384,22958,15,17280,42.8,45.1,20.2,104.8,2.4,443964,11034,6,6,bbr1
2.390,25806,17,17280,43.3,47.1,20.2,104.8,2.9,443964,11036,6,6,bbr1
2.396,26555,18,17280,43.7,46.6,20.2,104.8,3.0,554955,11038,6,6,bbr1
2.404,26555,18,18720,43.9,44.9,20.2,104.8,2.5,554955,11041,6,6,bbr1
2.415,18973,13,15840,42.8,36.0,20.2,104.8,3.6,554955,11043,6,6,bbr1
2.422,21821,15,17280,42.4,39.8,20.2,104.8,3.4,554955,11046,6,6,bbr1
2.431,24669,17,20160,42.1,40.0,20.2,104.8,3.2,554955,11050,6,6,bbr1
2.438,26555,18,20160,41.9,40.5,20.2,104.8,2.8,332973,11052,6,6,bbr1
2.446,26555,18,20160,41.9,41.6,20.2,104.8,2.2,332973,11054,6,6,bbr1
2.450,26555,18,18720,42.1,43.9,20.2,104.8,2.1,332973,11055,6,6,bbr1
2.459,17549,12,17280,41.8,39.3,20.2,104.8,2.3,336255,11057,6,6,bbr1
2.466,20397,14,15840,41.9,42.7,20.2,104.8,2.0,448341,11058,6,6,bbr1
2.476,24669,17,17280,42.3,45.1,20.2,104.8,2.3,448341,11062,6,6,bbr1
2.483,26732,18,17280,42.8,46.7,20.2,104.8,2.8,448341,11064,6,6,bbr1
2.489,26732,18,17280,43.1,44.9,20.2,104.8,2.6,560426,11066,6,6,bbr1
2.496,26732,18,18720,43.1,43.2,20.2,104.8,2.0,560426,11069,6,6,bbr1
2.509,19062,13,17280,42.2,37.6,20.2,104.8,2.8,336255,11072,6,6,bbr1
2.516,21910,15,17280,42.1,41.4,20.2,104.8,2.3,336255,11074,6,6,bbr1
2.527,24758,17,18720,42.1,41.7,20.2,104.8,1.8,336255,11077,6,6,bbr1
2.531,26732,18,17280,42.1,42.1,20.2,104.8,1.4,336255,11078,6,6,bbr1
2.539,26732,18,17280,42.3,44.1,20.2,104.8,1.6,448341,11080,6,6,bbr1
2.545,26732,18,17280,42.7,45.2,20.2,104.8,1.9,448341,11082,6,6,bbr1
2.551,26732,18,17280,43.3,47.6,20.2,104.8,2.6,448341,11084,6,6,bbr1
2.564,19062,13,14400,43.6,44.0,20.2,104.8,2.0,448341,11086,6,6,bbr1
2.574,21910,15,17280,43.4,42.0,20.2,104.8,1.9,448341,11090,6,6,bbr1
2.580,24758,17,17280,43.1,40.5,20.2,104.8,2.2,560426,11092,6,6,bbr1
2.584,26732,18,17280,42.8,40.7,20.2,104.8,2.2,560426,11094,6,6,bbr1
2.592,26732,18,18720,42.6,41.4,20.2,104.8,2.0,560426,11097,6,6,bbr1
2.600,26732,18,20160,42.5,41.8,20.2,104.8,1.7,560426,11100,6,6,bbr1
2.612,19062,13,17280,41.4,39.7,20.2,104.8,2.7,336255,11102,6,6,bbr1
2.619,21910,15,17280,41.2,40.0,20.2,104.8,2.4,336255,11104,6,6,bbr1
2.628,24758,17,18720,41.3,41.8,20.2,104.8,1.9,448341,11107,6,6,bbr1
2.634,26732,18,17280,41.5,42.4,20.2,104.8,1.7,448341,11109,6,6,bbr1
2.644,26732,18,18720,41.8,44.5,20.2,104.8,2.1,448341,11112,6,6,bbr1
2.651,26732,18,18720,42.3,45.8,20.2,104.8,2.5,448341,11114,6,6,bbr1
2.657,17638,12,17280,42.2,41.0,20.2,104.8,2.2,464091,11116,6,6,bbr1
2.665,20486,14,15840,42.3,42.8,20.2,104.8,1.8,464091,11117,6,6,bbr1
2.674,23334,16,18720,42.2,42.2,20.2,104.8,1.4,464091,11121,6,6,bbr1
2.680,26182,18,18720,42.3,42.5,20.2,104.8,1.1,580113,11123,6,6,bbr1
2.688,27367,19,20160,42.3,42.8,20.2,104.8,0.9,580113,11126,6,6,bbr1
2.692,27367,19,20160,42.4,43.2,20.2,104.8,0.9,580113,11128,6,6,bbr1
2.700,27367,19,21600,42.5,43.3,20.2,104.8,0.9,580113,11131,6,6,bbr1
2.716,20803,14,18720,42.3,43.4,20.2,104.8,1.4,348068,11134,6,6,bbr1
2.723,23651,16,18720,42.5,44.0,20.2,104.8,1.5,348068,11136,6,6,bbr1
2.733,26499,18,20160,42.9,45.9,20.2,104.8,2.0,348068,11139,6,6,bbr1
2.737,27367,19,18720,43.5,47.5,20.2,104.8,2.6,348068,11140,6,6,bbr1
2.746,27367,19,18720,44.3,49.7,20.2,104.8,3.5,348068,11142,6,6,bbr1
2.754,27367,19,18720,45.2,51.6,20.2,104.8,4.5,348068,11144,6,6,bbr1
2.758,27367,19,17280,46.2,53.3,20.2,104.8,5.4,348068,11145,6,6,bbr1
2.765,17955,12,15840,46.2,46.2,20.2,104.8,4.0,464091,11147,6,6,bbr1
2.774,20803,14,15840,46.4,48.1,20.2,104.8,3.5,464091,11149,6,6,bbr1
2.784,23651,16,18720,46.5,46.5,20.2,104.8,2.6,464091,11153,6,6,bbr1
2.790,26499,18,18720,46.3,45.3,20.2,104.8,2.3,464091,11155,6,6,bbr1
2.796,27367,19,17280,45.7,41.4,20.2,104.8,2.9,464091,11157,6,6,bbr1
2.806,27367,19,18720,45.0,40.2,20.2,104.8,3.6,464091,11160,6,6,bbr1
2.818,19379,13,15840,43.6,37.9,20.2,104.8,4.5,580113,11162,6,6,bbr1
2.824,22227,15,17280,43.4,41.7,20.2,104.8,3.8,580113,11165,6,6,bbr1
2.832,25075,17,20160,43.2,42.4,20.2,104.8,3.1,580113,11169,6,6,bbr1
2.840,27367,19,21600,43.2,43.0,20.2,104.8,2.4,580113,11172,6,6,bbr1
2.847,27367,19,21600,43.2,43.3,20.2,104.8,1.8,348068,11174,6,6,bbr1
2.855,27367,19,21600,43.3,43.6,20.2,104.8,1.5,348068,11176,6,6,bbr1
2.869,20803,14,15840,42.7,42.6,20.2,104.8,1.7,348068,11177,6,6,bbr1
2.876,23651,16,17280,43.1,46.1,20.2,104.8,2.1,464091,11180,6,6,bbr1
2.885,26499,18,18720,43.8,48.1,20.2,104.8,2.8,464091,11183,6,6,bbr1
2.891,27367,19,18720,44.5,49.9,20.2,104.8,3.7,464091,11185,6,6,bbr1
0.900,27367,19,18720,45.4,51.8,20.2,104.8,4.6,580113,11187,6,6,bbr1
0.006,27367,19,1091,44.4,44.4,20.2,104.8,2.5,580113,11189,6,6,bbr1
0.022,27367,19,0,41.5,27.6,20.2,104.8,6.9,580113,11190,6,6,bbr1
0.050,27367,19,14400,39.0,21.7,20.2,104.8,10.1,580113,11204,6,6,bbr1
0.057,27367,19,15840,37.5,27.0,20.2,104.8,10.6,580113,11207,6,6,bbr1
0.065,27367,19,17280,36.4,28.9,20.2,104.8,10.1,580113,11210,6,6,bbr1
0.072,27367,19,18720,35.7,30.8,20.2,104.8,9.0,580113,11213,6,6,bbr1
0.077,27367,19,18720,35.3,32.7,20.2,104.8,7.5,580113,11215,6,6,bbr1
0.084,27367,19,20160,35.2,34.5,20.2,104.8,5.8,580113,11218,6,6,bbr1
0.092,27367,19,21600,35.4,36.4,20.2,104.8,4.7,580113,11221,6,6,bbr1
0.101,27367,19,23040,35.7,38.2,20.2,104.8,4.2,348068,11224,6,6,bbr1
0.105,27367,19,21600,36.3,40.1,20.2,104.8,4.2,348068,11225,6,6,bbr1
0.114,27367,19,21600,37.0,42.0,20.2,104.8,4.6,348068,11227,6,6,bbr1
0.118,27367,19,20160,37.9,44.1,20.2,104.8,5.2,348068,11228,6,6,bbr1
0.126,27367,19,20160,38.9,45.8,20.2,104.8,5.9,348068,11230,6,6,bbr1
0.134,27367,19,20160,40.0,47.7,20.2,104.8,6.6,348068,11232,6,6,bbr1
0.138,27367,19,18720,41.2,49.6,20.2,104.8,7.4,348068,11233,6,6,bbr1
0.146,27367,19,18720,42.5,51.5,20.2,104.8,8.1,348068,11235,6,6,bbr1
0.155,27367,19,18720,43.8,53.4,20.2,104.8,8.8,348068,11237,6,6,bbr1
0.165,19379,13,14400,45.3,50.0,20.2,104.8,7.5,464091,11238,6,6,bbr1
0.175,22227,15,17280,45.7,48.9,20.2,104.8,6.5,464091,11242,6,6,bbr1
0.181,25075,17,17280,46.0,47.6,20.2,104.8,5.4,464091,11244,6,6,bbr1
0.187,27367,19,17280,46.0,46.2,20.2,104.8,4.1,464091,11246,6,6,bbr1
0.194,27367,19,17280,45.9,44.8,20.2,104.8,3.4,464091,11248,6,6,bbr1
0.203,27367,19,17280,44.4,34.3,20.2,104.8,5.4,464091,11251,6,6,bbr1
0.212,17955,12,14455,42.5,38.2,20.2,104.8,6.2,580113,11253,6,6,bbr1
0.219,20803,14,15895,42.1,39.1,20.2,104.8,5.5,580113,11256,6,6,bbr1
0.227,23651,16,18775,41.7,39.2,20.2,104.8,4.8,580113,11260,6,6,bbr1
0.234,26499,18,20215,41.5,40.1,20.2,104.8,4.0,580113,11263,6,6,bbr1
0.239,27367,19,20215,41.4,40.8,20.2,104.8,3.2,580113,11265,6,6,bbr1
0.247,27367,19,21655,41.4,41.3,20.2,104.8,2.4,580113,11268,6,6,bbr1
0.266,22266,15,17335,40.9,43.2,20.2,104.8,2.7,348068,11272,6,6,bbr1
0.274,25114,17,18775,41.4,45.0,20.2,104.8,3.1,464091,11275,6,6,bbr1
0.283,27367,19,20215,42.1,47.0,20.2,104.8,3.7,464091,11278,6,6,bbr1
0.289,27367,19,20215,43.0,48.9,20.2,104.8,4.5,464091,11280,6,6,bbr1
0.295,27367,19,20215,43.9,50.7,20.2,104.8,5.3,580113,11282,6,6,bbr1
0.303,27367,19,21655,44.9,52.0,20.2,104.8,6.0,580113,11285,6,6,bbr1
0.310,27367,19,23095,46.1,54.4,20.2,104.8,6.9,580113,11288,6,6,bbr1
0.328,22266,15,17335,45.8,46.5,20.2,104.8,3.6,348068,11291,6,6,bbr1
0.336,25114,17,18775,45.7,45.0,20.2,104.8,2.9,464091,11294,6,6,bbr1
0.342,27367,19,18775,46.0,47.8,20.2,104.8,2.7,464091,11296,6,6,bbr1
0.351,26625,18,20215,46.5,49.8,20.2,104.8,3.0,445696,11299,6,6,bbr1
0.358,26625,18,20215,47.0,51.2,20.2,104.8,3.4,445696,11301,6,6,bbr1
0.365,26625,18,20215,47.9,53.6,20.2,104.8,4.2,445696,11303,6,6,bbr1
0.371,26625,18,20215,48.8,55.5,20.2,104.8,5.0,445696,11305,6,6,bbr1
0.383,19047,13,17280,47.8,45.9,20.2,104.8,4.5,557120,11307,6,6,bbr1
0.390,23319,16,15840,47.4,44.8,20.2,104.8,4.1,557120,11309,6,6,bbr1
0.401,26167,18,20160,47.2,45.6,20.2,104.8,3.5,557120,11314,6,6,bbr1
0.407,26625,18,20160,47.0,45.9,20.2,104.8,3.0,334272,11316,6,6,bbr1
0.416,26625,18,20160,46.9,45.9,20.2,104.8,2.5,334272,11318,6,6,bbr1
0.420,26625,18,18720,46.9,46.9,20.2,104.8,1.9,334272,11319,6,6,bbr1
0.429,17584,12,17280,46.2,41.1,20.2,104.8,2.9,334272,11321,6,6,bbr1
0.436,20432,14,15840,45.5,41.0,20.2,104.8,3.4,445696,11322,6,6,bbr1
0.446,23280,16,18720,45.6,46.0,20.2,104.8,2.7,445696,11326,6,6,bbr1
0.453,25952,18,18720,45.8,47.5,20.2,104.8,2.5,429005,11328,6,6,bbr1
0.459,25952,18,18720,46.0,47.6,20.2,104.8,2.3,429005,11330,6,6,bbr1
0.466,25952,18,18720,46.0,45.5,20.2,104.8,1.9,429005,11332,6,6,bbr1
0.473,25952,18,18720,45.7,44.2,20.2,104.8,1.8,429005,11334,6,6,bbr1
0.488,20096,13,14400,44.7,43.2,20.2,104.8,2.6,429005,11336,6,6,bbr1
0.495,22944,15,15840,44.6,43.6,20.2,104.8,2.3,429005,11339,6,6,bbr1
0.502,25792,17,15840,44.5,43.5,20.2,104.8,2.0,536256,11341,6,6,bbr1
0.509,25952,18,17280,44.4,44.0,20.2,104.8,1.6,536256,11344,6,6,bbr1
0.517,25952,18,18720,44.4,44.1,20.2,104.8,1.3,536256,11347,6,6,bbr1
0.522,25952,18,18720,44.3,44.2,20.2,104.8,1.0,536256,11349,6,6,bbr1
0.536,18672,12,17280,42.7,39.0,20.2,104.8,3.3,321753,11352,6,6,bbr1
0.542,21520,14,15840,42.3,39.1,20.2,104.8,3.3,314097,11353,6,6,bbr1
0.552,24368,16,17280,42.2,41.4,20.2,104.8,2.7,314097,11356,6,6,bbr1
0.556,25540,17,14400,42.1,41.8,20.2,104.8,2.1,314097,11357,6,6,bbr1
0.565,25644,17,14400,42.2,42.9,20.2,104.8,1.8,421393,11359,6,6,bbr1
0.575,26017,18,15840,42.5,44.5,20.2,104.8,1.9,430619,11362,6,6,bbr1
0.581,15856,11,15840,42.3,40.9,20.2,104.8,1.8,432715,11364,6,6,bbr1
0.585,18704,12,14400,41.7,37.6,20.2,104.8,2.5,432715,11365,6,6,bbr1
0.594,21552,14,15840,41.3,38.6,20.2,104.8,2.7,432715,11368,6,6,bbr1
0.600,24400,16,15840,40.6,35.8,20.2,104.8,3.4,540893,11370,6,6,bbr1
0.609,26101,18,17280,40.1,36.3,20.2,104.8,3.6,540893,11373,6,6,bbr1
0.614,26101,18,17280,39.6,36.3,20.2,104.8,3.7,540893,11375,6,6,bbr1
0.626,18746,13,15840,38.9,36.8,20.2,104.8,3.3,540893,11378,6,6,bbr1
0.633,21594,14,17280,38.6,36.9,20.2,104.8,3.0,540893,11381,6,6,bbr1
0.640,24442,16,18720,38.5,37.8,20.2,104.8,2.4,540893,11384,6,6,bbr1
0.648,26101,18,20160,38.6,39.3,20.2,104.8,2.0,540893,11387,6,6,bbr1
0.658,26101,18,21600,38.9,40.7,20.2,104.8,2.0,324536,11390,6,6,bbr1
0.662,26101,18,20160,39.3,41.9,20.2,104.8,2.3,324536,11391,6,6,bbr1
0.678,20170,14,15840,39.7,42.7,20.2,104.8,2.1,338007,11393,6,6,bbr1
0.686,23018,15,17280,40.4,45.2,20.2,104.8,3.0,450676,11396,6,6,bbr1
0.692,25866,17,17280,41.3,47.3,20.2,104.8,4.0,450676,11398,6,6,bbr1
0.701,26826,18,18720,42.2,48.5,20.2,104.8,4.8,450676,11401,6,6,bbr1
0.707,26826,18,18720,43.1,49.9,20.2,104.8,5.5,563345,11403,6,6,bbr1
0.712,26826,18,17280,43.4,45.6,20.2,104.8,4.8,563345,11405,6,6,bbr1
0.728,19109,13,17280,42.4,40.1,20.2,104.8,4.4,338007,11409,6,6,bbr1
0.734,21957,15,17280,42.2,41.0,20.2,104.8,3.7,338007,11411,6,6,bbr1
0.745,24805,17,18720,42.1,41.5,20.2,104.8,2.9,338007,11414,6,6,bbr1
0.749,26826,18,17280,42.1,41.8,20.2,104.8,2.3,338007,11415,6,6,bbr1
0.757,26826,18,17280,42.3,43.6,20.2,104.8,2.1,450676,11417,6,6,bbr1
0.764,26826,18,17280,42.6,45.2,20.2,104.8,2.3,450676,11419,6,6,bbr1
0.770,26826,18,17280,43.2,47.0,20.2,104.8,2.8,450676,11421,6,6,bbr1
0.782,19109,13,14400,43.5,43.7,20.2,104.8,2.0,450676,11423,6,6,bbr1
0.792,21957,15,17280,43.3,41.8,20.2,104.8,2.0,450676,11427,6,6,bbr1
0.798,24805,17,17280,42.9,40.3,20.2,104.8,2.2,563345,11429,6,6,bbr1
0.803,26826,18,17280,42.6,40.8,20.2,104.8,2.2,563345,11431,6,6,bbr1
0.811,26826,18,18720,42.4,40.7,20.2,104.8,2.1,563345,11434,6,6,bbr1
0.818,26826,18,20160,42.3,41.6,20.2,104.8,1.8,563345,11437,6,6,bbr1
0.830,19109,13,17335,41.2,39.5,20.2,104.8,2.7,338007,11440,6,6,bbr1
0.837,21957,15,17335,41.0,39.8,20.2,104.8,2.4,338007,11442,6,6,bbr1
0.846,24805,17,18775,41.1,41.7,20.2,104.8,2.0,450676,11445,6,6,bbr1
0.853,26826,18,18775,41.3,43.0,20.2,104.8,1.9,450676,11447,6,6,bbr1
0.859,26826,18,18775,41.8,45.1,20.2,104.8,2.4,450676,11449,6,6,bbr1
0.864,26826,18,18775,42.4,46.4,20.2,104.8,2.9,563345,11451,6,6,bbr1
0.878,19148,13,17280,42.8,42.9,20.2,104.8,2.3,338007,11454,6,6,bbr1
0.885,23420,16,15840,42.7,41.6,20.2,104.8,2.0,338007,11456,6,6,bbr1
0.895,26268,18,17280,42.7,42.5,20.2,104.8,1.6,338007,11459,6,6,bbr1
0.903,26826,18,17280,42.7,42.7,20.2,104.8,1.2,450676,11461,6,6,bbr1
0.909,26826,18,17280,42.8,43.4,20.2,104.8,1.1,450676,11463,6,6,bbr1
0.915,26826,18,17280,43.0,44.6,20.2,104.8,1.3,450676,11465,6,6,bbr1
0.928,19109,13,14400,42.5,40.9,20.2,104.8,1.5,563345,11467,6,6,bbr1
0.936,21957,15,17280,42.4,41.5,20.2,104.8,1.4,563345,11471,6,6,bbr1
0.943,24805,17,18720,42.1,40.0,20.2,104.8,1.7,563345,11474,6,6,bbr1
0.948,26826,18,18720,41.9,40.6,20.2,104.8,1.6,563345,11476,6,6,bbr1
0.956,26826,18,20160,41.8,41.0,20.2,104.8,1.4,563345,11479,6,6,bbr1
0.965,26826,18,21600,41.8,41.5,20.2,104.8,1.1,338007,11482,6,6,bbr1
0.976,19109,13,17280,41.0,41.0,20.2,104.8,1.7,338007,11483,6,6,bbr1
0.982,21957,15,17280,41.3,42.8,20.2,104.8,1.8,450676,11485,6,6,bbr1
0.992,24805,17,20160,41.6,44.1,20.2,104.8,2.0,450676,11489,6,6,bbr1
0.998,26826,18,20160,42.2,46.2,20.2,104.8,2.7,450676,11491,6,6,bbr1
1.005,26826,18,20160,42.9,47.6,20.2,104.8,3.4,450676,11493,6,6,bbr1
1.011,26826,18,20160,43.7,49.7,20.2,104.8,4.2,450676,11495,6,6,bbr1
1.018,26826,18,20160,44.5,49.8,20.2,104.8,4.7,450676,11497,6,6,bbr1
1.030,19109,13,17280,44.1,42.8,20.2,104.8,3.3,563345,11499,6,6,bbr1
1.037,21957,15,17280,44.4,46.7,20.2,104.8,3.1,563345,11501,6,6,bbr1
1.045,26229,18,18720,44.5,45.5,20.2,104.8,2.6,563345,11505,6,6,bbr1
1.053,26826,18,20160,44.7,45.6,20.2,104.8,2.2,563345,11508,6,6,bbr1
1.062,26826,18,21600,44.9,46.6,20.2,104.8,2.2,338007,11511,6,6,bbr1
1.070,26826,18,21600,45.2,46.9,20.2,104.8,2.1,338007,11513,6,6,bbr1
1.083,20533,14,15840,44.2,41.1,20.2,104.8,2.9,338007,11514,6,6,bbr1
1.091,23381,16,17280,44.5,46.2,20.2,104.8,2.7,450676,11517,6,6,bbr1
1.097,26229,18,17280,44.9,48.3,20.2,104.8,3.0,450676,11519,6,6,bbr1
1.107,26826,18,18720,45.5,49.6,20.2,104.8,3.4,450676,11522,6,6,bbr1
1.113,26826,18,18720,46.3,51.5,20.2,104.8,4.0,450676,11524,6,6,bbr1
1.120,26826,18,18720,46.7,49.8,20.2,104.8,3.9,450676,11526,6,6,bbr1
1.127,17685,12,17280,45.8,39.2,20.2,104.8,4.8,450676,11528,6,6,bbr1
1.135,20533,14,15840,45.2,41.6,20.2,104.8,4.6,450676,11529,6,6,bbr1
1.145,23381,16,18720,44.9,42.5,20.2,104.8,4.2,450676,11533,6,6,bbr1
1.151,26229,18,18720,44.7,43.0,20.2,104.8,3.6,563345,11535,6,6,bbr1
1.158,26826,18,20160,44.5,43.4,20.2,104.8,3.0,563345,11538,6,6,bbr1
1.163,26826,18,20160,44.4,43.9,20.2,104.8,2.4,563345,11540,6,6,bbr1
1.172,26826,18,21600,44.4,44.4,20.2,104.8,1.8,338007,11543,6,6,bbr1
1.186,20533,14,15840,43.7,43.2,20.2,104.8,2.1,333338,11544,6,6,bbr1
1.194,23381,16,17280,43.7,43.4,20.2,104.8,1.7,444451,11547,6,6,bbr1
1.200,26229,18,17280,43.9,45.4,20.2,104.8,1.7,444451,11549,6,6,bbr1
1.207,26575,18,15840,44.1,45.6,20.2,104.8,1.7,444451,11551,6,6,bbr1
1.216,26575,18,17280,44.6,47.9,20.2,104.8,2.2,444451,11554,6,6,bbr1
1.223,26575,18,17280,45.0,48.0,20.2,104.8,2.5,444451,11556,6,6,bbr1
1.236,18983,13,14400,43.6,39.9,20.2,104.8,3.8,555563,11558,6,6,bbr1
1.244,21831,15,17280,43.2,40.7,20.2,104.8,3.6,555563,11562,6,6,bbr1
1.252,24679,17,18720,42.9,41.1,20.2,104.8,3.2,555563,11565,6,6,bbr1
1.257,26575,18,18720,42.8,41.4,20.2,104.8,2.8,555563,11567,6,6,bbr1
1.264,26575,18,20160,42.6,41.8,20.2,104.8,2.3,555563,11570,6,6,bbr1
1.274,26575,18,21600,42.6,42.0,20.2,104.8,1.9,333338,11573,6,6,bbr1
1.284,18983,13,17335,41.6,40.4,20.2,104.8,2.7,333338,11575,6,6,bbr1
1.291,21831,15,17335,41.7,42.6,20.2,104.8,2.3,444451,11577,6,6,bbr1
1.300,24679,17,20215,42.0,44.1,20.2,104.8,2.3,444451,11581,6,6,bbr1
1.307,26575,18,20215,42.5,45.8,20.2,104.8,2.7,444451,11583,6,6,bbr1
1.313,26575,18,20215,43.1,47.5,20.2,104.8,3.3,444451,11585,6,6,bbr1
1.320,26575,18,20215,43.8,48.6,20.2,104.8,3.8,444451,11587,6,6,bbr1
1.326,26575,18,20215,44.4,49.0,20.2,104.8,4.2,444451,11589,6,6,bbr1
1.339,19022,13,17335,44.1,42.9,20.2,104.8,3.0,444451,11592,6,6,bbr1
1.346,21870,15,17335,44.4,46.6,20.2,104.8,2.9,444451,11594,6,6,bbr1
1.355,24718,17,20215,44.7,46.9,20.2,104.8,2.8,555563,11598,6,6,bbr1
1.360,26575,18,20215,45.0,46.9,20.2,104.8,2.6,555563,11600,6,6,bbr1
1.368,26575,18,21655,45.3,47.6,20.2,104.8,2.6,555563,11603,6,6,bbr1
1.375,26575,18,20215,45.5,46.5,20.2,104.8,2.3,333338,11605,6,6,bbr1
1.387,19022,13,17280,45.0,41.1,20.2,104.8,2.7,333300,11607,6,6,bbr1
1.392,20446,14,18720,44.6,41.1,20.2,104.8,3.0,444401,11609,6,6,bbr1
1.399,23294,16,18720,44.6,44.9,20.2,104.8,2.3,444401,11611,6,6,bbr1
1.407,26142,18,20160,44.8,46.5,20.2,104.8,2.2,444401,11614,6,6,bbr1
1.413,26573,18,20160,45.2,48.2,20.2,104.8,2.5,444401,11616,6,6,bbr1
1.420,26573,18,20160,45.8,49.3,20.2,104.8,2.9,444401,11618,6,6,bbr1
1.426,26573,18,20160,46.2,49.4,20.2,104.8,3.1,444401,11620,6,6,bbr1
1.440,18982,13,17280,46.0,46.2,20.2,104.8,2.1,444401,11622,6,6,bbr1
1.447,21830,15,17280,46.0,46.2,20.2,104.8,1.6,444401,11624,6,6,bbr1
1.456,24678,17,20160,46.3,47.9,20.2,104.8,1.7,444401,11628,6,6,bbr1
1.463,26573,18,20160,46.5,48.4,20.2,104.8,1.8,444401,11630,6,6,bbr1
1.469,26573,18,20160,46.8,48.7,20.2,104.8,1.9,444401,11632,6,6,bbr1
1.475,26573,18,20160,47.1,48.9,20.2,104.8,1.9,555501,11634,6,6,bbr1
1.481,26573,18,20160,47.4,49.6,20.2,104.8,2.1,555501,11636,6,6,bbr1
1.495,18982,13,18720,46.3,42.8,20.2,104.8,3.0,333300,11639,6,6,bbr1
1.505,21830,15,17280,46.3,46.5,20.2,104.8,2.3,333300,11640,6,6,bbr1
1.508,24678,17,17280,46.4,46.8,20.2,104.8,1.8,444401,11642,6,6,bbr1
1.518,26573,18,18720,46.4,46.8,20.2,104.8,1.5,444401,11645,6,6,bbr1
1.524,26573,18,18720,46.6,47.6,20.2,104.8,1.4,444401,11647,6,6,bbr1
1.531,26573,18,18720,46.9,49.3,20.2,104.8,1.7,444401,11649,6,6,bbr1
1.538,26573,18,18720,47.4,50.8,20.2,104.8,2.3,444401,11651,6,6,bbr1
1.549,20406,14,14400,46.5,41.0,20.2,104.8,3.1,444401,11653,6,6,bbr1
1.559,23254,16,17280,45.8,41.6,20.2,104.8,3.5,444401,11657,6,6,bbr1
1.566,26102,18,17280,45.3,41.7,20.2,104.8,3.7,444401,11659,6,6,bbr1
1.572,26573,18,17280,45.0,42.4,20.2,104.8,3.5,444401,11661,6,6,bbr1
1.578,26573,18,17280,44.7,42.6,20.2,104.8,3.2,444401,11663,6,6,bbr1
1.588,26573,18,18720,44.4,42.6,20.2,104.8,2.9,444401,11666,6,6,bbr1
1.599,18982,13,15840,43.3,41.4,20.2,104.8,3.5,555501,11668,6,6,bbr1
1.606,21830,15,17280,43.1,41.7,20.2,104.8,3.0,555501,11671,6,6,bbr1
1.615,24678,17,20160,43.0,42.0,20.2,104.8,2.5,555501,11675,6,6,bbr1
1.622,26573,18,20160,42.9,42.5,20.2,104.8,2.0,333300,11677,6,6,bbr1
1.630,26573,18,20160,42.9,42.9,20.2,104.8,1.5,333300,11679,6,6,bbr1
1.634,26573,18,18720,42.9,43.2,20.2,104.8,1.2,333300,11680,6,6,bbr1
1.643,17558,12,17280,42.5,39.3,20.2,104.8,1.8,333300,11682,6,6,bbr1
1.650,20406,14,15840,42.5,42.7,20.2,104.8,1.4,444401,11683,6,6,bbr1
1.660,23254,16,18720,42.9,46.0,20.2,104.8,1.9,444401,11687,6,6,bbr1
1.667,26102,18,18720,43.5,47.6,20.2,104.8,2.6,444401,11689,6,6,bbr1
1.673,26573,18,18720,44.0,47.7,20.2,104.8,3.0,444401,11691,6,6,bbr1
1.680,26573,18,18720,44.2,45.5,20.2,104.8,2.6,444401,11693,6,6,bbr1
1.686,26573,18,18720,44.2,44.3,20.2,104.8,2.0,444401,11695,6,6,bbr1
1.693,17558,12,17280,43.7,39.6,20.2,104.8,2.6,429690,11697,6,6,bbr1
1.702,20406,14,15840,43.6,43.2,20.2,104.8,2.1,429690,11698,6,6,bbr1
1.709,23254,16,17280,43.4,41.8,20.2,104.8,2.0,429690,11701,6,6,bbr1
1.716,25979,18,17280,43.2,41.7,20.2,104.8,1.9,429690,11703,6,6,bbr1
1.722,25979,18,17280,43.1,42.3,20.2,104.8,1.7,429690,11705,6,6,bbr1
1.729,25979,18,17280,43.0,42.8,20.2,104.8,1.3,429690,11707,6,6,bbr1
1.735,25979,18,17280,43.0,42.9,20.2,104.8,1.0,537112,11709,6,6,bbr1
1.751,20109,13,14400,42.1,41.0,20.2,104.8,2.0,537112,11712,6,6,bbr1
1.760,22957,15,17280,41.9,40.6,20.2,104.8,1.9,537112,11716,6,6,bbr1
1.765,25805,17,17280,41.9,41.2,20.2,104.8,1.6,537112,11718,6,6,bbr1
1.773,25979,18,18720,41.8,41.4,20.2,104.8,1.3,537112,11721,6,6,bbr1
1.781,25979,18,20160,41.8,41.7,20.2,104.8,1.0,537112,11724,6,6,bbr1
1.788,25979,18,20160,42.0,43.3,20.2,104.8,1.1,322267,11726,6,6,bbr1
1.800,18685,12,17280,41.2,40.8,20.2,104.8,1.8,322267,11728,6,6,bbr1
1.807,21533,14,15840,41.3,41.8,20.2,104.8,1.5,429690,11729,6,6,bbr1
1.813,24381,16,17280,41.5,43.3,20.2,104.8,1.6,429690,11732,6,6,bbr1
1.820,25979,18,17280,42.0,45.0,20.2,104.8,2.1,429690,11734,6,6,bbr1
1.827,25979,18,17280,42.5,46.5,20.2,104.8,2.7,429690,11736,6,6,bbr1
1.837,25979,18,18720,43.2,48.1,20.2,104.8,3.4,429690,11739,6,6,bbr1
1.843,25979,18,18720,43.6,45.9,20.2,104.8,3.2,429690,11741,6,6,bbr1
1.857,20109,13,14400,42.9,42.2,20.2,104.8,2.9,429690,11743,6,6,bbr1
1.864,22957,15,15840,42.8,42.5,20.2,104.8,2.3,429690,11746,6,6,bbr1
1.871,25805,17,15840,42.6,40.9,20.2,104.8,2.2,429690,11748,6,6,bbr1
1.878,25979,18,15840,42.4,41.1,20.2,104.8,2.0,429690,11750,6,6,bbr1
1.884,25979,18,15840,42.3,41.3,20.2,104.8,1.8,429690,11752,6,6,bbr1
1.891,25979,18,15840,42.2,41.4,20.2,104.8,1.6,429690,11754,6,6,bbr1
1.904,18685,12,12960,40.7,37.7,20.2,104.8,3.2,535746,11756,6,6,bbr1
1.912,21533,14,15840,40.3,37.3,20.2,104.8,3.3,535746,11760,6,6,bbr1
1.920,24381,16,17280,40.0,38.0,20.2,104.8,3.0,535746,11763,6,6,bbr1
1.925,25935,18,17280,39.8,38.1,20.2,104.8,2.8,535746,11765,6,6,bbr1
1.933,25935,18,18720,39.6,38.3,20.2,104.8,2.4,535746,11768,6,6,bbr1
1.948,20087,13,14400,38.5,37.4,20.2,104.8,3.0,535746,11770,6,6,bbr1
1.956,22935,15,17280,38.5,38.3,20.2,104.8,2.3,535746,11774,6,6,bbr1
1.965,25783,17,18720,38.6,39.7,20.2,104.8,2.0,535746,11777,6,6,bbr1
1.970,25935,18,18720,39.0,41.6,20.2,104.8,2.3,535746,11779,6,6,bbr1
1.978,25935,18,20160,39.5,43.2,20.2,104.8,2.7,535746,11782,6,6,bbr1
1.986,25935,18,20160,40.1,44.3,20.2,104.8,3.3,321447,11784,6,6,bbr1
1.996,18663,12,15840,39.7,40.7,20.2,104.8,2.9,321447,11785,6,6,bbr1
2.003,21511,14,15840,40.0,41.7,20.2,104.8,2.7,428597,11787,6,6,bbr1
2.013,24359,16,18720,40.4,43.1,20.2,104.8,2.8,428597,11791,6,6,bbr1
0.071,25935,18,18720,41.0,45.2,20.2,104.8,3.3,428597,11793,6,6,bbr1
0.005,24692,17,1276,41.0,41.4,20.2,104.8,2.2,445083,11795,6,6,bbr1
0.006,26600,18,0,39.3,26.1,20.2,104.8,5.2,556353,11796,6,6,bbr1
0.032,26600,18,12960,37.1,22.0,20.2,104.8,8.2,556353,11809,6,6,bbr1
0.040,26600,18,14400,35.9,27.0,20.2,104.8,8.7,556353,11812,6,6,bbr1
0.048,26600,18,15840,34.9,28.1,20.2,104.8,8.5,556353,11815,6,6,bbr1
0.055,26600,18,17280,34.3,30.4,20.2,104.8,7.5,556353,11818,6,6,bbr1
0.063,26600,18,18720,34.0,31.8,20.2,104.8,6.2,556353,11821,6,6,bbr1
0.069,26600,18,18720,33.9,33.2,20.2,104.8,4.9,556353,11823,6,6,bbr1
0.076,26600,18,20160,34.1,35.4,20.2,104.8,4.0,556353,11826,6,6,bbr1
0.083,26600,18,20160,34.5,37.1,20.2,104.8,3.8,333812,11828,6,6,bbr1
0.091,26600,18,20160,34.9,38.3,20.2,104.8,3.8,333812,11830,6,6,bbr1
0.096,26600,18,18720,35.6,40.4,20.2,104.8,4.2,333812,11831,6,6,bbr1
0.105,26600,18,18720,36.4,42.1,20.2,104.8,4.8,333812,11833,6,6,bbr1
0.109,26600,18,17280,37.4,43.8,20.2,104.8,5.4,333812,11834,6,6,bbr1
0.116,26600,18,17280,38.3,45.0,20.2,104.8,6.0,445083,11836,6,6,bbr1
0.123,26600,18,17280,39.3,46.5,20.2,104.8,6.5,445083,11838,6,6,bbr1
0.129,26600,18,17280,40.5,48.7,20.2,104.8,7.3,445083,11840,6,6,bbr1
0.139,26600,18,18720,41.3,46.8,20.2,104.8,7.0,445083,11843,6,6,bbr1
0.150,18996,13,15840,41.9,43.1,20.2,104.8,5.0,445083,11845,6,6,bbr1
0.156,21844,15,17280,41.9,41.7,20.2,104.8,3.8,445083,11848,6,6,bbr1
0.166,24692,17,18720,41.9,41.9,20.2,104.8,2.9,445083,11851,6,6,bbr1
0.172,26600,18,18720,41.9,42.0,20.2,104.8,2.2,445083,11853,6,6,bbr1
0.179,26600,18,18720,42.0,42.8,20.2,104.8,1.8,445083,11855,6,6,bbr1
0.185,26600,18,18720,42.2,43.2,20.2,104.8,1.7,445083,11857,6,6,bbr1
0.191,17572,12,17280,41.6,37.6,20.2,104.8,2.4,556353,11859,6,6,bbr1
0.199,20420,14,15840,41.5,41.0,20.2,104.8,1.9,556353,11860,6,6,bbr1
0.207,23268,16,18720,41.5,41.5,20.2,104.8,1.5,556353,11864,6,6,bbr1
0.215,26116,18,20160,41.5,41.7,20.2,104.8,1.1,556353,11867,6,6,bbr1
0.222,26600,18,20160,41.7,42.5,20.2,104.8,1.1,333812,11869,6,6,bbr1
0.231,26600,18,20160,41.8,42.7,20.2,104.8,1.1,333812,11871,6,6,bbr1
0.235,26600,18,18720,42.0,43.3,20.2,104.8,1.2,333812,11872,6,6,bbr1
0.243,17572,12,17280,41.6,39.3,20.2,104.8,1.6,333812,11874,6,6,bbr1
0.251,20420,14,15840,41.9,44.1,20.2,104.8,1.8,445083,11875,6,6,bbr1
0.261,23268,16,18720,42.5,46.0,20.2,104.8,2.4,445083,11879,6,6,bbr1
0.267,26116,18,18720,43.1,47.5,20.2,104.8,3.0,445083,11881,6,6,bbr1
0.273,26600,18,18720,43.6,47.5,20.2,104.8,3.4,445083,11883,6,6,bbr1
0.280,26600,18,18720,43.9,45.6,20.2,104.8,3.0,445083,11885,6,6,bbr1
0.286,26600,18,18720,43.9,44.2,20.2,104.8,2.3,445083,11887,6,6,bbr1
0.293,17572,12,17280,43.3,39.3,20.2,104.8,2.9,445083,11889,6,6,bbr1
0.302,20420,14,15840,43.3,43.0,20.2,104.8,2.3,445083,11890,6,6,bbr1
0.312,23268,16,18720,43.3,43.1,20.2,104.8,1.7,445083,11894,6,6,bbr1
0.318,26116,18,18720,43.3,43.3,20.2,104.8,1.3,445083,11896,6,6,bbr1
0.325,26600,18,18720,43.4,44.1,20.2,104.8,1.2,445083,11898,6,6,bbr1
0.331,26600,18,18720,43.5,44.3,20.2,104.8,1.1,445083,11900,6,6,bbr1
0.337,26600,18,18720,43.7,45.0,20.2,104.8,1.2,445083,11902,6,6,bbr1
0.344,17572,12,17280,43.1,39.3,20.2,104.8,2.0,445083,11904,6,6,bbr1
0.351,20420,14,15840,42.9,41.4,20.2,104.8,1.9,445083,11905,6,6,bbr1
0.361,23268,16,18720,42.8,41.6,20.2,104.8,1.8,445083,11909,6,6,bbr1
0.367,26116,18,18720,42.7,42.1,20.2,104.8,1.5,556353,11911,6,6,bbr1
0.372,26600,18,18720,42.7,42.5,20.2,104.8,1.2,556353,11913,6,6,bbr1
0.380,26600,18,20160,42.6,42.6,20.2,104.8,0.9,556353,11916,6,6,bbr1
0.390,26600,18,21600,42.7,43.2,20.2,104.8,0.8,333812,11919,6,6,bbr1
0.403,20420,14,15840,42.4,43.2,20.2,104.8,1.3,333812,11920,6,6,bbr1
0.411,23268,16,17280,42.5,43.4,20.2,104.8,1.2,445083,11923,6,6,bbr1
0.417,26116,18,17280,42.9,45.2,20.2,104.8,1.6,445083,11925,6,6,bbr1
0.423,26600,18,17280,43.3,46.4,20.2,104.8,2.1,445083,11927,6,6,bbr1
0.433,26600,18,18720,44.0,48.6,20.2,104.8,2.9,445083,11930,6,6,bbr1
0.440,26600,18,18720,44.7,49.8,20.2,104.8,3.6,445083,11932,6,6,bbr1
0.446,17572,12,17280,44.0,39.4,20.2,104.8,4.0,445083,11934,6,6,bbr1
0.454,20420,14,15840,43.7,41.7,20.2,104.8,3.6,445083,11935,6,6,bbr1
0.464,23268,16,18720,43.6,42.5,20.2,104.8,3.0,445083,11939,6,6,bbr1
0.471,26116,18,18720,43.5,42.8,20.2,104.8,2.4,445083,11941,6,6,bbr1
0.477,26600,18,18720,43.5,43.3,20.2,104.8,1.9,445083,11943,6,6,bbr1
0.484,26600,18,18720,43.5,43.5,20.2,104.8,1.4,445083,11945,6,6,bbr1
0.490,26600,18,18720,43.5,44.0,20.2,104.8,1.2,445083,11947,6,6,bbr1
0.496,17572,12,17280,43.0,39.2,20.2,104.8,2.0,556353,11949,6,6,bbr1
0.506,20420,14,15840,42.8,41.4,20.2,104.8,1.9,556353,11950,6,6,bbr1
0.511,23268,16,17280,42.6,41.6,20.2,104.8,1.7,540730,11953,6,6,bbr1
0.519,26096,18,18720,42.5,41.7,20.2,104.8,1.5,540730,11956,6,6,bbr1
0.527,26096,18,20160,42.5,42.4,20.2,104.8,1.2,540730,11959,6,6,bbr1
0.534,26096,18,20160,42.5,42.7,20.2,104.8,0.9,324438,11961,6,6,bbr1
0.538,26096,18,18720,42.6,43.3,20.2,104.8,0.9,324438,11962,6,6,bbr1
0.547,17320,12,17280,42.0,37.6,20.2,104.8,1.9,324438,11964,6,6,bbr1
0.555,20168,14,15840,42.1,42.6,20.2,104.8,1.6,432584,11965,6,6,bbr1
0.562,23016,15,17280,42.3,44.1,20.2,104.8,1.7,432584,11968,6,6,bbr1
0.572,25864,17,18720,42.7,45.1,20.2,104.8,2.0,432584,11971,6,6,bbr1
0.579,26096,18,18720,43.2,47.1,20.2,104.8,2.6,432584,11973,6,6,bbr1
0.586,26096,18,18720,43.6,46.5,20.2,104.8,2.8,432584,11975,6,6,bbr1
0.592,26096,18,18720,43.8,44.9,20.2,104.8,2.4,432584,11977,6,6,bbr1
0.599,17320,12,17280,43.2,39.4,20.2,104.8,2.9,432584,11979,6,6,bbr1
0.607,20168,14,15840,43.2,42.7,20.2,104.8,2.3,432584,11980,6,6,bbr1
0.617,23016,15,18720,43.1,43.0,20.2,104.8,1.8,432584,11984,6,6,bbr1
0.623,25864,17,18720,43.2,43.2,20.2,104.8,1.3,432584,11986,6,6,bbr1
0.630,26096,18,18720,43.2,43.3,20.2,104.8,1.0,432584,11988,6,6,bbr1
0.637,26096,18,18720,43.2,43.4,20.2,104.8,0.8,432584,11990,6,6,bbr1
0.643,26096,18,18720,43.2,43.4,20.2,104.8,0.7,432584,11992,6,6,bbr1
0.650,17320,12,17280,42.7,39.4,20.2,104.8,1.5,432584,11994,6,6,bbr1
0.658,20168,14,15840,42.8,43.0,20.2,104.8,1.2,432584,11995,6,6,bbr1
0.668,24440,16,17280,42.6,41.5,20.2,104.8,1.2,432584,11999,6,6,bbr1
0.674,26096,18,17280,42.5,41.3,20.2,104.8,1.2,540730,12001,6,6,bbr1
0.682,26096,18,18720,42.3,41.4,20.2,104.8,1.2,540730,12004,6,6,bbr1
0.687,26096,18,18720,42.3,42.2,20.2,104.8,0.9,540730,12006,6,6,bbr1
0.701,18744,13,17280,41.7,37.7,20.2,104.8,1.7,322067,12009,6,6,bbr1
0.708,21592,14,17280,41.7,41.2,20.2,104.8,1.4,322067,12011,6,6,bbr1
0.715,24440,16,17280,41.6,41.4,20.2,104.8,1.1,322067,12013,6,6,bbr1
0.723,25968,18,17280,41.8,42.9,20.2,104.8,1.2,429423,12015,6,6,bbr1
0.730,25968,18,17280,42.1,44.1,20.2,104.8,1.4,429423,12017,6,6,bbr1
0.736,25968,18,17280,42.6,45.9,20.2,104.8,2.0,429423,12019,6,6,bbr1
0.743,25968,18,17280,43.2,47.4,20.2,104.8,2.8,429423,12021,6,6,bbr1
0.756,18680,12,14400,43.3,43.0,20.2,104.8,2.0,429423,12023,6,6,bbr1
0.762,21528,14,15840,43.0,41.0,20.2,104.8,2.1,429423,12026,6,6,bbr1
0.772,24376,16,17280,42.8,41.3,20.2,104.8,2.0,429423,12029,6,6,bbr1
0.779,25968,18,17280,42.7,41.4,20.2,104.8,1.8,429423,12031,6,6,bbr1
0.786,25968,18,17280,42.5,41.6,20.2,104.8,1.6,429423,12033,6,6,bbr1
0.793,25968,18,17280,42.4,41.8,20.2,104.8,1.4,429423,12035,6,6,bbr1
0.803,18680,12,14400,41.3,39.3,20.2,104.8,2.6,536778,12037,6,6,bbr1
0.810,21528,14,15840,41.1,39.7,20.2,104.8,2.4,536778,12040,6,6,bbr1
0.820,24376,16,18720,41.0,39.8,20.2,104.8,2.1,536778,12044,6,6,bbr1
0.825,25968,18,17280,40.6,38.0,20.2,104.8,2.3,536778,12046,6,6,bbr1
0.833,25968,18,18720,40.3,38.0,20.2,104.8,2.4,536778,12049,6,6,bbr1
0.850,20104,13,15840,39.3,37.6,20.2,104.8,2.9,532026,12052,6,6,bbr1
0.857,22952,15,17280,39.4,40.2,20.2,104.8,2.5,539055,12055,6,6,bbr1
0.866,25800,17,20160,39.7,42.1,20.2,104.8,2.5,539055,12059,6,6,bbr1
0.873,26042,18,20160,40.2,43.4,20.2,104.8,2.8,323433,12061,6,6,bbr1
0.877,26042,18,18720,40.7,44.6,20.2,104.8,3.2,323433,12062,6,6,bbr1
0.886,26042,18,18720,41.4,46.1,20.2,104.8,3.7,323433,12064,6,6,bbr1
0.891,17293,12,15840,41.1,39.2,20.2,104.8,3.3,338815,12065,6,6,bbr1
0.901,20141,13,15840,41.3,42.7,20.2,104.8,2.9,451754,12067,6,6,bbr1
0.908,22989,15,17280,41.8,45.2,20.2,104.8,3.1,451754,12070,6,6,bbr1
0.917,25837,17,18720,42.5,47.1,20.2,104.8,3.7,451754,12073,6,6,bbr1
0.924,26870,18,18720,43.0,46.7,20.2,104.8,3.8,451754,12075,6,6,bbr1
0.930,26870,18,18720,43.2,44.8,20.2,104.8,3.3,451754,12077,6,6,bbr1
0.942,19131,13,15840,42.7,39.4,20.2,104.8,2.9,451754,12079,6,6,bbr1
0.949,21979,15,17280,42.7,42.9,20.2,104.8,2.2,451754,12082,6,6,bbr1
0.958,24827,17,18720,42.7,43.0,20.2,104.8,1.7,451754,12085,6,6,bbr1
0.965,26870,18,18720,42.9,43.8,20.2,104.8,1.6,451754,12087,6,6,bbr1
0.971,26870,18,18720,43.0,44.1,20.2,104.8,1.5,451754,12089,6,6,bbr1
0.006,26870,18,611,42.5,42.7,20.2,104.8,1.1,564692,12091,6,6,bbr1
0.006,26870,18,2935,43.0,46.6,20.2,104.8,1.8,564692,12093,6,6,bbr1
0.032,26870,18,12960,40.6,24.3,20.2,104.8,6.0,564692,12104,6,6,bbr1
0.044,26870,18,17280,39.2,29.4,20.2,104.8,7.3,564692,12109,6,6,bbr1
0.049,26870,18,17280,38.1,30.5,20.2,104.8,7.7,564692,12111,6,6,bbr1
0.057,26870,18,18720,37.5,32.9,20.2,104.8,7.1,564692,12114,6,6,bbr1
0.065,26870,18,20160,37.1,34.6,20.2,104.8,6.0,564692,12117,6,6,bbr1
0.071,26870,18,20160,37.0,35.8,20.2,104.8,4.9,338815,12119,6,6,bbr1
0.080,26870,18,20160,37.1,38.2,20.2,104.8,3.9,338815,12121,6,6,bbr1
0.084,26870,18,18720,37.5,39.9,20.2,104.8,3.7,338815,12122,6,6,bbr1
0.093,26870,18,18720,38.0,41.6,20.2,104.8,3.8,338815,12124,6,6,bbr1
0.097,26870,18,17280,38.6,42.8,20.2,104.8,4.1,338815,12125,6,6,bbr1
0.104,26870,18,17280,39.4,45.1,20.2,104.8,4.7,451754,12127,6,6,bbr1
0.110,26870,18,17280,40.3,46.7,20.2,104.8,5.3,451754,12129,6,6,bbr1
0.120,26870,18,18720,41.4,48.6,20.2,104.8,6.1,451754,12132,6,6,bbr1
0.126,26870,18,18720,42.0,46.8,20.2,104.8,5.9,451754,12134,6,6,bbr1
0.133,26870,18,18720,42.4,45.1,20.2,104.8,5.2,451754,12136,6,6,bbr1
0.139,26870,18,18720,42.5,43.1,20.2,104.8,4.1,451754,12138,6,6,bbr1
0.152,19131,13,15840,42.4,42.5,20.2,104.8,2.4,451754,12140,6,6,bbr1
0.158,21979,15,17280,42.5,42.9,20.2,104.8,1.9,451754,12143,6,6,bbr1
0.167,24827,17,18720,42.6,43.2,20.2,104.8,1.6,451754,12146,6,6,bbr1
0.174,26870,18,18720,42.8,43.9,20.2,104.8,1.5,451754,12148,6,6,bbr1
0.180,26870,18,18720,42.9,44.1,20.2,104.8,1.5,451754,12150,6,6,bbr1
0.187,26870,18,17280,43.0,43.3,20.2,104.8,1.2,451754,12152,6,6,bbr1
0.196,26870,18,18720,42.3,37.6,20.2,104.8,2.3,451754,12155,6,6,bbr1
0.208,19131,13,15840,42.1,41.6,20.2,104.8,1.6,564692,12157,6,6,bbr1
0.215,21979,15,17280,42.1,42.4,20.2,104.8,1.3,564692,12160,6,6,bbr1
0.224,24827,17,20160,42.2,42.6,20.2,104.8,1.1,564692,12164,6,6,bbr1
0.231,26870,18,20160,42.3,43.4,20.2,104.8,1.1,338815,12166,6,6,bbr1
0.239,26870,18,20160,42.5,43.7,20.2,104.8,1.2,338815,12168,6,6,bbr1
0.243,26870,18,18720,42.7,44.1,20.2,104.8,1.3,338815,12169,6,6,bbr1
0.251,17707,12,17280,42.3,39.2,20.2,104.8,1.8,338815,12171,6,6,bbr1
0.259,20555,14,15840,42.3,42.7,20.2,104.8,1.5,451754,12172,6,6,bbr1
0.269,23403,16,18720,42.8,46.2,20.2,104.8,2.1,451754,12176,6,6,bbr1
0.275,26251,18,18720,43.4,47.6,20.2,104.8,2.7,451754,12178,6,6,bbr1
0.282,26870,18,18720,43.9,47.6,20.2,104.8,3.1,451754,12180,6,6,bbr1
0.288,26870,18,18720,44.2,46.2,20.2,104.8,2.9,451754,12182,6,6,bbr1
0.295,26870,18,18720,44.2,44.4,20.2,104.8,2.2,451754,12184,6,6,bbr1
0.301,17707,12,17280,43.6,39.5,20.2,104.8,2.9,451754,12186,6,6,bbr1
0.311,20555,14,15840,43.6,43.2,20.2,104.8,2.2,451754,12187,6,6,bbr1
0.321,23403,16,18720,43.6,43.4,20.2,104.8,1.7,451754,12191,6,6,bbr1
0.327,26251,18,18720,43.6,44.2,20.2,104.8,1.4,451754,12193,6,6,bbr1
0.333,26870,18,18720,43.7,44.4,20.2,104.8,1.3,451754,12195,6,6,bbr1
0.339,26870,18,18720,43.9,45.3,20.2,104.8,1.3,451754,12197,6,6,bbr1
0.346,17707,12,17280,43.9,44.1,20.2,104.8,1.1,451754,12199,6,6,bbr1
0.354,20555,14,15840,43.2,37.7,20.2,104.8,2.4,451754,12200,6,6,bbr1
0.363,23403,16,18720,43.0,41.5,20.2,104.8,2.2,451754,12204,6,6,bbr1
0.370,26251,18,18720,42.8,41.7,20.2,104.8,1.9,451754,12206,6,6,bbr1
0.376,26870,18,18720,42.8,42.5,20.2,104.8,1.5,451754,12208,6,6,bbr1
0.382,26870,18,18720,42.7,42.7,20.2,104.8,1.2,451754,12210,6,6,bbr1
0.388,26870,18,18720,42.8,43.4,20.2,104.8,1.0,564692,12212,6,6,bbr1
0.405,20555,14,15840,42.5,43.4,20.2,104.8,1.5,564692,12215,6,6,bbr1
0.413,23403,16,18720,42.6,43.3,20.2,104.8,1.3,564692,12219,6,6,bbr1
0.421,26251,18,20160,42.6,42.4,20.2,104.8,1.0,564692,12222,6,6,bbr1
0.428,26701,18,20160,42.8,44.5,20.2,104.8,1.3,335678,12224,6,6,bbr1
0.436,26701,18,20160,43.1,45.1,20.2,104.8,1.5,335678,12226,6,6,bbr1
0.440,26701,18,18720,43.6,46.8,20.2,104.8,2.0,335678,12227,6,6,bbr1
0.449,17622,12,17280,43.0,39.2,20.2,104.8,2.6,335678,12229,6,6,bbr1
0.456,20470,14,15840,43.2,44.3,20.2,104.8,2.3,447571,12230,6,6,bbr1
0.466,23318,16,18720,43.5,46.0,20.2,104.8,2.4,447571,12234,6,6,bbr1
0.473,26166,18,18720,44.0,47.5,20.2,104.8,2.8,447571,12236,6,6,bbr1
0.479,26701,18,18720,44.5,47.5,20.2,104.8,3.0,447571,12238,6,6,bbr1
0.486,26701,18,18720,44.6,45.6,20.2,104.8,2.5,447571,12240,6,6,bbr1
0.492,26701,18,18720,44.6,44.2,20.2,104.8,2.0,447571,12242,6,6,bbr1
0.498,17622,12,17280,43.9,39.1,20.2,104.8,2.8,447571,12244,6,6,bbr1
0.508,21894,15,14400,43.6,41.3,20.2,104.8,2.8,447571,12245,6,6,bbr1
0.517,24742,17,17280,43.3,41.4,20.2,104.8,2.6,447571,12249,6,6,bbr1
0.524,26109,18,17280,43.2,42.2,20.2,104.8,2.2,432914,12251,6,6,bbr1
0.531,26109,18,17280,43.0,42.3,20.2,104.8,1.9,432914,12253,6,6,bbr1
0.537,26109,18,17280,43.0,43.1,20.2,104.8,1.4,432914,12255,6,6,bbr1
0.550,18750,13,14400,42.4,37.7,20.2,104.8,2.2,432914,12257,6,6,bbr1
0.557,21598,14,15840,42.3,41.4,20.2,104.8,1.9,432914,12260,6,6,bbr1
0.567,24446,16,17280,42.2,41.9,20.2,104.8,1.5,432914,12263,6,6,bbr1
0.574,26109,18,17280,42.2,42.0,20.2,104.8,1.2,432914,12265,6,6,bbr1
0.581,26109,18,17280,42.2,42.0,20.2,104.8,0.9,432914,12267,6,6,bbr1
0.587,26109,18,17280,42.2,42.5,20.2,104.8,0.8,541142,12269,6,6,bbr1
0.598,18750,13,14455,41.2,39.4,20.2,104.8,2.2,541142,12272,6,6,bbr1
0.605,21598,14,15895,41.0,39.6,20.2,104.8,2.0,541142,12275,6,6,bbr1
0.614,24446,16,18775,40.8,39.8,20.2,104.8,1.8,541142,12279,6,6,bbr1
0.620,26109,18,18775,40.7,40.0,20.2,104.8,1.5,541142,12281,6,6,bbr1
0.628,26109,18,20215,40.6,40.0,20.2,104.8,1.3,541142,12284,6,6,bbr1
0.635,26109,18,20215,40.8,41.7,20.2,104.8,1.3,324685,12286,6,6,bbr1
0.646,18789,13,17280,40.1,39.4,20.2,104.8,1.8,324685,12288,6,6,bbr1
0.653,21637,15,17280,40.3,41.9,20.2,104.8,1.8,432914,12290,6,6,bbr1
0.661,24485,17,18720,40.8,44.0,20.2,104.8,2.3,432914,12293,6,6,bbr1
0.668,26072,18,18720,41.3,45.2,20.2,104.8,2.8,431978,12295,6,6,bbr1
0.675,26072,18,18720,42.0,46.6,20.2,104.8,3.4,431978,12297,6,6,bbr1
0.682,26605,18,17280,42.5,45.9,20.2,104.8,3.6,445191,12299,6,6,bbr1
0.696,18998,13,15840,42.1,41.0,20.2,104.8,2.6,445191,12302,6,6,bbr1
0.703,21846,15,17280,42.2,43.1,20.2,104.8,2.2,445191,12305,6,6,bbr1
0.713,24694,17,18720,42.4,43.4,20.2,104.8,1.9,445191,12308,6,6,bbr1
0.719,26605,18,18720,42.5,43.6,20.2,104.8,1.7,445191,12310,6,6,bbr1
0.726,26605,18,18720,42.7,43.6,20.2,104.8,1.6,445191,12312,6,6,bbr1
0.732,26605,18,18720,42.8,43.6,20.2,104.8,1.4,445191,12314,6,6,bbr1
0.738,17574,12,17280,42.4,39.4,20.2,104.8,1.9,445191,12316,6,6,bbr1
0.747,20422,14,15840,42.4,42.8,20.2,104.8,1.5,445191,12317,6,6,bbr1
0.757,23270,16,18720,42.5,43.4,20.2,104.8,1.4,445191,12321,6,6,bbr1
0.763,26118,18,18720,42.6,43.4,20.2,104.8,1.3,556488,12323,6,6,bbr1
0.768,26605,18,18720,42.8,44.2,20.2,104.8,1.3,556488,12325,6,6,bbr1
0.776,26605,18,20160,43.0,44.3,20.2,104.8,1.4,556488,12328,6,6,bbr1
0.786,26605,18,21600,43.3,45.0,20.2,104.8,1.5,333893,12331,6,6,bbr1
0.799,20422,14,15840,42.8,43.2,20.2,104.8,1.7,333893,12332,6,6,bbr1
0.807,23270,16,17280,42.9,43.4,20.2,104.8,1.4,445191,12335,6,6,bbr1
0.813,26118,18,17280,43.2,45.2,20.2,104.8,1.6,445191,12337,6,6,bbr1
0.819,26605,18,17280,43.6,46.4,20.2,104.8,2.0,445191,12339,6,6,bbr1
0.829,26605,18,18720,44.2,48.6,20.2,104.8,2.8,445191,12342,6,6,bbr1
0.835,26605,18,18720,44.9,50.1,20.2,104.8,3.5,445191,12344,6,6,bbr1
0.842,26605,18,17280,44.0,37.6,20.2,104.8,4.5,445191,12346,6,6,bbr1
0.855,18998,13,14400,43.2,40.7,20.2,104.8,4.0,445191,12348,6,6,bbr1
0.865,21846,15,17280,42.9,41.0,20.2,104.8,3.5,445191,12352,6,6,bbr1
0.871,24694,17,17280,42.7,41.5,20.2,104.8,3.0,445191,12354,6,6,bbr1
0.878,26605,18,17280,42.6,41.4,20.2,104.8,2.6,445191,12356,6,6,bbr1
0.885,26605,18,17280,42.5,42.2,20.2,104.8,2.0,445191,12358,6,6,bbr1
0.891,26605,18,17280,42.5,42.5,20.2,104.8,1.5,445191,12360,6,6,bbr1
0.898,26605,18,17280,41.8,36.4,20.2,104.8,2.7,445191,12362,6,6,bbr1
0.910,18998,13,14400,41.3,39.9,20.2,104.8,2.3,556488,12364,6,6,bbr1
0.918,21846,15,17280,41.2,40.5,20.2,104.8,1.9,556488,12368,6,6,bbr1
0.926,24694,17,18720,41.1,40.8,20.2,104.8,1.5,556488,12371,6,6,bbr1
0.931,26605,18,18720,41.1,40.9,20.2,104.8,1.2,556488,12373,6,6,bbr1
0.938,26605,18,20160,41.2,41.6,20.2,104.8,1.0,556488,12376,6,6,bbr1
0.948,26605,18,21600,41.2,41.5,20.2,104.8,0.9,333893,12379,6,6,bbr1
0.958,18998,13,17280,40.6,41.0,20.2,104.8,1.6,333893,12380,6,6,bbr1
0.965,21846,15,17280,40.9,42.6,20.2,104.8,1.7,445191,12382,6,6,bbr1
0.008,22343,15,0,41.0,29.6,20.2,104.8,5.4,445191,12386,6,6,bbr1
0.035,26605,18,10080,38.7,22.8,20.2,104.8,8.6,445191,12397,6,6,bbr1
0.044,26605,18,11520,37.2,26.5,20.2,104.8,9.5,445191,12400,6,6,bbr1
0.050,26605,18,11520,35.9,26.9,20.2,104.8,9.7,445191,12402,6,6,bbr1
0.060,26605,18,12960,34.8,27.5,20.2,104.8,9.4,445191,12405,6,6,bbr1
0.067,26605,18,12960,33.9,27.1,20.2,104.8,9.0,445191,12407,6,6,bbr1
0.073,26605,18,12960,33.1,27.8,20.2,104.8,8.2,445191,12409,6,6,bbr1
0.079,26605,18,12960,32.5,28.3,20.2,104.8,7.4,445191,12411,6,6,bbr1
0.086,26605,18,12960,32.0,28.7,20.2,104.8,6.5,445191,12413,6,6,bbr1
0.092,26605,18,12960,31.7,29.2,20.2,104.8,5.6,445191,12415,6,6,bbr1
0.098,26605,18,12960,31.4,29.5,20.2,104.8,4.7,556488,12417,6,6,bbr1
0.106,26605,18,14400,31.2,29.5,20.2,104.8,4.0,556488,12420,6,6,bbr1
0.114,26605,18,15840,31.0,30.3,20.2,104.8,3.2,556488,12423,6,6,bbr1
0.119,26605,18,15840,31.0,30.5,20.2,104.8,2.6,556488,12425,6,6,bbr1
0.127,26605,18,17280,31.0,31.1,20.2,104.8,2.0,556488,12428,6,6,bbr1
0.132,26605,18,17280,31.1,32.1,20.2,104.8,1.8,556488,12430,6,6,bbr1
0.140,26605,18,18720,31.4,33.7,20.2,104.8,2.0,556488,12433,6,6,bbr1
0.153,18998,13,17280,32.5,37.1,20.2,104.8,3.0,333893,12436,6,6,bbr1
0.159,21846,15,17280,33.2,38.3,20.2,104.8,3.7,333893,12438,6,6,bbr1
0.166,24694,17,17280,34.1,40.5,20.2,104.8,4.6,333893,12440,6,6,bbr1
0.174,26605,18,17280,35.1,41.6,20.2,104.8,5.3,445191,12442,6,6,bbr1
0.181,26125,18,17280,36.2,43.7,20.2,104.8,6.1,433313,12444,6,6,bbr1
0.187,26585,18,15840,37.2,44.6,20.2,104.8,6.7,444694,12446,6,6,bbr1
0.202,18988,13,14455,38.1,41.0,20.2,104.8,5.3,444694,12450,6,6,bbr1
0.212,21836,15,17335,38.5,40.9,20.2,104.8,4.7,444694,12454,6,6,bbr1
0.218,24684,17,17335,38.7,40.0,20.2,104.8,3.9,444694,12456,6,6,bbr1
0.225,26585,18,17335,38.8,40.0,20.2,104.8,3.3,444694,12458,6,6,bbr1
0.232,26585,18,17335,39.1,40.8,20.2,104.8,2.9,444694,12460,6,6,bbr1
0.238,26585,18,17335,39.3,41.1,20.2,104.8,2.7,444694,12462,6,6,bbr1
0.250,19027,13,14400,39.0,39.8,20.2,104.8,2.4,444694,12464,6,6,bbr1
0.260,21875,15,17280,39.2,40.1,20.2,104.8,2.1,444694,12468,6,6,bbr1
0.266,24723,17,17280,39.3,40.5,20.2,104.8,1.9,555867,12470,6,6,bbr1
0.271,26585,18,17280,39.5,40.9,20.2,104.8,1.8,555867,12472,6,6,bbr1
0.279,26585,18,18720,39.7,41.1,20.2,104.8,1.8,555867,12475,6,6,bbr1
0.287,26585,18,20160,40.0,41.7,20.2,104.8,1.8,555867,12478,6,6,bbr1
0.298,18988,13,17280,39.5,39.7,20.2,104.8,1.8,333520,12480,6,6,bbr1
0.305,21836,15,17280,39.5,40.0,20.2,104.8,1.5,333520,12482,6,6,bbr1
0.314,24684,17,18720,39.8,41.7,20.2,104.8,1.7,444694,12485,6,6,bbr1
0.321,26585,18,18720,40.2,42.9,20.2,104.8,2.0,444694,12487,6,6,bbr1
0.328,26585,18,18720,40.8,45.1,20.2,104.8,2.7,444694,12489,6,6,bbr1
0.334,26585,18,18720,41.5,46.7,20.2,104.8,3.5,444694,12491,6,6,bbr1
0.340,26585,18,18720,42.3,47.9,20.2,104.8,4.2,444694,12493,6,6,bbr1
0.353,18988,13,15840,42.6,44.0,20.2,104.8,2.9,444694,12495,6,6,bbr1
0.360,21836,15,17280,42.5,42.0,20.2,104.8,2.3,444694,12498,6,6,bbr1
0.368,24684,17,17280,42.9,45.3,20.2,104.8,2.4,444694,12500,6,6,bbr1
0.373,26585,18,17280,42.8,42.4,20.2,104.8,2.0,444694,12502,6,6,bbr1
0.379,26585,18,17280,42.9,43.1,20.2,104.8,1.5,444694,12504,6,6,bbr1
0.385,26585,18,17280,42.9,43.2,20.2,104.8,1.3,444694,12506,6,6,bbr1
0.395,26585,18,17280,42.2,37.6,20.2,104.8,2.3,555867,12509,6,6,bbr1
0.410,18988,13,17280,41.8,39.8,20.2,104.8,2.1,333520,12513,6,6,bbr1
0.420,21836,15,17280,42.2,45.3,20.2,104.8,2.4,333520,12515,6,6,bbr1
0.424,24684,17,17280,42.3,42.5,20.2,104.8,1.9,333520,12517,6,6,bbr1
0.432,26585,18,17280,42.4,42.9,20.2,104.8,1.6,444694,12519,6,6,bbr1
0.438,26585,18,17280,42.5,43.2,20.2,104.8,1.4,444694,12521,6,6,bbr1
0.445,26585,18,17280,42.7,44.4,20.2,104.8,1.5,444694,12523,6,6,bbr1
0.452,26585,18,17280,43.2,46.7,20.2,104.8,2.1,444694,12525,6,6,bbr1
0.464,18988,13,14400,42.9,39.1,20.2,104.8,2.6,444694,12527,6,6,bbr1
0.474,21836,15,17280,42.6,40.8,20.2,104.8,2.5,444694,12531,6,6,bbr1
0.481,24684,17,17280,42.4,41.0,20.2,104.8,2.2,444694,12533,6,6,bbr1
0.487,26585,18,17280,42.3,41.4,20.2,104.8,1.9,444694,12535,6,6,bbr1
0.494,26585,18,17280,42.2,41.7,20.2,104.8,1.6,444694,12537,6,6,bbr1
0.500,26585,18,17280,42.2,42.1,20.2,104.8,1.2,444694,12539,6,6,bbr1
0.506,26585,18,17280,41.4,35.9,20.2,104.8,2.5,444694,12541,6,6,bbr1
0.519,18988,13,14400,40.8,38.2,20.2,104.8,2.5,555867,12543,6,6,bbr1
0.524,21836,15,15840,40.6,38.7,20.2,104.8,2.4,555867,12546,6,6,bbr1
0.532,24684,17,17280,40.4,39.1,20.2,104.8,2.1,555867,12549,6,6,bbr1
0.540,26585,18,18720,40.2,39.2,20.2,104.8,1.9,555867,12552,6,6,bbr1
0.545,26585,18,18720,40.2,39.8,20.2,104.8,1.5,555867,12554,6,6,bbr1
0.553,26585,18,20160,40.2,40.1,20.2,104.8,1.2,555867,12557,6,6,bbr1
0.565,18988,13,18720,39.4,39.4,20.2,104.8,1.8,333520,12560,6,6,bbr1
0.572,21836,15,17280,39.6,40.8,20.2,104.8,1.7,333520,12561,6,6,bbr1
0.580,24684,17,18720,40.0,42.6,20.2,104.8,2.0,444694,12564,6,6,bbr1
0.586,26585,18,18720,40.5,44.1,20.2,104.8,2.6,444694,12566,6,6,bbr1
0.593,26585,18,18720,41.2,46.0,20.2,104.8,3.3,444694,12568,6,6,bbr1
0.603,26585,18,20160,42.0,47.6,20.2,104.8,4.1,444694,12571,6,6,bbr1
0.609,26585,18,20160,42.8,48.8,20.2,104.8,4.8,444694,12573,6,6,bbr1
0.620,18988,13,17280,43.2,42.9,20.2,104.8,3.4,444694,12575,6,6,bbr1
0.627,21836,15,17280,43.4,45.1,20.2,104.8,3.0,444694,12577,6,6,bbr1
0.637,24684,17,20160,43.7,45.9,20.2,104.8,2.9,444694,12581,6,6,bbr1
0.644,26585,18,20160,44.0,46.2,20.2,104.8,2.8,444694,12583,6,6,bbr1
0.650,26585,18,20160,44.4,46.6,20.2,104.8,2.7,444694,12585,6,6,bbr1
0.655,26585,18,20160,44.7,46.8,20.2,104.8,2.6,555867,12587,6,6,bbr1
0.663,26062,18,21600,45.0,47.4,20.2,104.8,2.7,539685,12590,6,6,bbr1
0.675,18727,13,18720,44.5,42.8,20.2,104.8,2.4,323811,12592,6,6,bbr1
0.682,22999,15,15840,44.5,44.9,20.2,104.8,1.9,323811,12593,6,6,bbr1
0.690,25847,17,17280,44.6,44.9,20.2,104.8,1.5,431748,12596,6,6,bbr1
0.700,26062,18,18720,44.7,45.7,20.2,104.8,1.4,431748,12599,6,6,bbr1
0.706,26062,18,18720,45.0,46.7,20.2,104.8,1.6,431748,12601,6,6,bbr1
0.713,26062,18,18720,45.4,48.3,20.2,104.8,2.0,431748,12603,6,6,bbr1
0.720,26062,18,18720,45.9,49.5,20.2,104.8,2.5,431748,12605,6,6,bbr1
0.727,17303,12,17280,45.3,40.9,20.2,104.8,3.2,431748,12607,6,6,bbr1
0.735,20151,13,15840,44.9,42.7,20.2,104.8,3.0,431748,12608,6,6,bbr1
0.742,22999,15,17280,44.7,43.3,20.2,104.8,2.7,431748,12611,6,6,bbr1
0.752,25847,17,18720,44.6,43.4,20.2,104.8,2.3,431748,12614,6,6,bbr1
0.758,26062,18,18720,44.5,43.9,20.2,104.8,1.9,431748,12616,6,6,bbr1
0.765,26062,18,18720,44.4,44.0,20.2,104.8,1.6,431748,12618,6,6,bbr1
0.772,26062,18,18720,44.4,44.2,20.2,104.8,1.2,431748,12620,6,6,bbr1
0.778,17303,12,17280,43.8,39.3,20.2,104.8,2.2,539685,12622,6,6,bbr1
0.786,20151,13,15840,43.6,42.7,20.2,104.8,1.9,539685,12623,6,6,bbr1
0.793,22999,15,17280,43.6,43.1,20.2,104.8,1.6,539685,12626,6,6,bbr1
0.803,25847,17,20160,43.5,43.2,20.2,104.8,1.3,539685,12630,6,6,bbr1
0.810,26062,18,20160,43.5,43.3,20.2,104.8,1.0,323811,12632,6,6,bbr1
0.814,26062,18,18720,43.5,43.4,20.2,104.8,0.8,323811,12633,6,6,bbr1
0.823,26062,18,18720,43.5,43.4,20.2,104.8,0.6,323811,12635,6,6,bbr1
0.827,17303,12,15840,42.9,39.1,20.2,104.8,1.5,323811,12636,6,6,bbr1
0.838,21575,14,14400,43.0,43.1,20.2,104.8,1.2,432179,12638,6,6,bbr1
0.848,24423,16,17280,43.2,44.6,20.2,104.8,1.3,432179,12642,6,6,bbr1
0.855,26080,18,17280,43.5,46.1,20.2,104.8,1.7,432179,12644,6,6,bbr1
0.862,26080,18,17280,43.6,44.1,20.2,104.8,1.4,432179,12646,6,6,bbr1
0.869,26080,18,17280,43.4,42.0,20.2,104.8,1.5,432179,12648,6,6,bbr1
0.901,5760,4,5760,41.9,40.7,20.2,104.8,1.9,432179,12650,6,6,bbr1
0.908,5760,4,4320,41.8,40.9,20.2,104.8,1.7,432179,12651,6,6,bbr1
0.915,5760,4,4320,41.7,41.0,20.2,104.8,1.5,432179,12653,6,6,bbr1
0.927,5760,4,5760,39.1,20.6,20.2,104.8,6.4,432179,12655,6,6,bbr1
0.933,5760,4,4320,36.7,20.3,20.2,104.8,9.5,432179,12656,6,6,bbr1
0.940,5760,4,4320,34.7,20.4,20.2,104.8,11.2,432179,12658,6,6,bbr1
0.953,5760,4,5760,32.9,20.8,20.2,104.8,11.8,432179,12660,6,6,bbr1
0.960,5760,4,4320,31.5,21.5,20.2,104.8,11.7,432179,12661,6,6,bbr1
0.967,5760,4,4320,30.2,21.4,20.2,104.8,11.3,432179,12663,6,6,bbr1
0.979,5760,4,5760,29.1,21.0,20.2,104.8,10.8,432179,12665,6,6,bbr1
0.986,5760,4,4320,28.0,20.7,20.2,104.8,10.2,432179,12666,6,6,bbr1
0.993,5760,4,4320,27.1,20.7,20.2,104.8,9.5,432179,12668,6,6,bbr1
1.004,5760,4,5760,26.3,20.5,20.2,104.8,8.8,432179,12670,6,6,bbr1
1.011,5760,4,4320,25.6,20.6,20.2,104.8,8.0,432179,12671,6,6,bbr1
1.018,5760,4,4320,24.9,20.5,20.2,104.8,7.3,432179,12673,6,6,bbr1
1.030,5760,4,5760,24.4,20.7,20.2,104.8,6.5,432179,12675,6,6,bbr1
1.037,5760,4,4320,23.9,20.6,20.2,104.8,5.8,432179,12676,6,6,bbr1
1.044,5760,4,4320,23.5,20.6,20.2,104.8,5.2,432179,12678,6,6,bbr1
1.056,5760,4,5760,23.1,20.4,20.2,104.8,4.7,432179,12680,6,6,bbr1
1.063,5760,4,4320,22.8,20.6,20.2,104.8,4.1,432179,12681,6,6,bbr1
1.070,5760,4,4320,22.5,20.6,20.2,104.8,3.7,432179,12683,6,6,bbr1
1.082,5760,4,5760,22.3,20.6,20.2,104.8,3.2,432179,12685,6,6,bbr1
1.089,5760,4,4320,22.1,20.7,20.2,104.8,2.8,432179,12686,6,6,bbr1
1.096,5760,4,4320,21.9,20.7,20.2,104.8,2.5,432179,12688,6,6,bbr1
1.108,17312,12,5760,21.7,20.5,20.2,104.8,2.2,432179,12690,6,6,bbr1
0.006,3072,2,0,21.3,20.6,20.2,104.8,1.5,418893,12694,7,7,bbr1
0.007,5760,4,0,22.2,28.5,20.2,104.8,2.9,418893,12696,7,7,bbr1
0.034,11456,7,1440,22.5,24.6,20.2,104.8,2.8,523616,12701,7,7,bbr1
0.045,12880,8,7200,23.2,28.0,20.2,104.8,3.5,523616,12706,7,7,bbr1
0.059,17152,11,8640,22.9,20.7,20.2,104.8,3.2,523616,12710,7,7,bbr1
0.067,20000,13,11520,22.8,22.1,20.2,104.8,2.6,523616,12714,7,7,bbr1
0.073,22848,15,11520,22.9,23.9,20.2,104.8,2.2,523616,12716,7,7,bbr1
0.082,25668,17,12960,23.2,25.2,20.2,104.8,2.2,523616,12719,7,7,bbr1
0.087,25562,17,12960,23.1,22.2,20.2,104.8,1.9,520333,12721,7,7,bbr1
0.095,25586,17,14400,23.6,26.9,20.2,104.8,2.4,521076,12724,7,7,bbr1
0.101,25586,17,14400,24.1,27.9,20.2,104.8,2.9,521076,12726,7,7,bbr1
0.109,25586,17,15840,24.8,29.4,20.2,104.8,3.5,521076,12729,7,7,bbr1
0.114,25586,17,15840,25.5,30.5,20.2,104.8,4.0,521076,12731,7,7,bbr1
0.123,25586,17,17280,26.3,32.3,20.2,104.8,4.7,521076,12734,7,7,bbr1
0.129,25586,17,17280,27.2,33.6,20.2,104.8,5.4,521076,12736,7,7,bbr1
0.137,25586,17,18720,28.2,35.0,20.2,104.8,6.0,521076,12739,7,7,bbr1
0.142,25586,17,18720,29.2,35.9,20.2,104.8,6.4,521076,12741,7,7,bbr1
0.150,25586,17,20160,30.2,37.2,20.2,104.8,6.8,521076,12744,7,7,bbr1
0.158,25586,17,20160,31.3,38.9,20.2,104.8,7.3,312645,12746,7,7,bbr1
0.162,25586,17,18720,32.4,40.3,20.2,104.8,7.7,312645,12747,7,7,bbr1
0.172,25586,17,18720,33.5,41.6,20.2,104.8,8.1,312645,12749,7,7,bbr1
0.177,25586,17,17280,34.7,42.9,20.2,104.8,8.4,312645,12750,7,7,bbr1
0.186,25586,17,17280,35.9,44.1,20.2,104.8,8.6,312645,12752,7,7,bbr1
0.190,25586,17,15840,37.0,45.2,20.2,104.8,8.8,312645,12753,7,7,bbr1
0.203,18489,12,12960,39.4,47.8,20.2,104.8,9.1,416861,12755,7,7,bbr1
0.210,21337,14,14400,40.2,45.8,20.2,104.8,8.4,416861,12758,7,7,bbr1
0.217,25586,17,12960,40.2,40.0,20.2,104.8,6.4,416861,12760,7,7,bbr1
0.227,25586,17,14400,39.9,38.0,20.2,104.8,5.3,416861,12763,7,7,bbr1
0.234,25586,17,14400,39.4,35.8,20.2,104.8,5.0,416861,12765,7,7,bbr1
0.241,25586,17,14400,38.3,30.8,20.2,104.8,5.9,416861,12767,7,7,bbr1
0.247,15641,10,14400,37.8,34.1,20.2,104.8,5.5,521076,12769,7,7,bbr1
0.253,18489,12,12960,37.3,34.0,20.2,104.8,5.1,521076,12770,7,7,bbr1
0.262,21337,14,15840,36.9,33.9,20.2,104.8,4.7,521076,12774,7,7,bbr1
0.267,24185,16,15840,36.5,33.8,20.2,104.8,4.3,521076,12776,7,7,bbr1
0.275,25586,17,17280,36.2,33.8,20.2,104.8,3.9,521076,12779,7,7,bbr1
0.280,25586,17,17280,35.9,33.7,20.2,104.8,3.5,521076,12781,7,7,bbr1
0.294,18489,12,15840,35.5,36.1,20.2,104.8,2.8,521076,12784,7,7,bbr1
0.301,21337,14,15840,35.7,37.2,20.2,104.8,2.5,521076,12786,7,7,bbr1
0.309,24185,16,18720,36.2,39.1,20.2,104.8,2.7,521076,12790,7,7,bbr1
0.314,26972,18,17280,36.5,38.9,20.2,104.8,2.7,563716,12792,7,7,bbr1
0.325,26972,18,20160,37.0,40.7,20.2,104.8,3.1,563716,12796,7,7,bbr1
0.332,28538,19,18720,36.9,36.0,20.2,104.8,2.6,611861,12799,7,7,bbr1
0.344,28538,19,23040,36.8,35.9,20.2,104.8,2.2,611861,12804,7,7,bbr1
0.353,28538,19,25920,37.1,39.6,20.2,104.8,2.3,367116,12807,7,7,bbr1
0.364,21389,14,20160,38.4,43.7,20.2,104.8,3.7,367116,12808,7,7,bbr1
0.371,25661,17,17280,39.3,45.7,20.2,104.8,4.6,367116,12809,7,7,bbr1
0.382,28509,19,20160,40.4,48.0,20.2,104.8,5.6,489489,12813,7,7,bbr1
0.387,28538,19,20160,41.6,50.1,20.2,104.8,6.6,489489,12815,7,7,bbr1
0.393,28538,19,20160,43.0,52.3,20.2,104.8,7.6,489489,12817,7,7,bbr1
0.402,28538,19,21600,44.4,54.4,20.2,104.8,8.6,489489,12820,7,7,bbr1
0.408,28538,19,21600,45.9,56.6,20.2,104.8,9.5,489489,12822,7,7,bbr1
0.420,19965,13,18720,45.9,44.4,20.2,104.8,6.1,611861,12824,7,7,bbr1
0.427,22813,15,17280,46.0,46.4,20.2,104.8,4.7,611861,12825,7,7,bbr1
0.434,25661,17,20160,46.2,47.7,20.2,104.8,4.0,611861,12829,7,7,bbr1
0.441,28509,19,21600,46.5,48.6,20.2,104.8,3.6,611861,12832,7,7,bbr1
0.450,28538,19,23040,46.9,49.5,20.2,104.8,3.4,367116,12835,7,7,bbr1
0.458,28538,19,23040,47.4,50.8,20.2,104.8,3.5,367116,12837,7,7,bbr1
0.462,28538,19,21600,47.9,51.8,20.2,104.8,3.8,367116,12838,7,7,bbr1
0.475,19965,13,18720,47.1,42.9,20.2,104.8,3.6,367116,12840,7,7,bbr1
0.482,22813,15,17280,47.3,48.4,20.2,104.8,3.0,367116,12841,7,7,bbr1
0.489,25661,17,18720,47.7,50.6,20.2,104.8,3.1,489489,12844,7,7,bbr1
0.498,28509,19,20160,48.3,52.8,20.2,104.8,3.6,489489,12847,7,7,bbr1
0.504,28538,19,20160,49.2,54.8,20.2,104.8,4.3,489489,12849,7,7,bbr1
0.510,28538,19,20160,49.7,53.4,20.2,104.8,4.3,489489,12851,7,7,bbr1
0.519,28538,19,21600,50.1,52.8,20.2,104.8,4.0,489489,12854,7,7,bbr1
0.530,21389,14,17280,48.8,43.4,20.2,104.8,4.6,489489,12856,7,7,bbr1
0.539,24237,16,18720,48.2,44.5,20.2,104.8,4.5,489489,12859,7,7,bbr1
0.547,27085,18,21600,47.9,45.6,20.2,104.8,4.1,611861,12863,7,7,bbr1
0.554,28538,19,23040,47.7,46.6,20.2,104.8,3.4,611861,12866,7,7,bbr1
0.561,28538,19,24480,47.7,47.5,20.2,104.8,2.6,611861,12869,7,7,bbr1
0.568,28538,19,24480,47.8,48.0,20.2,104.8,2.0,367116,12871,7,7,bbr1
0.576,28538,19,24480,48.0,49.3,20.2,104.8,1.9,367116,12873,7,7,bbr1
0.584,28538,19,24480,47.5,44.4,20.2,104.8,2.3,367116,12875,7,7,bbr1
0.600,22813,15,17280,48.0,50.9,20.2,104.8,2.4,367116,12876,7,7,bbr1
0.607,25661,17,18720,48.7,53.4,20.2,104.8,3.2,489489,12879,7,7,bbr1
0.616,28509,19,20160,49.6,55.8,20.2,104.8,4.1,489489,12882,7,7,bbr1
0.622,28538,19,20160,50.6,57.8,20.2,104.8,5.2,489489,12884,7,7,bbr1
0.628,28538,19,20160,51.5,57.8,20.2,104.8,5.7,489489,12886,7,7,bbr1
0.637,28538,19,21600,52.2,56.8,20.2,104.8,5.6,489489,12889,7,7,bbr1
0.642,28538,19,21600,52.6,55.8,20.2,104.8,5.1,489489,12891,7,7,bbr1
0.648,28538,19,21600,51.4,42.8,20.2,104.8,6.3,489489,12893,7,7,bbr1
0.669,22813,15,17335,49.9,47.6,20.2,104.8,4.8,489489,12897,7,7,bbr1
0.677,25661,17,20215,49.7,48.6,20.2,104.8,3.9,611861,12901,7,7,bbr1
0.684,28509,19,21655,49.7,49.7,20.2,104.8,3.0,611861,12904,7,7,bbr1
0.691,28538,19,23095,49.9,50.9,20.2,104.8,2.5,611861,12907,7,7,bbr1
0.700,28538,19,23095,49.9,50.4,20.2,104.8,2.0,367116,12910,7,7,bbr1
0.708,28538,19,23095,50.1,51.4,20.2,104.8,1.9,367116,12912,7,7,bbr1
0.722,21428,14,17335,48.5,44.9,20.2,104.8,3.8,367116,12914,7,7,bbr1
0.729,24276,16,18775,48.3,47.2,20.2,104.8,3.2,489489,12917,7,7,bbr1
0.737,27124,18,20215,48.4,49.4,20.2,104.8,2.6,489489,12920,7,7,bbr1
0.743,28538,19,20215,48.9,51.9,20.2,104.8,2.9,489489,12922,7,7,bbr1
0.749,28538,19,20215,49.5,54.1,20.2,104.8,3.4,489489,12924,7,7,bbr1
0.758,28538,19,21655,50.1,54.1,20.2,104.8,3.7,489489,12927,7,7,bbr1
0.764,28538,19,21655,50.5,53.5,20.2,104.8,3.6,489489,12929,7,7,bbr1
0.770,28538,19,21600,49.6,42.9,20.2,104.8,4.6,489489,12931,7,7,bbr1
0.790,22813,15,17280,48.8,48.1,20.2,104.8,3.1,611861,12934,7,7,bbr1
0.797,25661,17,20160,48.8,49.0,20.2,104.8,2.3,611861,12938,7,7,bbr1
0.804,28509,19,21600,48.9,49.9,20.2,104.8,2.0,611861,12941,7,7,bbr1
0.813,28538,19,23040,49.2,51.1,20.2,104.8,2.1,367116,12944,7,7,bbr1
0.821,28538,19,23040,49.5,52.0,20.2,104.8,2.3,367116,12946,7,7,bbr1
0.825,28538,19,21600,50.0,53.0,20.2,104.8,2.6,367116,12947,7,7,bbr1
0.833,28538,19,21600,50.4,53.6,20.2,104.8,2.8,367116,12949,7,7,bbr1
0.841,28538,19,21600,49.5,42.8,20.2,104.8,4.0,367116,12951,7,7,bbr1
0.852,19965,13,18720,49.5,50.5,20.2,104.8,2.8,367116,12953,7,7,bbr1
0.859,22813,15,17280,49.9,52.6,20.2,104.8,2.9,367116,12954,7,7,bbr1
0.866,25661,17,18720,50.5,54.9,20.2,104.8,3.4,489489,12957,7,7,bbr1
0.875,26147,18,18720,50.6,51.5,20.2,104.8,2.8,430662,12960,7,7,bbr1
0.882,26147,18,18720,50.6,50.3,20.2,104.8,2.2,430662,12962,7,7,bbr1
0.888,26147,18,18720,50.4,49.3,20.2,104.8,1.9,430662,12964,7,7,bbr1
0.895,26147,18,18720,50.1,48.2,20.2,104.8,2.0,430662,12966,7,7,bbr1
0.902,17345,12,17280,49.0,41.0,20.2,104.8,3.8,430662,12968,7,7,bbr1
0.912,20193,14,15840,48.4,44.3,20.2,104.8,4.0,430662,12969,7,7,bbr1
0.922,23041,16,18720,48.0,44.8,20.2,104.8,3.9,430662,12973,7,7,bbr1
0.929,25889,17,18720,47.7,45.5,20.2,104.8,3.6,428946,12975,7,7,bbr1
0.935,26077,18,18720,47.4,45.5,20.2,104.8,3.2,428946,12977,7,7,bbr1
0.942,26077,18,18720,47.2,45.9,20.2,104.8,2.8,428946,12979,7,7,bbr1
0.948,26077,18,18720,47.1,46.0,20.2,104.8,2.4,536182,12981,7,7,bbr1
0.953,17310,12,17280,46.1,39.4,20.2,104.8,3.7,536182,12983,7,7,bbr1
0.963,20158,13,15840,45.7,42.9,20.2,104.8,3.6,536182,12984,7,7,bbr1
0.970,23006,15,17280,45.4,43.1,20.2,104.8,3.3,536182,12987,7,7,bbr1
0.979,25854,17,20160,45.1,43.1,20.2,104.8,3.1,536182,12991,7,7,bbr1
0.987,26077,18,20160,44.9,43.4,20.2,104.8,2.7,321709,12993,7,7,bbr1
0.991,26077,18,18720,44.7,43.3,20.2,104.8,2.4,321709,12994,7,7,bbr1
1.001,26077,18,18720,44.7,44.9,20.2,104.8,1.9,321709,12996,7,7,bbr1
1.004,17310,12,15840,44.0,39.3,20.2,104.8,2.8,321709,12997,7,7,bbr1
1.015,20158,13,15840,43.9,42.8,20.2,104.8,2.4,428946,12999,7,7,bbr1
1.022,23006,15,17280,44.0,45.2,20.2,104.8,2.1,428946,13002,7,7,bbr1
1.029,25854,17,17280,44.4,47.2,20.2,104.8,2.4,428946,13004,7,7,bbr1
1.036,26457,18,15840,44.4,44.0,20.2,104.8,1.9,438288,13006,7,7,bbr1
1.046,26457,18,17280,44.0,41.4,20.2,104.8,2.2,438288,13009,7,7,bbr1
1.057,18924,13,14400,43.0,39.9,20.2,104.8,2.9,438288,13011,7,7,bbr1
1.067,21772,15,17280,42.6,39.9,20.2,104.8,2.9,438288,13015,7,7,bbr1
1.073,24620,17,17280,42.3,39.9,20.2,104.8,2.9,547860,13017,7,7,bbr1
1.079,26457,18,17280,42.1,40.4,20.2,104.8,2.6,547860,13019,7,7,bbr1
1.087,26457,18,18720,41.9,40.7,20.2,104.8,2.3,547860,13022,7,7,bbr1
1.092,26457,18,18720,41.8,40.9,20.2,104.8,2.0,547860,13024,7,7,bbr1
1.100,26457,18,20160,41.0,35.9,20.2,104.8,3.0,547860,13027,7,7,bbr1
0.005,13685,9,0,42.0,36.3,20.2,104.8,4.4,547860,13029,7,7,bbr1
0.007,16262,11,0,40.3,28.1,20.2,104.8,6.8,547860,13031,7,7,bbr1
0.033,21958,15,11520,38.3,24.0,20.2,104.8,9.1,547860,13043,7,7,bbr1
0.044,24806,17,15840,37.1,28.9,20.2,104.8,9.2,547860,13048,7,7,bbr1
0.052,26457,18,17280,36.2,30.2,20.2,104.8,8.6,547860,13051,7,7,bbr1
0.057,26457,18,17280,35.7,31.7,20.2,104.8,7.6,547860,13053,7,7,bbr1
0.065,26457,18,18720,35.4,33.3,20.2,104.8,6.3,547860,13056,7,7,bbr1
0.073,26457,18,20160,35.4,35.4,20.2,104.8,4.7,547860,13059,7,7,bbr1
0.080,26457,18,20160,35.6,37.0,20.2,104.8,3.9,328716,13061,7,7,bbr1
0.084,26457,18,18720,35.9,38.2,20.2,104.8,3.6,328716,13062,7,7,bbr1
0.093,26457,18,18720,36.4,39.6,20.2,104.8,3.6,328716,13064,7,7,bbr1
0.102,26457,18,18720,37.0,41.7,20.2,104.8,4.1,328716,13066,7,7,bbr1
0.106,26457,18,17280,37.8,42.8,20.2,104.8,4.5,328716,13067,7,7,bbr1
0.114,26457,18,17280,38.7,44.9,20.2,104.8,5.2,438288,13069,7,7,bbr1
0.120,26457,18,17280,39.6,46.5,20.2,104.8,5.8,438288,13071,7,7,bbr1
0.127,26457,18,17280,40.6,47.6,20.2,104.8,6.4,438288,13073,7,7,bbr1
0.133,26457,18,17280,41.3,46.2,20.2,104.8,6.2,438288,13075,7,7,bbr1
0.140,26457,18,17280,41.7,44.1,20.2,104.8,5.3,438288,13077,7,7,bbr1
0.152,18924,13,14400,41.6,40.5,20.2,104.8,3.4,438288,13079,7,7,bbr1
0.162,21772,15,17280,41.5,40.7,20.2,104.8,2.8,438288,13083,7,7,bbr1
0.168,24620,17,17280,41.4,41.0,20.2,104.8,2.2,547860,13085,7,7,bbr1
0.174,26457,18,17280,41.3,41.0,20.2,104.8,1.7,547860,13087,7,7,bbr1
0.182,26457,18,18720,41.4,41.6,20.2,104.8,1.4,547860,13090,7,7,bbr1
0.187,26457,18,17280,40.5,34.1,20.2,104.8,2.8,547860,13092,7,7,bbr1
0.192,26457,18,18720,39.7,34.2,20.2,104.8,3.7,547860,13094,7,7,bbr1
0.206,18924,13,17280,39.3,38.2,20.2,104.8,2.7,328716,13097,7,7,bbr1
0.212,21772,15,17280,39.3,39.1,20.2,104.8,2.1,328716,13099,7,7,bbr1
0.223,24620,17,18720,39.5,41.2,20.2,104.8,2.1,328716,13102,7,7,bbr1
0.228,26457,18,17280,39.9,42.4,20.2,104.8,2.3,328716,13103,7,7,bbr1
0.236,26457,18,17280,40.4,44.5,20.2,104.8,2.8,438288,13105,7,7,bbr1
0.242,26457,18,17280,41.1,46.1,20.2,104.8,3.5,438288,13107,7,7,bbr1
0.249,26457,18,17280,42.0,47.6,20.2,104.8,4.3,438288,13109,7,7,bbr1
0.260,18924,13,14400,42.6,43.8,20.2,104.8,3.5,438288,13111,7,7,bbr1
0.270,21772,15,17280,42.5,41.9,20.2,104.8,2.8,438288,13115,7,7,bbr1
0.276,24620,17,17280,42.2,40.0,20.2,104.8,2.7,547860,13117,7,7,bbr1
0.281,26457,18,17280,41.9,40.0,20.2,104.8,2.6,547860,13119,7,7,bbr1
0.290,26457,18,18720,41.8,40.6,20.2,104.8,2.3,547860,13122,7,7,bbr1
0.294,26457,18,18720,41.6,40.8,20.2,104.8,1.9,547860,13124,7,7,bbr1
0.310,20348,14,15895,40.8,37.9,20.2,104.8,2.6,547860,13128,7,7,bbr1
0.318,21772,15,20215,40.4,38.2,20.2,104.8,2.6,547860,13132,7,7,bbr1
0.325,26520,18,17335,40.1,37.4,20.2,104.8,2.7,329883,13134,7,7,bbr1
0.333,26864,18,17335,39.9,38.9,20.2,104.8,2.3,336226,13136,7,7,bbr1
0.342,26864,18,17335,40.3,42.8,20.2,104.8,2.5,336226,13138,7,7,bbr1
0.346,16319,11,15840,40.7,43.4,20.2,104.8,2.6,448302,13139,7,7,bbr1
0.353,20591,14,12960,40.6,39.8,20.2,104.8,2.2,464491,13140,7,7,bbr1
0.362,23439,16,15840,40.7,41.8,20.2,104.8,2.0,479325,13144,7,7,bbr1
0.371,26287,18,17280,40.8,41.5,20.2,104.8,1.7,599156,13147,7,7,bbr1
0.375,28125,19,17280,40.7,39.9,20.2,104.8,1.5,599156,13149,7,7,bbr1
0.383,28125,19,18720,40.3,37.8,20.2,104.8,1.8,599156,13152,7,7,bbr1
0.399,21182,14,15840,39.4,38.1,20.2,104.8,2.6,599156,13155,7,7,bbr1
0.406,24030,16,18720,39.3,38.5,20.2,104.8,2.1,599156,13159,7,7,bbr1
0.414,26878,18,20160,39.2,38.7,20.2,104.8,1.8,599156,13162,7,7,bbr1
0.421,28125,19,21600,39.6,42.6,20.2,104.8,2.2,599156,13165,7,7,bbr1
0.430,28125,19,23040,40.2,44.6,20.2,104.8,2.9,359493,13168,7,7,bbr1
0.433,28125,19,21600,41.0,46.5,20.2,104.8,3.7,359493,13169,7,7,bbr1
0.451,21182,14,17280,41.3,45.0,20.2,104.8,3.4,359493,13171,7,7,bbr1
0.458,24030,16,18720,42.0,47.0,20.2,104.8,4.0,479325,13174,7,7,bbr1
0.467,26878,18,20160,42.9,48.5,20.2,104.8,4.6,479325,13177,7,7,bbr1
0.473,28125,19,20160,43.9,51.1,20.2,104.8,5.5,479325,13179,7,7,bbr1
0.478,28125,19,20160,45.0,53.1,20.2,104.8,6.4,599156,13181,7,7,bbr1
0.485,28125,19,21600,46.1,53.4,20.2,104.8,6.9,599156,13184,7,7,bbr1
0.493,28125,19,23040,46.8,52.2,20.2,104.8,6.7,599156,13187,7,7,bbr1
0.512,24030,16,17280,46.2,45.5,20.2,104.8,3.7,359493,13190,7,7,bbr1
0.524,26878,18,20160,46.1,45.8,20.2,104.8,2.9,479325,13194,7,7,bbr1
0.530,28125,19,20160,46.3,47.7,20.2,104.8,2.5,479325,13196,7,7,bbr1
0.535,28125,19,20160,46.8,49.8,20.2,104.8,2.8,479325,13198,7,7,bbr1
0.541,28125,19,20160,47.4,51.8,20.2,104.8,3.3,479325,13200,7,7,bbr1
0.550,28125,19,21600,48.2,53.7,20.2,104.8,4.1,479325,13203,7,7,bbr1
0.556,28125,19,21600,49.2,55.9,20.2,104.8,5.0,479325,13205,7,7,bbr1
0.569,19758,13,18720,48.3,46.3,20.2,104.8,4.3,599156,13207,7,7,bbr1
0.575,22606,15,17280,48.2,47.5,20.2,104.8,3.4,599156,13208,7,7,bbr1
0.583,25454,17,20160,48.1,47.9,20.2,104.8,2.6,599156,13212,7,7,bbr1
0.590,28125,19,21600,48.2,48.8,20.2,104.8,2.1,599156,13215,7,7,bbr1
0.599,28125,19,23040,48.4,49.9,20.2,104.8,2.0,359493,13218,7,7,bbr1
0.603,28125,19,21600,48.7,50.9,20.2,104.8,2.1,359493,13219,7,7,bbr1
0.611,28125,19,21600,49.1,51.7,20.2,104.8,2.4,359493,13221,7,7,bbr1
0.623,19758,13,18720,48.0,42.8,20.2,104.8,3.4,359493,13223,7,7,bbr1
0.630,22606,15,17280,48.0,48.2,20.2,104.8,2.6,359493,13224,7,7,bbr1
0.637,25454,17,18720,48.3,50.2,20.2,104.8,2.5,479325,13227,7,7,bbr1
0.646,28125,19,20160,48.7,51.8,20.2,104.8,2.7,479325,13230,7,7,bbr1
0.653,28125,19,20160,49.4,54.3,20.2,104.8,3.5,479325,13232,7,7,bbr1
0.659,28125,19,20160,49.9,53.1,20.2,104.8,3.5,479325,13234,7,7,bbr1
0.664,28125,19,20160,50.2,51.9,20.2,104.8,3.1,479325,13236,7,7,bbr1
0.678,19758,13,18720,48.8,42.7,20.2,104.8,4.3,479325,13239,7,7,bbr1
0.683,22606,15,17280,48.2,44.2,20.2,104.8,4.3,479325,13240,7,7,bbr1
0.692,25454,17,20160,47.8,44.8,20.2,104.8,4.1,479325,13244,7,7,bbr1
0.698,28125,19,20160,47.5,45.8,20.2,104.8,3.6,599156,13246,7,7,bbr1
0.705,28125,19,21600,47.4,46.7,20.2,104.8,2.9,599156,13249,7,7,bbr1
0.712,28125,19,23040,47.5,47.6,20.2,104.8,2.2,599156,13252,7,7,bbr1
0.721,28125,19,24480,47.5,48.1,20.2,104.8,1.8,359493,13255,7,7,bbr1
0.738,22606,15,17280,46.6,46.8,20.2,104.8,2.1,359493,13256,7,7,bbr1
0.745,25454,17,18720,46.8,47.7,20.2,104.8,1.8,479325,13259,7,7,bbr1
0.754,28125,19,20160,47.2,49.9,20.2,104.8,2.1,479325,13262,7,7,bbr1
0.761,28125,19,20160,47.7,51.9,20.2,104.8,2.8,479325,13264,7,7,bbr1
0.766,28125,19,20160,48.5,54.0,20.2,104.8,3.7,479325,13266,7,7,bbr1
0.775,28125,19,21600,49.5,56.0,20.2,104.8,4.6,479325,13269,7,7,bbr1
0.781,28125,19,21600,50.3,56.5,20.2,104.8,5.2,479325,13271,7,7,bbr1
0.787,28125,19,21600,49.4,42.8,20.2,104.8,5.8,599156,13273,7,7,bbr1
0.807,22606,15,17280,48.5,47.6,20.2,104.8,3.6,359493,13276,7,7,bbr1
0.814,25454,17,18720,48.5,48.6,20.2,104.8,2.7,479325,13279,7,7,bbr1
0.823,28125,19,20160,48.6,48.8,20.2,104.8,2.1,479325,13282,7,7,bbr1
0.829,28125,19,20160,48.7,50.0,20.2,104.8,1.9,479325,13284,7,7,bbr1
0.835,28125,19,18720,48.8,49.4,20.2,104.8,1.6,479325,13286,7,7,bbr1
0.844,28125,19,20160,49.2,51.5,20.2,104.8,1.9,479325,13289,7,7,bbr1
0.859,21182,14,15840,47.7,44.3,20.2,104.8,3.6,479325,13291,7,7,bbr1
0.869,24030,16,18720,47.3,44.8,20.2,104.8,3.4,479325,13295,7,7,bbr1
0.874,26878,18,18720,47.1,45.8,20.2,104.8,2.9,599156,13297,7,7,bbr1
0.881,28125,19,20160,47.1,46.8,20.2,104.8,2.3,599156,13300,7,7,bbr1
0.888,28125,19,21600,47.1,47.1,20.2,104.8,1.7,599156,13303,7,7,bbr1
0.898,26868,18,23040,47.2,48.4,20.2,104.8,1.6,336304,13306,7,7,bbr1
0.911,20554,14,17280,45.9,43.3,20.2,104.8,3.1,336304,13307,7,7,bbr1
0.919,23402,16,18720,45.7,44.4,20.2,104.8,2.7,448406,13310,7,7,bbr1
0.925,26250,18,18720,45.8,46.3,20.2,104.8,2.2,448406,13312,7,7,bbr1
0.935,26868,18,20160,46.1,48.5,20.2,104.8,2.3,448406,13315,7,7,bbr1
0.941,26868,18,20160,46.7,50.6,20.2,104.8,2.8,448406,13317,7,7,bbr1
0.947,26868,18,20160,47.4,52.6,20.2,104.8,3.6,448406,13319,7,7,bbr1
0.954,26868,18,20160,48.0,52.5,20.2,104.8,4.0,448406,13321,7,7,bbr1
0.966,19130,13,17280,47.1,45.1,20.2,104.8,3.8,560507,13323,7,7,bbr1
0.973,21978,15,17280,47.0,46.2,20.2,104.8,3.1,560507,13325,7,7,bbr1
0.981,24826,17,20160,46.9,46.5,20.2,104.8,2.4,560507,13329,7,7,bbr1
0.990,26868,18,21600,46.9,47.0,20.2,104.8,1.8,336304,13332,7,7,bbr1
0.994,26868,18,18720,46.8,45.8,20.2,104.8,1.7,336304,13333,7,7,bbr1
1.003,26093,18,18720,46.7,45.9,20.2,104.8,1.5,322011,13335,7,7,bbr1
1.012,17318,12,17280,46.0,41.0,20.2,104.8,2.5,322011,13337,7,7,bbr1
1.019,20166,14,15840,45.3,40.9,20.2,104.8,3.2,429349,13338,7,7,bbr1
1.026,23014,15,17280,45.4,45.8,20.2,104.8,2.5,429349,13341,7,7,bbr1
1.032,25862,17,17280,45.7,47.6,20.2,104.8,2.4,430593,13343,7,7,bbr1
1.042,26164,18,18720,45.9,47.7,20.2,104.8,2.3,431082,13346,7,7,bbr1
1.049,26164,18,18720,45.9,45.7,20.2,104.8,1.8,431082,13348,7,7,bbr1
1.056,26164,18,18720,45.6,43.8,20.2,104.8,1.9,431082,13350,7,7,bbr1
1.063,17354,12,17280,44.8,39.2,20.2,104.8,3.0,431082,13352,7,7,bbr1
1.070,20202,14,15840,44.6,42.7,20.2,104.8,2.8,431082,13353,7,7,bbr1
1.077,23050,16,17280,44.3,42.7,20.2,104.8,2.5,431082,13356,7,7,bbr1
1.086,25898,17,18720,44.2,43.1,20.2,104.8,2.2,538852,13359,7,7,bbr1
1.092,26164,18,18720,44.1,43.2,20.2,104.8,1.9,538852,13361,7,7,bbr1
1.097,26164,18,18720,44.0,43.3,20.2,104.8,1.6,538852,13363,7,7,bbr1
1.105,26164,18,20160,43.9,43.3,20.2,104.8,1.4,538852,13366,7,7,bbr1
1.121,20202,14,17280,43.2,42.8,20.2,104.8,1.8,323311,13369,7,7,bbr1
1.130,23050,16,18720,43.2,43.0,20.2,104.8,1.4,323311,13372,7,7,bbr1
1.139,25898,17,18720,43.3,44.1,20.2,104.8,1.2,323311,13374,7,7,bbr1
1.144,26164,18,17280,43.7,46.1,20.2,104.8,1.6,323311,13375,7,7,bbr1
1.152,26164,18,17280,44.2,47.6,20.2,104.8,2.2,431082,13377,7,7,bbr1
0.007,26808,18,0,42.2,37.7,20.2,104.8,3.9,558668,13380,7,7,bbr1
0.006,26808,18,0,40.6,29.4,20.2,104.8,6.1,558668,13382,7,7,bbr1
0.032,26808,18,12960,38.5,23.9,20.2,104.8,8.8,558668,13395,7,7,bbr1
0.042,26808,18,15840,37.4,29.0,20.2,104.8,9.0,558668,13399,7,7,bbr1
0.050,26808,18,17280,36.5,30.6,20.2,104.8,8.4,558668,13402,7,7,bbr1
0.056,26808,18,17280,35.9,31.9,20.2,104.8,7.5,558668,13404,7,7,bbr1
0.063,26808,18,18720,35.7,34.1,20.2,104.8,6.1,558668,13407,7,7,bbr1
0.071,26808,18,20160,35.7,35.8,20.2,104.8,4.6,558668,13410,7,7,bbr1
0.080,26808,18,21600,35.9,37.0,20.2,104.8,3.7,335201,13413,7,7,bbr1
0.084,26808,18,20160,36.3,39.2,20.2,104.8,3.6,335201,13414,7,7,bbr1
0.093,26808,18,20160,36.8,40.7,20.2,104.8,3.8,335201,13416,7,7,bbr1
0.097,26808,18,18720,37.5,42.6,20.2,104.8,4.3,335201,13417,7,7,bbr1
0.106,26808,18,18720,38.4,44.1,20.2,104.8,4.9,335201,13419,7,7,bbr1
0.115,26808,18,18720,39.3,46.0,20.2,104.8,5.6,335201,13421,7,7,bbr1
0.119,26808,18,17280,40.4,47.6,20.2,104.8,6.2,335201,13422,7,7,bbr1
0.126,26808,18,17280,41.4,48.8,20.2,104.8,6.8,446935,13424,7,7,bbr1
0.133,26808,18,17280,42.4,48.9,20.2,104.8,7.0,446935,13426,7,7,bbr1
0.139,26808,18,17280,43.0,47.7,20.2,104.8,6.6,446935,13428,7,7,bbr1
0.152,19100,13,14400,43.5,44.1,20.2,104.8,4.4,446935,13430,7,7,bbr1
0.162,21948,15,17280,43.3,42.0,20.2,104.8,3.6,446935,13434,7,7,bbr1
0.168,24796,17,17280,42.9,40.6,20.2,104.8,3.4,446935,13436,7,7,bbr1
0.174,26808,18,17280,42.7,40.9,20.2,104.8,3.1,446935,13438,7,7,bbr1
0.181,26808,18,17280,42.5,41.0,20.2,104.8,2.7,446935,13440,7,7,bbr1
0.187,26808,18,17280,42.4,41.8,20.2,104.8,2.2,558668,13442,7,7,bbr1
0.192,26808,18,17280,41.4,34.3,20.2,104.8,3.7,558668,13444,7,7,bbr1
0.205,19100,13,15840,40.6,38.3,20.2,104.8,3.4,558668,13447,7,7,bbr1
0.211,21948,15,17280,40.4,38.8,20.2,104.8,3.0,558668,13450,7,7,bbr1
0.220,24796,17,20160,40.2,39.2,20.2,104.8,2.5,558668,13454,7,7,bbr1
0.227,26808,18,20160,40.1,39.2,20.2,104.8,2.2,335201,13456,7,7,bbr1
0.236,26808,18,20160,40.3,41.3,20.2,104.8,1.9,335201,13458,7,7,bbr1
0.240,26808,18,18720,40.6,42.9,20.2,104.8,2.1,335201,13459,7,7,bbr1
0.249,26975,18,17280,40.4,39.3,20.2,104.8,1.9,338271,13461,7,7,bbr1
0.263,19183,13,14400,41.4,46.1,20.2,104.8,2.9,451028,13463,7,7,bbr1
0.273,22031,15,17280,42.2,47.7,20.2,104.8,3.7,451028,13467,7,7,bbr1
0.279,24879,17,17280,42.9,47.6,20.2,104.8,4.1,451028,13469,7,7,bbr1
0.286,26975,18,17280,43.2,45.5,20.2,104.8,3.8,451028,13471,7,7,bbr1
0.292,26975,18,17280,43.3,44.3,20.2,104.8,3.1,451028,13473,7,7,bbr1
0.297,26975,18,17280,43.2,42.4,20.2,104.8,2.6,563785,13475,7,7,bbr1
0.305,26975,18,18720,42.3,35.9,20.2,104.8,3.8,563785,13478,7,7,bbr1
0.318,19183,13,15840,41.7,39.8,20.2,104.8,3.1,563785,13480,7,7,bbr1
0.324,22031,15,17280,41.6,40.7,20.2,104.8,2.6,563785,13483,7,7,bbr1
0.333,24879,17,20160,41.5,40.8,20.2,104.8,2.1,563785,13487,7,7,bbr1
0.340,26975,18,20160,41.5,41.6,20.2,104.8,1.6,338271,13489,7,7,bbr1
0.348,26975,18,18720,41.6,42.3,20.2,104.8,1.4,338271,13491,7,7,bbr1
0.357,26975,18,18720,41.9,44.3,20.2,104.8,1.7,338271,13493,7,7,bbr1
0.367,19183,13,14455,41.3,41.0,20.2,104.8,1.9,451028,13495,7,7,bbr1
0.377,22031,15,17335,41.7,44.5,20.2,104.8,2.2,451028,13499,7,7,bbr1
0.383,24879,17,17335,42.3,45.9,20.2,104.8,2.7,451028,13501,7,7,bbr1
0.389,26975,18,17335,42.7,45.9,20.2,104.8,2.9,563785,13503,7,7,bbr1
0.397,26975,18,18775,43.0,44.7,20.2,104.8,2.7,563785,13506,7,7,bbr1
0.402,26975,18,18775,43.0,42.9,20.2,104.8,2.0,563785,13508,7,7,bbr1
0.415,19222,13,17280,41.8,39.9,20.2,104.8,3.0,338271,13511,7,7,bbr1
0.422,22070,15,17280,41.6,40.0,20.2,104.8,2.7,338271,13513,7,7,bbr1
0.432,24918,17,18720,41.5,40.8,20.2,104.8,2.2,338271,13516,7,7,bbr1
0.437,26975,18,17280,41.5,42.0,20.2,104.8,1.8,338271,13517,7,7,bbr1
0.444,26975,18,17280,41.9,44.2,20.2,104.8,2.0,451028,13519,7,7,bbr1
0.451,26975,18,17280,42.4,46.0,20.2,104.8,2.5,451028,13521,7,7,bbr1
0.457,26975,18,17280,43.0,47.6,20.2,104.8,3.2,451028,13523,7,7,bbr1
0.470,19183,13,14400,43.5,44.0,20.2,104.8,2.5,451028,13525,7,7,bbr1
0.480,22031,15,17280,43.4,42.7,20.2,104.8,2.1,451028,13529,7,7,bbr1
0.486,24879,17,17280,43.1,40.9,20.2,104.8,2.2,563785,13531,7,7,bbr1
0.493,26975,18,18720,42.9,41.5,20.2,104.8,2.0,563785,13534,7,7,bbr1
0.499,26975,18,18720,42.8,41.9,20.2,104.8,1.8,563785,13536,7,7,bbr1
0.506,26975,18,20160,42.7,42.0,20.2,104.8,1.5,563785,13539,7,7,bbr1
0.518,20607,14,17280,41.4,38.0,20.2,104.8,3.1,338271,13542,7,7,bbr1
0.528,23455,16,18720,41.0,38.9,20.2,104.8,2.9,338271,13545,7,7,bbr1
0.536,26303,18,18720,41.1,41.2,20.2,104.8,2.2,338271,13547,7,7,bbr1
0.541,26975,18,17280,41.3,42.9,20.2,104.8,2.1,338271,13548,7,7,bbr1
0.548,26975,18,17280,41.7,44.6,20.2,104.8,2.4,451028,13550,7,7,bbr1
0.555,26975,18,17280,42.2,45.8,20.2,104.8,2.8,451028,13552,7,7,bbr1
0.561,26975,18,17280,43.0,48.2,20.2,104.8,3.6,451028,13554,7,7,bbr1
0.575,19183,13,15840,43.6,44.8,20.2,104.8,3.1,563785,13557,7,7,bbr1
0.581,22031,15,17280,43.5,43.1,20.2,104.8,2.4,563785,13560,7,7,bbr1
0.590,24879,17,20160,43.3,41.5,20.2,104.8,2.3,563785,13564,7,7,bbr1
0.597,26975,18,20160,43.1,41.9,20.2,104.8,2.1,338271,13566,7,7,bbr1
0.605,26975,18,20160,43.0,41.9,20.2,104.8,1.8,338271,13568,7,7,bbr1
0.610,26975,18,18720,43.0,42.9,20.2,104.8,1.4,338271,13569,7,7,bbr1
0.618,17759,12,17280,42.5,39.2,20.2,104.8,2.0,338271,13571,7,7,bbr1
0.626,20607,14,15840,42.5,42.7,20.2,104.8,1.5,451028,13572,7,7,bbr1
0.636,23455,16,18720,43.0,46.0,20.2,104.8,2.0,451028,13576,7,7,bbr1
0.642,26303,18,18720,43.5,47.6,20.2,104.8,2.7,451028,13578,7,7,bbr1
0.648,26975,18,18720,44.0,47.6,20.2,104.8,3.0,451028,13580,7,7,bbr1
0.005,26975,18,0,43.1,42.4,20.2,104.8,2.0,563785,13581,7,7,bbr1
0.007,26975,18,0,41.2,27.6,20.2,104.8,5.4,563785,13583,7,7,bbr1
0.035,26975,18,14400,39.0,23.9,20.2,104.8,8.3,563785,13597,7,7,bbr1
0.045,26975,18,17280,37.7,28.5,20.2,104.8,8.9,563785,13601,7,7,bbr1
0.051,26975,18,17280,36.9,30.8,20.2,104.8,8.4,563785,13603,7,7,bbr1
0.058,26975,18,18720,36.3,32.5,20.2,104.8,7.4,563785,13606,7,7,bbr1
0.063,26975,18,18720,36.0,33.7,20.2,104.8,6.2,563785,13608,7,7,bbr1
0.071,26975,18,20160,36.0,36.0,20.2,104.8,4.7,563785,13611,7,7,bbr1
0.080,26975,18,21600,36.1,37.2,20.2,104.8,3.8,338271,13614,7,7,bbr1
0.084,26975,18,20160,36.6,39.5,20.2,104.8,3.7,338271,13615,7,7,bbr1
0.093,26975,18,20160,37.1,40.7,20.2,104.8,3.8,338271,13617,7,7,bbr1
0.102,26975,18,20160,37.8,43.0,20.2,104.8,4.3,338271,13619,7,7,bbr1
0.106,26975,18,18720,38.7,44.7,20.2,104.8,5.0,338271,13620,7,7,bbr1
0.114,26975,18,18720,39.6,46.2,20.2,104.8,5.6,338271,13622,7,7,bbr1
0.118,26975,18,17280,40.6,47.6,20.2,104.8,6.2,338271,13623,7,7,bbr1
0.126,26975,18,17280,41.8,49.9,20.2,104.8,7.0,451028,13625,7,7,bbr1
0.133,26236,18,17280,42.8,50.0,20.2,104.8,7.3,432846,13627,7,7,bbr1
0.139,26236,18,17280,43.5,48.3,20.2,104.8,6.8,432846,13629,7,7,bbr1
0.152,18814,13,14400,44.0,44.9,20.2,104.8,4.7,432846,13631,7,7,bbr1
0.162,21662,15,17280,43.9,43.0,20.2,104.8,3.8,432846,13635,7,7,bbr1
0.169,24510,17,17280,43.6,41.6,20.2,104.8,3.4,432846,13637,7,7,bbr1
0.176,26236,18,17280,43.4,41.9,20.2,104.8,3.0,432846,13639,7,7,bbr1
0.182,26236,18,17280,43.2,42.0,20.2,104.8,2.6,432846,13641,7,7,bbr1
0.189,26236,18,15840,42.1,34.3,20.2,104.8,4.2,541057,13643,7,7,bbr1
0.194,26236,18,17280,41.1,34.2,20.2,104.8,5.1,541057,13645,7,7,bbr1
0.205,18814,13,14400,40.4,38.1,20.2,104.8,4.1,541057,13647,7,7,bbr1
0.213,21662,15,17280,40.1,38.2,20.2,104.8,3.6,541057,13651,7,7,bbr1
0.221,24510,17,18720,39.9,38.3,20.2,104.8,3.2,541057,13654,7,7,bbr1
0.227,26236,18,18720,39.7,38.6,20.2,104.8,2.7,541057,13656,7,7,bbr1
0.235,26236,18,20160,39.8,39.9,20.2,104.8,2.1,541057,13659,7,7,bbr1
0.242,26236,18,20160,40.0,41.7,20.2,104.8,2.1,324634,13661,7,7,bbr1
0.253,18814,13,17335,39.7,40.9,20.2,104.8,2.3,324634,13664,7,7,bbr1
0.260,21662,15,17335,40.0,42.0,20.2,104.8,2.3,432846,13666,7,7,bbr1
0.269,24510,17,18775,40.5,44.0,20.2,104.8,2.7,432846,13669,7,7,bbr1
0.275,26154,18,18775,41.0,45.1,20.2,104.8,3.2,430844,13671,7,7,bbr1
0.282,26154,18,18775,41.7,46.5,20.2,104.8,3.8,430844,13673,7,7,bbr1
0.289,26154,18,18775,42.6,48.5,20.2,104.8,4.5,430844,13675,7,7,bbr1
0.296,26154,18,18775,43.1,46.5,20.2,104.8,4.4,430844,13677,7,7,bbr1
0.308,18812,13,15895,43.3,44.2,20.2,104.8,2.9,538555,13680,7,7,bbr1
0.315,21660,15,17335,43.4,44.2,20.2,104.8,2.4,538555,13683,7,7,bbr1
0.324,25932,18,18775,43.4,43.2,20.2,104.8,1.9,538555,13687,7,7,bbr1
0.333,26154,18,20215,43.4,43.4,20.2,104.8,1.4,538555,13690,7,7,bbr1
0.342,26154,18,18775,43.0,40.3,20.2,104.8,1.8,323133,13693,7,7,bbr1
0.352,26154,18,18720,42.1,36.0,20.2,104.8,3.1,323133,13695,7,7,bbr1
0.363,20197,14,14400,41.8,41.5,20.2,104.8,2.4,325850,13697,7,7,bbr1
0.372,23045,16,15840,41.8,42.5,20.2,104.8,2.0,434467,13700,7,7,bbr1
0.379,25893,17,15840,42.1,44.2,20.2,104.8,2.1,444765,13702,7,7,bbr1
0.389,26720,18,17280,42.5,45.4,20.2,104.8,2.4,444765,13705,7,7,bbr1
0.394,26720,18,17280,42.7,43.9,20.2,104.8,2.1,555956,13707,7,7,bbr1
0.399,26720,18,17280,42.6,41.6,20.2,104.8,1.8,555956,13709,7,7,bbr1
0.413,19056,13,15840,41.8,39.0,20.2,104.8,2.4,555956,13712,7,7,bbr1
0.420,21904,15,17280,41.5,39.1,20.2,104.8,2.4,555956,13715,7,7,bbr1
0.429,24752,17,20160,41.3,39.6,20.2,104.8,2.3,555956,13719,7,7,bbr1
0.435,26720,18,20160,41.1,39.8,20.2,104.8,2.1,333573,13721,7,7,bbr1
0.444,26720,18,20160,41.1,41.6,20.2,104.8,1.7,333573,13723,7,7,bbr1
0.448,26720,18,18720,41.3,42.8,20.2,104.8,1.7,333573,13724,7,7,bbr1
0.457,17632,12,17280,41.1,39.3,20.2,104.8,1.8,338378,13726,7,7,bbr1
0.464,20480,14,15840,41.3,42.9,20.2,104.8,1.8,451171,13727,7,7,bbr1
0.474,23328,16,18720,41.9,45.9,20.2,104.8,2.5,451171,13731,7,7,bbr1
0.480,26176,18,18720,42.6,47.5,20.2,104.8,3.3,451171,13733,7,7,bbr1
0.486,26981,18,18720,43.2,47.6,20.2,104.8,3.7,563963,13735,7,7,bbr1
0.492,26981,18,18720,43.5,45.5,20.2,104.8,3.3,563963,13737,7,7,bbr1
0.499,26981,18,20160,43.6,44.1,20.2,104.8,2.6,563963,13740,7,7,bbr1
0.516,20610,14,17280,43.1,43.3,20.2,104.8,2.4,338378,13743,7,7,bbr1
0.524,23458,16,18720,43.1,43.5,20.2,104.8,1.9,338378,13746,7,7,bbr1
0.533,26981,18,17280,43.1,43.3,20.2,104.8,1.4,338378,13748,7,7,bbr1
0.540,26981,18,17280,43.3,44.5,20.2,104.8,1.4,451171,13750,7,7,bbr1
0.547,26981,18,17280,43.7,46.7,20.2,104.8,1.9,451171,13752,7,7,bbr1
0.553,26981,18,17280,44.2,47.9,20.2,104.8,2.5,451171,13754,7,7,bbr1
0.559,17762,12,15840,43.8,41.0,20.2,104.8,2.7,451171,13756,7,7,bbr1
0.569,20610,14,15840,43.7,42.4,20.2,104.8,2.3,451171,13758,7,7,bbr1
0.578,23458,16,18720,43.3,41.1,20.2,104.8,2.4,451171,13762,7,7,bbr1
0.584,26306,18,18720,43.0,40.6,20.2,104.8,2.5,563963,13764,7,7,bbr1
0.589,26981,18,18720,42.7,40.8,20.2,104.8,2.4,563963,13766,7,7,bbr1
0.597,26981,18,20160,42.6,41.9,20.2,104.8,2.0,563963,13769,7,7,bbr1
0.606,26981,18,21600,42.5,42.0,20.2,104.8,1.7,338378,13772,7,7,bbr1
0.617,19186,13,17280,42.2,42.9,20.2,104.8,1.7,338378,13773,7,7,bbr1
0.624,22034,15,17280,42.4,43.3,20.2,104.8,1.6,451171,13775,7,7,bbr1
0.633,24882,17,20160,42.6,44.1,20.2,104.8,1.6,451171,13779,7,7,bbr1
0.639,26981,18,20160,43.0,46.0,20.2,104.8,2.0,451171,13781,7,7,bbr1
0.645,26981,18,20160,43.6,47.9,20.2,104.8,2.8,563963,13783,7,7,bbr1
0.653,26981,18,21600,44.4,49.7,20.2,104.8,3.6,563963,13786,7,7,bbr1
0.658,26981,18,21600,45.0,49.6,20.2,104.8,4.0,563963,13788,7,7,bbr1
0.678,22034,15,17280,44.7,46.5,20.2,104.8,2.9,338378,13791,7,7,bbr1
0.686,26306,18,17280,44.8,45.4,20.2,104.8,2.4,451171,13794,7,7,bbr1
0.696,26981,18,18720,45.0,46.5,20.2,104.8,2.2,451171,13797,7,7,bbr1
0.702,26981,18,18720,45.4,48.3,20.2,104.8,2.5,451171,13799,7,7,bbr1
0.707,26981,18,18720,46.0,50.0,20.2,104.8,3.0,563963,13801,7,7,bbr1
0.715,26981,18,20160,46.7,51.7,20.2,104.8,3.7,563963,13804,7,7,bbr1
0.731,20610,14,17280,45.7,43.4,20.2,104.8,3.8,338378,13807,7,7,bbr1
0.740,23458,16,18720,45.5,43.9,20.2,104.8,3.3,338378,13810,7,7,bbr1
0.748,26306,18,18720,45.3,44.4,20.2,104.8,2.7,338378,13812,7,7,bbr1
0.753,26981,18,17280,45.3,45.3,20.2,104.8,2.1,338378,13813,7,7,bbr1
0.760,26981,18,17280,45.5,46.5,20.2,104.8,1.8,451171,13815,7,7,bbr1
0.767,26981,18,17280,45.8,48.5,20.2,104.8,2.1,451171,13817,7,7,bbr1
0.773,26981,18,17280,46.3,49.9,20.2,104.8,2.6,451171,13819,7,7,bbr1
0.779,26981,18,17280,45.9,42.8,20.2,104.8,2.8,451171,13821,7,7,bbr1
0.793,19186,13,15840,45.3,42.8,20.2,104.8,2.7,563963,13824,7,7,bbr1
0.800,22034,15,17280,44.7,40.8,20.2,104.8,3.1,563963,13827,7,7,bbr1
0.809,24882,17,20160,44.3,41.5,20.2,104.8,3.2,563963,13831,7,7,bbr1
0.818,26981,18,21600,44.0,41.8,20.2,104.8,3.0,338378,13834,7,7,bbr1
0.007,26981,18,0,44.2,46.9,20.2,104.8,2.6,451171,13836,8,8,bbr1
0.006,26981,18,0,42.4,29.3,20.2,104.8,5.7,451171,13838,8,8,bbr1
0.034,26981,18,12960,40.1,24.2,20.2,104.8,8.8,563963,13850,8,8,bbr1
0.040,26981,18,12960,38.5,27.8,20.2,104.8,9.7,563963,13852,8,8,bbr1
0.047,26981,18,14400,37.3,28.2,20.2,104.8,9.8,563963,13855,8,8,bbr1
0.055,26981,18,15840,36.2,28.8,20.2,104.8,9.5,563963,13858,8,8,bbr1
0.060,26981,18,15840,35.3,29.2,20.2,104.8,8.9,563963,13860,8,8,bbr1
0.068,26981,18,17280,34.7,30.3,20.2,104.8,7.9,563963,13863,8,8,bbr1
0.075,26981,18,18720,34.4,32.0,20.2,104.8,6.6,563963,13866,8,8,bbr1
0.080,26981,18,18720,34.3,33.7,20.2,104.8,5.1,563963,13868,8,8,bbr1
0.088,26981,18,20160,34.4,35.6,20.2,104.8,4.2,563963,13871,8,8,bbr1
0.098,26981,18,21600,34.8,37.2,20.2,104.8,3.8,338378,13874,8,8,bbr1
0.102,26981,18,20160,35.3,39.0,20.2,104.8,3.9,338378,13875,8,8,bbr1
0.111,26981,18,20160,36.0,40.8,20.2,104.8,4.3,338378,13877,8,8,bbr1
0.115,26981,18,18720,36.7,41.9,20.2,104.8,4.7,338378,13878,8,8,bbr1
0.123,26981,18,18720,37.7,44.1,20.2,104.8,5.4,338378,13880,8,8,bbr1
0.132,26981,18,18720,38.7,46.0,20.2,104.8,6.1,338378,13882,8,8,bbr1
0.136,26981,18,17280,39.8,47.7,20.2,104.8,6.8,338378,13883,8,8,bbr1
0.149,19186,13,14400,42.0,49.0,20.2,104.8,7.6,451171,13885,8,8,bbr1
0.159,22034,15,17280,42.7,47.8,20.2,104.8,7.2,451171,13889,8,8,bbr1
0.165,24882,17,17280,43.2,46.0,20.2,104.8,6.2,448514,13891,8,8,bbr1
0.171,26872,18,17280,43.3,44.1,20.2,104.8,4.9,448514,13893,8,8,bbr1
0.178,26872,18,17280,43.2,42.8,20.2,104.8,3.8,448514,13895,8,8,bbr1
0.184,26872,18,17280,42.9,40.9,20.2,104.8,3.4,448514,13897,8,8,bbr1
0.191,26872,18,17280,42.0,35.8,20.2,104.8,4.3,448514,13899,8,8,bbr1
0.202,19132,13,14400,41.1,38.2,20.2,104.8,4.0,448514,13901,8,8,bbr1
0.212,21980,15,17280,40.8,38.9,20.2,104.8,3.6,448514,13905,8,8,bbr1
0.217,24828,17,17280,40.6,39.3,20.2,104.8,3.1,560642,13907,8,8,bbr1
0.222,26872,18,17280,40.5,39.7,20.2,104.8,2.5,560642,13909,8,8,bbr1
0.230,26872,18,18720,40.5,40.2,20.2,104.8,2.0,560642,13912,8,8,bbr1
0.238,26872,18,20160,40.5,40.3,20.2,104.8,1.5,560642,13915,8,8,bbr1
0.250,19132,13,17335,39.9,39.7,20.2,104.8,1.8,336385,13918,8,8,bbr1
0.257,23404,16,15895,39.8,39.0,20.2,104.8,1.6,336385,13920,8,8,bbr1
0.266,26252,18,17335,39.7,39.3,20.2,104.8,1.3,448514,13923,8,8,bbr1
0.272,26872,18,17335,40.0,42.5,20.2,104.8,1.7,448514,13925,8,8,bbr1
0.279,27312,18,15895,40.3,41.7,20.2,104.8,1.7,459336,13927,8,8,bbr1
0.288,27312,18,17335,40.7,43.5,20.2,104.8,2.1,459336,13930,8,8,bbr1
0.294,27312,18,17280,40.5,39.3,20.2,104.8,1.9,459336,13932,8,8,bbr1
0.308,19352,13,15895,40.4,39.9,20.2,104.8,1.2,459336,13936,8,8,bbr1
0.315,22200,15,17335,40.5,40.9,20.2,104.8,1.0,459336,13939,8,8,bbr1
0.323,25048,17,18775,40.6,41.2,20.2,104.8,1.0,574170,13942,8,8,bbr1
0.331,27312,18,20215,40.7,41.7,20.2,104.8,1.0,574170,13945,8,8,bbr1
0.336,27312,18,20215,40.9,42.1,20.2,104.8,1.1,574170,13947,8,8,bbr1
0.343,27312,18,21655,41.2,43.1,20.2,104.8,1.4,574170,13950,8,8,bbr1
0.360,20815,14,18720,41.2,42.9,20.2,104.8,1.6,344502,13953,8,8,bbr1
0.366,25087,17,17280,41.5,43.2,20.2,104.8,1.7,344502,13955,8,8,bbr1
0.375,27312,18,18720,41.9,45.1,20.2,104.8,2.2,459336,13958,8,8,bbr1
0.385,27312,18,20160,42.5,46.9,20.2,104.8,2.9,459336,13961,8,8,bbr1
0.391,27312,18,20160,43.3,48.8,20.2,104.8,3.7,459336,13963,8,8,bbr1
0.397,27312,18,20160,44.2,50.2,20.2,104.8,4.5,459336,13965,8,8,bbr1
0.403,27312,18,20160,45.2,52.5,20.2,104.8,5.5,459336,13967,8,8,bbr1
0.416,19352,13,17280,45.2,45.8,20.2,104.8,3.4,574170,13969,8,8,bbr1
0.423,22200,15,17280,45.3,45.9,20.2,104.8,2.7,574170,13971,8,8,bbr1
0.431,25048,17,20160,45.4,46.3,20.2,104.8,2.3,574170,13975,8,8,bbr1
0.438,27312,18,21600,45.6,46.8,20.2,104.8,2.1,574170,13978,8,8,bbr1
0.447,27312,18,23040,45.8,47.5,20.2,104.8,2.0,344502,13981,8,8,bbr1
0.451,27312,18,21600,46.1,47.9,20.2,104.8,2.0,344502,13982,8,8,bbr1
0.459,27312,18,21600,46.4,48.7,20.2,104.8,2.2,344502,13984,8,8,bbr1
0.468,27312,18,21600,46.0,42.8,20.2,104.8,2.5,344502,13986,8,8,bbr1
0.478,19352,13,17335,45.9,48.1,20.2,104.8,2.6,344502,13988,8,8,bbr1
0.484,22200,15,17335,46.4,49.8,20.2,104.8,3.0,459336,13990,8,8,bbr1
0.494,25048,17,20215,47.1,51.8,20.2,104.8,3.6,459336,13994,8,8,bbr1
0.500,27312,18,20215,47.9,53.6,20.2,104.8,4.3,459336,13996,8,8,bbr1
0.506,27312,18,20215,48.4,51.9,20.2,104.8,4.2,459336,13998,8,8,bbr1
0.513,27312,18,20215,48.6,50.6,20.2,104.8,3.7,459336,14000,8,8,bbr1
0.519,27312,18,20215,48.7,48.9,20.2,104.8,2.8,459336,14002,8,8,bbr1
0.529,27312,18,21600,47.9,42.9,20.2,104.8,3.6,459336,14005,8,8,bbr1
0.539,20776,14,17280,47.0,44.7,20.2,104.8,3.6,574170,14007,8,8,bbr1
0.548,23624,16,18720,46.9,45.9,20.2,104.8,3.0,574170,14010,8,8,bbr1
0.556,26472,18,21600,46.8,46.5,20.2,104.8,2.3,574170,14014,8,8,bbr1
0.565,27312,18,23040,46.8,46.8,20.2,104.8,1.8,344502,14017,8,8,bbr1
0.569,27312,18,21600,46.9,47.7,20.2,104.8,1.5,344502,14018,8,8,bbr1
0.577,27312,18,21600,47.1,48.2,20.2,104.8,1.5,344502,14020,8,8,bbr1
0.585,27312,18,21600,47.2,48.5,20.2,104.8,1.5,344502,14022,8,8,bbr1
0.590,27312,18,20160,46.9,44.5,20.2,104.8,1.8,344502,14023,8,8,bbr1
0.606,20776,14,15840,47.4,51.5,20.2,104.8,2.3,344502,14025,8,8,bbr1
0.613,23624,16,17280,48.1,53.3,20.2,104.8,3.2,459336,14028,8,8,bbr1
0.620,26472,18,17280,48.8,53.4,20.2,104.8,3.7,459336,14030,8,8,bbr1
0.630,27312,18,18720,49.2,52.0,20.2,104.8,3.6,459336,14033,8,8,bbr1
0.635,27312,18,18720,49.3,50.3,20.2,104.8,3.0,459336,14035,8,8,bbr1
0.642,27312,18,18720,49.2,48.5,20.2,104.8,2.4,459336,14037,8,8,bbr1
0.647,17928,12,17280,48.0,39.3,20.2,104.8,4.3,574170,14039,8,8,bbr1
0.657,20776,14,15840,47.3,42.2,20.2,104.8,4.7,574170,14040,8,8,bbr1
0.665,23624,16,18720,46.7,42.8,20.2,104.8,4.6,574170,14044,8,8,bbr1
0.672,26472,18,20160,46.3,43.3,20.2,104.8,4.3,574170,14047,8,8,bbr1
0.680,27312,18,21600,45.9,43.4,20.2,104.8,4.0,574170,14050,8,8,bbr1
0.687,27312,18,21600,45.7,44.4,20.2,104.8,3.4,344502,14052,8,8,bbr1
0.695,27312,18,21600,45.7,45.1,20.2,104.8,2.7,344502,14054,8,8,bbr1
0.707,20776,14,15895,44.4,42.9,20.2,104.8,3.4,344502,14056,8,8,bbr1
0.714,23624,16,17335,44.5,44.7,20.2,104.8,2.6,459336,14059,8,8,bbr1
0.721,26472,18,17335,44.7,46.5,20.2,104.8,2.5,459336,14061,8,8,bbr1
0.730,27312,18,18775,45.2,48.4,20.2,104.8,2.8,459336,14064,8,8,bbr1
0.736,27312,18,18775,45.8,50.2,20.2,104.8,3.3,459336,14066,8,8,bbr1
0.743,27312,18,18775,46.1,48.4,20.2,104.8,3.2,459336,14068,8,8,bbr1
0.749,17967,12,17280,45.3,39.4,20.2,104.8,4.0,459336,14070,8,8,bbr1
0.759,20815,14,15840,44.9,42.5,20.2,104.8,3.7,459336,14071,8,8,bbr1
0.768,23663,16,18720,44.7,42.9,20.2,104.8,3.3,459336,14075,8,8,bbr1
0.774,26511,18,18720,44.5,43.5,20.2,104.8,2.8,574170,14077,8,8,bbr1
0.781,27312,18,20160,44.5,44.1,20.2,104.8,2.2,574170,14080,8,8,bbr1
0.786,26850,18,20160,44.5,44.5,20.2,104.8,1.7,559962,14082,8,8,bbr1
0.796,26850,18,21600,44.6,45.2,20.2,104.8,1.4,335977,14085,8,8,bbr1
0.810,20545,14,15840,43.8,43.2,20.2,104.8,2.0,335977,14086,8,8,bbr1
0.818,23393,16,17280,43.8,43.4,20.2,104.8,1.6,447970,14089,8,8,bbr1
0.824,26241,18,17280,44.0,45.7,20.2,104.8,1.7,447970,14091,8,8,bbr1
0.834,26850,18,18720,44.5,47.5,20.2,104.8,2.1,447970,14094,8,8,bbr1
0.840,26850,18,18720,45.1,49.3,20.2,104.8,2.8,447970,14096,8,8,bbr1
0.846,26850,18,18720,45.8,50.9,20.2,104.8,3.6,447970,14098,8,8,bbr1
0.853,17697,12,17280,45.0,39.3,20.2,104.8,4.3,447970,14100,8,8,bbr1
0.861,20545,14,15840,44.6,41.7,20.2,104.8,4.1,447970,14101,8,8,bbr1
0.871,24817,17,17280,44.1,40.9,20.2,104.8,3.9,447970,14105,8,8,bbr1
0.878,26850,18,17280,43.8,41.4,20.2,104.8,3.6,447970,14107,8,8,bbr1
0.884,26770,18,17280,43.5,41.4,20.2,104.8,3.3,445984,14109,8,8,bbr1
0.890,26770,18,17280,43.3,42.2,20.2,104.8,2.8,445984,14111,8,8,bbr1
0.904,19081,13,15840,42.5,37.5,20.2,104.8,3.2,557480,14114,8,8,bbr1
0.911,21929,15,17280,42.3,41.5,20.2,104.8,2.6,557480,14117,8,8,bbr1
0.920,24777,17,20160,42.3,41.7,20.2,104.8,2.1,557480,14121,8,8,bbr1
0.929,26770,18,21600,42.3,42.5,20.2,104.8,1.7,334488,14124,8,8,bbr1
0.933,26770,18,20160,42.3,42.8,20.2,104.8,1.4,334488,14125,8,8,bbr1
0.942,26770,18,20160,42.5,43.3,20.2,104.8,1.2,334488,14127,8,8,bbr1
0.946,17657,12,17280,42.1,39.8,20.2,104.8,1.6,334488,14128,8,8,bbr1
0.956,20505,14,15840,42.2,42.8,20.2,104.8,1.4,445984,14129,8,8,bbr1
0.966,23353,16,18720,42.7,46.4,20.2,104.8,2.1,445984,14133,8,8,bbr1
0.972,26201,18,18720,43.3,47.3,20.2,104.8,2.7,445984,14135,8,8,bbr1
0.978,26770,18,18720,44.1,49.6,20.2,104.8,3.6,445984,14137,8,8,bbr1
0.985,26770,18,18720,44.6,47.8,20.2,104.8,3.6,445984,14139,8,8,bbr1
0.006,26770,18,0,43.3,40.0,20.2,104.8,2.2,445984,14141,8,8,bbr1
0.006,5760,4,0,41.4,28.6,20.2,104.8,5.3,445984,14143,8,8,bbr1
0.031,5760,4,2880,39.2,23.8,20.2,104.8,8.4,445984,14148,8,8,bbr1
0.038,5760,4,4320,37.6,26.6,20.2,104.8,9.4,445984,14151,8,8,bbr1
0.057,5760,4,2880,35.5,20.7,20.2,104.8,11.3,445984,14153,8,8,bbr1
0.064,5760,4,4320,33.7,20.8,20.2,104.8,12.2,445984,14156,8,8,bbr1
0.083,5760,4,2880,32.1,20.8,20.2,104.8,12.4,445984,14158,8,8,bbr1
0.090,5760,4,4320,30.7,21.0,20.2,104.8,12.0,445984,14161,8,8,bbr1
0.109,5760,4,4320,29.4,20.7,20.2,104.8,11.5,434034,14163,8,8,bbr1
0.116,5760,4,2880,28.4,21.0,20.2,104.8,10.8,434034,14165,8,8,bbr1
0.134,5760,4,4320,27.4,20.6,20.2,104.8,10.0,434034,14168,8,8,bbr1
0.141,5760,4,2880,26.5,20.6,20.2,104.8,9.2,434034,14170,8,8,bbr1
0.160,5760,4,4320,25.8,20.6,20.2,104.8,8.4,434034,14173,8,8,bbr1
0.167,5760,4,2880,25.2,20.6,20.2,104.8,7.6,434034,14175,8,8,bbr1
0.186,26484,18,4320,24.6,20.7,20.2,104.8,6.8,434034,14178,8,8,bbr1
0.196,26484,18,5760,24.1,20.6,20.2,104.8,6.1,434034,14182,8,8,bbr1
0.213,26467,18,8640,23.7,20.5,20.2,104.8,5.5,434034,14187,8,8,bbr1
0.220,26467,18,8640,23.3,20.7,20.2,104.8,4.8,434034,14189,8,8,bbr1
0.226,26467,18,8640,23.0,21.0,20.2,104.8,4.2,434034,14191,8,8,bbr1
0.233,26467,18,8640,22.8,21.1,20.2,104.8,3.6,434034,14193,8,8,bbr1
0.239,26467,18,8640,22.6,21.3,20.2,104.8,3.1,434034,14195,8,8,bbr1
0.249,26467,18,10080,22.4,21.4,20.2,104.8,2.6,434034,14198,8,8,bbr1
0.256,26467,18,10080,22.3,21.4,20.2,104.8,2.2,434034,14200,8,8,bbr1
0.263,26467,18,10080,22.3,22.0,20.2,104.8,1.7,434034,14202,8,8,bbr1
0.269,26467,18,10080,22.3,22.2,20.2,104.8,1.3,542542,14204,8,8,bbr1
0.274,26467,18,10080,22.3,22.4,20.2,104.8,1.0,542542,14206,8,8,bbr1
0.282,26467,18,11520,22.3,22.7,20.2,104.8,0.9,542542,14209,8,8,bbr1
0.290,26467,18,12960,22.4,22.7,20.2,104.8,0.7,542542,14212,8,8,bbr1
0.295,25805,17,12960,22.5,23.5,20.2,104.8,0.8,522381,14214,8,8,bbr1
0.304,25805,17,14400,22.9,25.3,20.2,104.8,1.3,522381,14217,8,8,bbr1
0.309,25805,17,14400,23.4,26.9,20.2,104.8,2.0,522381,14219,8,8,bbr1
0.318,25805,17,15840,23.9,27.9,20.2,104.8,2.6,522381,14222,8,8,bbr1
0.323,25805,17,15840,24.6,29.4,20.2,104.8,3.3,522381,14224,8,8,bbr1
0.328,25783,17,15840,25.5,31.3,20.2,104.8,4.2,521717,14226,8,8,bbr1
0.336,25783,17,17280,26.4,32.7,20.2,104.8,5.0,521717,14229,8,8,bbr1
0.342,25783,17,17280,27.3,34.0,20.2,104.8,5.6,521717,14231,8,8,bbr1
0.351,25783,17,18720,28.3,34.9,20.2,104.8,6.1,521717,14234,8,8,bbr1
0.356,25783,17,18720,29.3,36.2,20.2,104.8,6.6,521717,14236,8,8,bbr1
0.364,25783,17,20160,30.4,38.1,20.2,104.8,7.1,521717,14239,8,8,bbr1
0.369,27159,18,18720,31.3,37.9,20.2,104.8,7.2,563592,14241,8,8,bbr1
0.380,27159,18,21600,32.3,39.6,20.2,104.8,7.5,563592,14245,8,8,bbr1
0.387,27159,18,21600,33.4,41.0,20.2,104.8,7.8,338155,14247,8,8,bbr1
0.395,27159,18,21600,34.5,42.2,20.2,104.8,8.1,338155,14249,8,8,bbr1
0.399,27159,18,20160,35.7,43.6,20.2,104.8,8.3,338155,14250,8,8,bbr1
0.412,19275,13,17280,37.9,45.8,20.2,104.8,8.6,338155,14252,8,8,bbr1
0.419,22123,15,17280,39.1,47.8,20.2,104.8,8.9,450874,14254,8,8,bbr1
0.429,24971,17,20160,40.4,49.5,20.2,104.8,9.3,450874,14258,8,8,bbr1
0.435,27159,18,20160,41.8,51.0,20.2,104.8,9.6,450874,14260,8,8,bbr1
0.441,27159,18,20160,42.9,50.9,20.2,104.8,9.5,450874,14262,8,8,bbr1
0.448,27159,18,20160,43.7,49.6,20.2,104.8,8.8,450874,14264,8,8,bbr1
0.454,27159,18,20160,44.3,47.8,20.2,104.8,7.6,450874,14266,8,8,bbr1
0.460,27159,18,20160,44.1,42.7,20.2,104.8,6.1,450874,14268,8,8,bbr1
0.474,19275,13,17280,44.2,46.6,20.2,104.8,4.4,450874,14270,8,8,bbr1
0.480,22123,15,17280,44.5,46.7,20.2,104.8,3.9,450874,14272,8,8,bbr1
0.489,24971,17,20160,44.9,47.6,20.2,104.8,3.7,563592,14276,8,8,bbr1
0.494,27159,18,20160,45.3,47.8,20.2,104.8,3.5,563592,14278,8,8,bbr1
0.502,27159,18,21600,45.7,48.4,20.2,104.8,3.4,563592,14281,8,8,bbr1
0.512,27159,18,23040,46.1,48.7,20.2,104.8,3.3,338155,14284,8,8,bbr1
0.516,27159,18,21600,46.5,49.4,20.2,104.8,3.3,338155,14285,8,8,bbr1
0.525,27159,18,21600,46.0,42.8,20.2,104.8,3.4,338155,14287,8,8,bbr1
0.537,20699,14,15840,45.9,45.8,20.2,104.8,2.2,338155,14288,8,8,bbr1
0.545,23547,16,17280,46.1,47.6,20.2,104.8,2.0,450874,14291,8,8,bbr1
0.551,26395,18,17280,46.5,49.2,20.2,104.8,2.3,450874,14293,8,8,bbr1
0.560,27159,18,18720,46.9,50.4,20.2,104.8,2.7,450874,14296,8,8,bbr1
0.567,27159,18,18720,47.4,50.6,20.2,104.8,2.9,450874,14298,8,8,bbr1
0.573,27159,18,18720,47.7,49.4,20.2,104.8,2.7,450874,14300,8,8,bbr1
0.580,17851,12,17280,46.6,39.4,20.2,104.8,4.1,450874,14302,8,8,bbr1
0.588,20699,14,15840,46.0,41.6,20.2,104.8,4.3,450874,14303,8,8,bbr1
0.598,23547,16,18720,45.6,42.6,20.2,104.8,4.1,450874,14307,8,8,bbr1
0.604,26395,18,18720,45.3,43.0,20.2,104.8,3.7,450874,14309,8,8,bbr1
0.611,27159,18,18720,45.0,43.4,20.2,104.8,3.2,450874,14311,8,8,bbr1
0.617,27159,18,18720,44.9,44.0,20.2,104.8,2.7,450874,14313,8,8,bbr1
0.623,27159,18,18720,44.8,44.4,20.2,104.8,2.1,563592,14315,8,8,bbr1
0.630,27159,18,18720,44.2,39.4,20.2,104.8,3.0,563592,14318,8,8,bbr1
0.646,19275,13,18720,43.9,43.3,20.2,104.8,2.0,338155,14322,8,8,bbr1
0.653,22123,15,17280,44.0,44.2,20.2,104.8,1.6,338155,14323,8,8,bbr1
0.662,24971,17,18720,44.0,44.4,20.2,104.8,1.3,338155,14326,8,8,bbr1
0.670,27159,18,18720,44.2,45.1,20.2,104.8,1.2,338155,14328,8,8,bbr1
0.675,27159,18,17280,44.4,46.2,20.2,104.8,1.4,338155,14329,8,8,bbr1
0.682,27159,18,17280,44.9,48.5,20.2,104.8,2.1,450874,14331,8,8,bbr1
0.689,27159,18,17280,45.3,48.4,20.2,104.8,2.4,450874,14333,8,8,bbr1
0.695,27159,18,17280,45.2,44.5,20.2,104.8,2.0,450874,14335,8,8,bbr1
0.706,19275,13,14400,44.4,42.4,20.2,104.8,2.5,450874,14337,8,8,bbr1
0.716,22123,15,17280,44.0,41.1,20.2,104.8,2.7,450874,14341,8,8,bbr1
0.722,24971,17,17280,43.4,39.2,20.2,104.8,3.2,450874,14343,8,8,bbr1
0.729,27159,18,17280,43.0,39.9,20.2,104.8,3.3,450874,14345,8,8,bbr1
0.735,27159,18,17280,42.6,40.2,20.2,104.8,3.2,450874,14347,8,8,bbr1
0.742,27159,18,17280,42.4,40.8,20.2,104.8,2.8,450874,14349,8,8,bbr1
0.748,27159,18,17280,41.6,36.0,20.2,104.8,3.7,563592,14351,8,8,bbr1
0.761,19275,13,15840,41.2,40.0,20.2,104.8,2.8,563592,14354,8,8,bbr1
0.768,22123,15,17280,41.1,40.8,20.2,104.8,2.2,563592,14357,8,8,bbr1
0.777,24971,17,20160,41.1,40.9,20.2,104.8,1.7,563592,14361,8,8,bbr1
0.782,27159,18,20160,41.2,41.7,20.2,104.8,1.4,563592,14363,8,8,bbr1
0.011,3072,2,0,43.6,49.6,20.2,104.8,4.1,563592,14365,9,9,bbr1
0.012,5760,4,0,42.4,33.7,20.2,104.8,5.6,563592,14367,9,9,bbr1
0.039,11456,7,1440,40.2,25.0,20.2,104.8,8.5,563592,14372,9,9,bbr1
0.049,12880,8,7200,38.8,29.2,20.2,104.8,9.1,563592,14377,9,9,bbr1
0.065,17152,11,8640,36.7,21.4,20.2,104.8,11.2,563592,14381,9,9,bbr1
0.073,20000,13,11520,35.0,23.0,20.2,104.8,11.8,563592,14385,9,9,bbr1
0.080,22848,15,12960,33.7,24.8,20.2,104.8,11.4,563592,14388,9,9,bbr1
0.085,25696,17,12960,32.8,26.4,20.2,104.8,10.4,563592,14390,9,9,bbr1
0.093,26828,18,14400,31.4,22.1,20.2,104.8,10.4,553535,14393,9,9,bbr1
0.101,26828,18,15840,30.9,27.2,20.2,104.8,8.9,553535,14396,9,9,bbr1
0.106,26828,18,15840,30.7,28.9,20.2,104.8,7.2,553535,14398,9,9,bbr1
0.113,26828,18,17280,30.6,30.3,20.2,104.8,5.5,553535,14401,9,9,bbr1
0.121,26828,18,18720,30.8,32.5,20.2,104.8,4.6,553535,14404,9,9,bbr1
0.126,26828,18,18720,31.3,34.2,20.2,104.8,4.3,553535,14406,9,9,bbr1
0.134,26828,18,20160,31.9,35.9,20.2,104.8,4.4,553535,14409,9,9,bbr1
0.144,26828,18,21600,32.5,37.2,20.2,104.8,4.6,332121,14412,9,9,bbr1
0.149,26828,18,20160,33.4,39.2,20.2,104.8,5.1,332121,14413,9,9,bbr1
0.157,26828,18,20160,34.3,40.8,20.2,104.8,5.7,332121,14415,9,9,bbr1
0.161,26828,18,18720,35.2,41.9,20.2,104.8,6.2,332121,14416,9,9,bbr1
0.170,26828,18,18720,36.3,44.0,20.2,104.8,6.8,332121,14418,9,9,bbr1
0.174,26828,18,17280,37.5,45.8,20.2,104.8,7.5,332121,14419,9,9,bbr1
0.182,26828,18,17280,38.7,47.3,20.2,104.8,8.1,442828,14421,9,9,bbr1
0.189,26828,18,17280,40.0,48.9,20.2,104.8,8.6,442828,14423,9,9,bbr1
0.195,26828,18,17280,41.1,48.8,20.2,104.8,8.7,442828,14425,9,9,bbr1
0.208,19110,13,14400,42.2,45.1,20.2,104.8,6.8,442828,14427,9,9,bbr1
0.218,21958,15,17280,42.3,43.0,20.2,104.8,5.3,442828,14431,9,9,bbr1
0.225,24806,17,17280,42.0,39.9,20.2,104.8,4.6,442828,14433,9,9,bbr1
0.227,26828,18,15840,41.8,40.2,20.2,104.8,3.9,553535,14434,9,9,bbr1
0.235,26828,18,17280,41.6,40.3,20.2,104.8,3.3,553535,14437,9,9,bbr1
0.243,26828,18,18720,41.5,40.8,20.2,104.8,2.7,553535,14440,9,9,bbr1
0.248,26828,18,18720,40.6,34.2,20.2,104.8,3.8,553535,14442,9,9,bbr1
0.261,19110,13,17280,40.0,38.2,20.2,104.8,3.1,332121,14445,9,9,bbr1
0.268,21958,15,17280,39.9,39.2,20.2,104.8,2.6,332121,14447,9,9,bbr1
0.279,24806,17,18720,40.0,40.9,20.2,104.8,2.2,332121,14450,9,9,bbr1
0.284,26828,18,17280,40.4,42.5,20.2,104.8,2.2,332121,14451,9,9,bbr1
0.291,26828,18,17280,40.8,44.2,20.2,104.8,2.6,442828,14453,9,9,bbr1
0.298,26828,18,17280,41.5,46.1,20.2,104.8,3.3,442828,14455,9,9,bbr1
0.304,27174,18,15840,41.4,41.0,20.2,104.8,2.6,451237,14457,9,9,bbr1
0.320,22131,15,11520,40.7,35.7,20.2,104.8,3.0,564046,14460,9,9,bbr1
0.330,24979,17,15840,40.0,35.2,20.2,104.8,3.6,564046,14465,9,9,bbr1
0.338,27174,18,17280,39.6,37.1,20.2,104.8,3.4,564046,14468,9,9,bbr1
0.346,27174,18,18720,39.3,37.2,20.2,104.8,3.2,564046,14471,9,9,bbr1
0.350,27174,18,18720,39.1,37.8,20.2,104.8,2.7,564046,14473,9,9,bbr1
0.358,27174,18,20160,38.3,32.4,20.2,104.8,3.7,564046,14476,9,9,bbr1
0.371,19283,13,18720,38.3,39.2,20.2,104.8,2.6,338427,14479,9,9,bbr1
0.378,23555,16,15840,38.5,40.0,20.2,104.8,2.4,338427,14480,9,9,bbr1
0.387,26403,18,17280,38.8,41.5,20.2,104.8,2.6,338427,14483,9,9,bbr1
0.394,27174,18,17280,39.5,43.7,20.2,104.8,3.1,451237,14485,9,9,bbr1
0.400,27174,18,17280,40.1,44.9,20.2,104.8,3.7,451237,14487,9,9,bbr1
0.407,27174,18,17280,41.0,46.9,20.2,104.8,4.5,451237,14489,9,9,bbr1
0.417,27174,18,18720,42.0,48.9,20.2,104.8,5.3,451237,14492,9,9,bbr1
0.423,27174,18,17280,41.8,40.7,20.2,104.8,4.3,564046,14494,9,9,bbr1
0.438,19283,13,17280,41.8,41.5,20.2,104.8,2.6,564046,14498,9,9,bbr1
0.444,22131,15,17280,41.9,42.3,20.2,104.8,2.1,564046,14500,9,9,bbr1
0.452,24979,17,20160,41.9,42.4,20.2,104.8,1.7,564046,14504,9,9,bbr1
0.460,27174,18,21600,42.1,42.8,20.2,104.8,1.5,564046,14507,9,9,bbr1
0.467,27174,18,21600,42.2,43.1,20.2,104.8,1.4,338427,14509,9,9,bbr1
0.475,27174,18,21600,42.6,45.3,20.2,104.8,1.8,338427,14511,9,9,bbr1
0.479,27174,18,20160,43.1,47.2,20.2,104.8,2.5,338427,14512,9,9,bbr1
0.488,27174,18,20160,43.1,42.8,20.2,104.8,2.0,338427,14514,9,9,bbr1
0.500,19283,13,17335,43.7,48.1,20.2,104.8,2.4,338427,14517,9,9,bbr1
0.507,22131,15,17335,44.5,49.8,20.2,104.8,3.3,451237,14519,9,9,bbr1
0.514,24979,17,18775,45.3,51.0,20.2,104.8,4.1,451237,14522,9,9,bbr1
0.520,27174,18,18775,46.0,51.2,20.2,104.8,4.5,451237,14524,9,9,bbr1
0.530,27174,18,20215,46.5,49.8,20.2,104.8,4.3,451237,14527,9,9,bbr1
0.536,27174,18,20215,46.7,48.0,20.2,104.8,3.6,451237,14529,9,9,bbr1
0.539,27174,18,18775,46.4,44.5,20.2,104.8,3.3,451237,14530,9,9,bbr1
0.556,20746,14,15895,45.4,43.6,20.2,104.8,3.4,564046,14534,9,9,bbr1
0.564,23594,16,18775,45.3,44.0,20.2,104.8,2.9,564046,14538,9,9,bbr1
0.571,26442,18,20215,45.2,44.5,20.2,104.8,2.4,564046,14541,9,9,bbr1
0.576,27174,18,20215,45.1,44.7,20.2,104.8,1.9,564046,14543,9,9,bbr1
0.584,27174,18,21655,45.2,45.5,20.2,104.8,1.5,564046,14546,9,9,bbr1
0.593,27174,18,23095,45.2,45.9,20.2,104.8,1.3,338427,14549,9,9,bbr1
0.607,20746,14,17280,44.5,44.6,20.2,104.8,1.9,338427,14550,9,9,bbr1
0.615,23594,16,18720,44.7,46.3,20.2,104.8,1.8,451237,14553,9,9,bbr1
0.621,26442,18,18720,45.1,47.6,20.2,104.8,2.1,451237,14555,9,9,bbr1
0.631,27174,18,20160,45.7,49.7,20.2,104.8,2.7,451237,14558,9,9,bbr1
0.638,27174,18,20160,46.4,51.4,20.2,104.8,3.5,451237,14560,9,9,bbr1
0.644,27174,18,20160,47.3,53.3,20.2,104.8,4.3,451237,14562,9,9,bbr1
0.650,27174,18,20160,48.0,53.3,20.2,104.8,4.7,451237,14564,9,9,bbr1
0.656,27174,18,20160,47.4,42.7,20.2,104.8,4.9,451237,14566,9,9,bbr1
0.669,19283,13,17335,46.9,46.0,20.2,104.8,3.4,451237,14569,9,9,bbr1
0.676,22131,15,17335,46.9,46.4,20.2,104.8,2.7,451237,14571,9,9,bbr1
0.691,27174,18,20215,46.9,46.8,20.2,104.8,1.5,564046,14577,9,9,bbr1
0.696,27174,18,20215,47.0,47.7,20.2,104.8,1.4,564046,14579,9,9,bbr1
0.704,27174,18,21655,47.1,47.8,20.2,104.8,1.2,564046,14582,9,9,bbr1
0.713,27174,18,23095,47.3,48.8,20.2,104.8,1.3,338427,14585,9,9,bbr1
0.724,19322,13,18775,46.3,42.8,20.2,104.8,2.5,338427,14587,9,9,bbr1
0.731,23594,16,15895,46.1,45.0,20.2,104.8,2.2,338427,14588,9,9,bbr1
0.739,26442,18,17335,46.1,45.9,20.2,104.8,1.7,451237,14591,9,9,bbr1
0.748,27174,18,18775,46.3,47.9,20.2,104.8,1.8,451237,14594,9,9,bbr1
0.754,27174,18,18775,46.7,49.8,20.2,104.8,2.2,451237,14596,9,9,bbr1
0.761,27174,18,18775,47.3,51.5,20.2,104.8,2.8,451237,14598,9,9,bbr1
0.767,27111,18,18775,47.9,51.6,20.2,104.8,3.2,449713,14600,9,9,bbr1
0.776,27111,18,18720,47.0,41.0,20.2,104.8,4.1,449713,14603,9,9,bbr1
0.791,19251,13,17280,46.2,44.4,20.2,104.8,3.6,449713,14606,9,9,bbr1
0.797,23523,16,15840,45.9,43.4,20.2,104.8,3.4,449713,14608,9,9,bbr1
0.807,27111,18,17280,45.2,40.3,20.2,104.8,4.0,449713,14612,9,9,bbr1
0.814,27111,18,18720,44.6,40.9,20.2,104.8,4.0,449713,14614,9,9,bbr1
0.820,27111,18,15840,43.8,38.3,20.2,104.8,4.6,449713,14616,9,9,bbr1
0.827,27111,18,14400,42.2,30.7,20.2,104.8,6.8,449713,14618,9,9,bbr1
0.835,16403,11,15840,40.8,30.7,20.2,104.8,8.0,562141,14621,9,9,bbr1
0.842,22099,15,11520,39.6,31.4,20.2,104.8,8.3,562141,14622,9,9,bbr1
0.850,23523,16,15840,38.3,29.4,20.2,104.8,8.8,545042,14626,9,9,bbr1
0.855,26371,18,15840,37.5,31.9,20.2,104.8,8.2,545042,14628,9,9,bbr1
0.863,26549,18,15840,36.7,30.7,20.2,104.8,7.8,545042,14631,9,9,bbr1
0.868,27184,18,15840,35.7,28.7,20.2,104.8,7.9,564347,14633,9,9,bbr1
0.876,27184,18,17280,34.6,27.2,20.2,104.8,8.0,564347,14636,9,9,bbr1
0.886,20712,14,12960,33.7,31.2,20.2,104.8,6.0,613546,14638,9,9,bbr1
0.899,23560,16,18720,33.6,32.8,20.2,104.8,4.7,613546,14644,9,9,bbr1
0.905,27832,19,18720,33.8,34.8,20.2,104.8,3.8,613546,14647,9,9,bbr1
0.912,28800,20,20160,33.7,33.5,20.2,104.8,3.0,613546,14650,9,9,bbr1
0.917,28800,20,20160,34.1,36.9,20.2,104.8,3.0,613546,14652,9,9,bbr1
0.924,28800,20,21600,33.9,32.4,20.2,104.8,2.7,613546,14655,9,9,bbr1
0.933,28800,20,23040,34.2,36.1,20.2,104.8,2.6,368127,14658,9,9,bbr1
0.951,22944,15,17335,36.8,44.2,20.2,104.8,5.3,368127,14661,9,9,bbr1
0.958,25792,17,18775,38.0,46.5,20.2,104.8,6.4,490837,14664,9,9,bbr1
0.967,28640,19,20215,39.4,48.6,20.2,104.8,7.4,490837,14667,9,9,bbr1
0.973,28800,20,20215,40.8,50.8,20.2,104.8,8.4,490837,14669,9,9,bbr1
0.979,28800,20,20215,42.3,52.9,20.2,104.8,9.4,490837,14671,9,9,bbr1
0.988,28800,20,21655,43.9,55.0,20.2,104.8,10.2,490837,14674,9,9,bbr1
0.993,28800,20,21655,45.1,53.7,20.2,104.8,10.1,490837,14676,9,9,bbr1
0.999,28800,20,21600,44.8,42.8,20.2,104.8,8.2,490837,14678,9,9,bbr1
1.020,22944,15,17280,45.5,47.8,20.2,104.8,4.6,613546,14681,9,9,bbr1
1.027,25792,17,20160,46.0,49.0,20.2,104.8,4.3,613546,14685,9,9,bbr1
1.034,28640,19,21600,46.5,49.9,20.2,104.8,4.2,613546,14688,9,9,bbr1
1.043,28800,20,23040,47.0,51.1,20.2,104.8,4.3,368127,14691,9,9,bbr1
1.050,28800,20,21600,47.5,50.6,20.2,104.8,4.1,368127,14693,9,9,bbr1
0.006,28800,20,0,49.1,51.0,20.2,104.8,3.3,490837,14696,10,10,bbr1
0.007,28800,20,0,46.5,28.4,20.2,104.8,7.6,490837,14698,10,10,bbr1
0.034,28800,20,11520,43.7,23.8,20.2,104.8,11.4,490837,14710,10,10,bbr1
0.045,28800,20,14400,41.7,27.8,20.2,104.8,12.5,490837,14714,10,10,bbr1
0.051,28800,20,14400,40.1,28.9,20.2,104.8,12.6,490837,14716,10,10,bbr1
0.056,28800,20,14400,38.8,29.5,20.2,104.8,12.1,613546,14718,10,10,bbr1
0.063,28800,20,15840,37.8,30.9,20.2,104.8,11.0,613546,14721,10,10,bbr1
0.070,28800,20,17280,37.0,31.6,20.2,104.8,9.8,613546,14724,10,10,bbr1
0.077,28800,20,18720,36.5,33.0,20.2,104.8,8.4,613546,14727,10,10,bbr1
0.085,28800,20,20160,36.2,33.8,20.2,104.8,7.0,613546,14730,10,10,bbr1
0.092,28800,20,21600,36.0,34.8,20.2,104.8,5.6,613546,14733,10,10,bbr1
0.100,28800,20,23040,36.2,37.2,20.2,104.8,4.5,368127,14736,10,10,bbr1
0.108,28800,20,23040,36.6,39.3,20.2,104.8,4.1,368127,14738,10,10,bbr1
0.112,28800,20,21600,37.2,41.5,20.2,104.8,4.3,368127,14739,10,10,bbr1
0.120,28800,20,21600,38.0,43.7,20.2,104.8,4.9,368127,14741,10,10,bbr1
0.127,28800,20,21600,39.0,45.8,20.2,104.8,5.6,368127,14743,10,10,bbr1
0.135,28800,20,21600,40.1,47.9,20.2,104.8,6.5,368127,14745,10,10,bbr1
0.140,28800,20,20160,41.3,49.8,20.2,104.8,7.3,368127,14746,10,10,bbr1
0.152,20096,13,17280,44.1,54.4,20.2,104.8,9.0,368127,14748,10,10,bbr1
0.159,22944,15,17280,45.3,53.3,20.2,104.8,9.1,490837,14750,10,10,bbr1
0.168,25792,17,20160,46.1,52.0,20.2,104.8,8.5,490837,14754,10,10,bbr1
0.174,28640,19,20160,46.7,50.9,20.2,104.8,7.6,490837,14756,10,10,bbr1
0.180,28800,20,20160,47.2,50.5,20.2,104.8,6.6,490837,14758,10,10,bbr1
0.189,28800,20,20160,47.1,46.9,20.2,104.8,5.0,490837,14761,10,10,bbr1
0.197,28800,20,20160,46.4,41.0,20.2,104.8,5.3,490837,14764,10,10,bbr1
0.212,20096,13,18720,45.6,45.0,20.2,104.8,4.1,490837,14767,10,10,bbr1
0.219,22944,15,17280,45.7,46.1,20.2,104.8,3.2,490837,14768,10,10,bbr1
0.228,25792,17,20160,45.9,47.2,20.2,104.8,2.8,490837,14772,10,10,bbr1
0.234,28640,19,20160,46.1,48.1,20.2,104.8,2.7,490837,14774,10,10,bbr1
0.240,28800,20,20160,46.5,49.2,20.2,104.8,2.7,490837,14776,10,10,bbr1
0.248,28800,20,21600,46.9,49.8,20.2,104.8,2.9,490837,14779,10,10,bbr1
0.254,28800,20,21600,47.4,50.9,20.2,104.8,3.2,490837,14781,10,10,bbr1
0.267,20096,13,18720,46.7,42.7,20.2,104.8,3.2,490837,14783,10,10,bbr1
0.274,22944,15,17280,46.7,46.8,20.2,104.8,2.4,490837,14784,10,10,bbr1
0.282,27216,18,18720,46.7,46.8,20.2,104.8,1.8,613546,14788,10,10,bbr1
0.291,28800,20,21600,46.6,46.1,20.2,104.8,1.5,613546,14792,10,10,bbr1
0.296,28800,20,20160,46.7,47.5,20.2,104.8,1.3,613546,14794,10,10,bbr1
0.303,28800,20,23040,46.7,46.1,20.2,104.8,1.2,613546,14797,10,10,bbr1
0.317,21520,14,20215,44.7,37.7,20.2,104.8,4.1,368127,14801,10,10,bbr1
0.323,24368,16,18775,44.3,41.6,20.2,104.8,3.8,368127,14802,10,10,bbr1
0.331,27216,18,20215,44.3,44.2,20.2,104.8,2.9,368127,14805,10,10,bbr1
0.339,28800,20,20215,44.6,46.3,20.2,104.8,2.7,368127,14807,10,10,bbr1
0.347,28800,20,18775,45.0,47.8,20.2,104.8,2.8,368127,14809,10,10,bbr1
0.355,28800,20,18775,45.6,50.0,20.2,104.8,3.4,368127,14811,10,10,bbr1
0.362,28800,20,18775,46.4,52.2,20.2,104.8,4.2,368127,14813,10,10,bbr1
0.366,17287,12,17280,46.6,48.0,20.2,104.8,3.5,368127,14814,10,10,bbr1
0.373,20135,13,15840,46.3,44.5,20.2,104.8,3.2,490837,14815,10,10,bbr1
0.380,22983,15,17280,46.4,46.9,20.2,104.8,2.5,453142,14818,10,10,bbr1
0.389,25831,17,18720,46.3,45.9,20.2,104.8,2.0,453142,14821,10,10,bbr1
0.395,27252,18,18720,46.2,44.9,20.2,104.8,1.9,453142,14823,10,10,bbr1
0.402,27252,18,18720,45.9,44.1,20.2,104.8,1.9,453142,14825,10,10,bbr1
0.408,27252,18,18720,45.6,43.2,20.2,104.8,2.1,453142,14827,10,10,bbr1
0.414,17898,12,17280,44.8,39.4,20.2,104.8,3.1,453142,14829,10,10,bbr1
0.424,20746,14,15840,44.5,42.7,20.2,104.8,2.9,453142,14830,10,10,bbr1
0.434,23594,16,18720,44.5,44.0,20.2,104.8,2.3,453142,14834,10,10,bbr1
0.440,26442,18,18720,44.5,44.4,20.2,104.8,1.7,453142,14836,10,10,bbr1
0.447,27252,18,18720,44.5,45.1,20.2,104.8,1.4,453142,14838,10,10,bbr1
0.453,27252,18,18720,44.6,45.3,20.2,104.8,1.3,453142,14840,10,10,bbr1
0.460,27252,18,18720,44.8,46.1,20.2,104.8,1.3,453142,14842,10,10,bbr1
0.466,17898,12,17280,44.1,39.4,20.2,104.8,2.3,566427,14844,10,10,bbr1
0.476,20746,14,15840,44.0,43.2,20.2,104.8,2.0,566427,14845,10,10,bbr1
0.484,23594,16,18720,43.9,43.4,20.2,104.8,1.7,566427,14849,10,10,bbr1
0.492,26442,18,20160,44.0,44.2,20.2,104.8,1.3,566427,14852,10,10,bbr1
0.499,27252,18,21600,44.0,44.3,20.2,104.8,1.1,566427,14855,10,10,bbr1
0.505,27252,18,21600,44.2,45.2,20.2,104.8,1.1,339856,14857,10,10,bbr1
0.519,20746,14,17280,43.4,37.7,20.2,104.8,2.3,339856,14859,10,10,bbr1
0.527,23594,16,18720,43.3,42.9,20.2,104.8,1.9,453142,14862,10,10,bbr1
0.532,26442,18,18720,43.5,44.6,20.2,104.8,1.7,453142,14864,10,10,bbr1
0.542,27252,18,20160,43.8,45.9,20.2,104.8,1.9,453142,14867,10,10,bbr1
0.548,27252,18,20160,44.3,48.1,20.2,104.8,2.5,453142,14869,10,10,bbr1
0.555,27252,18,20160,45.0,49.9,20.2,104.8,3.3,453142,14871,10,10,bbr1
0.561,27252,18,20160,45.4,48.3,20.2,104.8,3.3,453142,14873,10,10,bbr1
0.568,27252,18,20160,45.1,42.7,20.2,104.8,3.1,453142,14875,10,10,bbr1
0.580,19322,13,17280,45.2,46.0,20.2,104.8,2.0,453142,14877,10,10,bbr1
0.587,22170,15,17280,45.4,46.7,20.2,104.8,1.9,453142,14879,10,10,bbr1
0.597,25018,17,20160,45.6,46.9,20.2,104.8,1.8,453142,14883,10,10,bbr1
0.603,27252,18,20160,45.8,47.5,20.2,104.8,1.8,453142,14885,10,10,bbr1
0.610,27252,18,20160,46.1,47.8,20.2,104.8,1.9,453142,14887,10,10,bbr1
0.616,27252,18,20160,46.4,48.5,20.2,104.8,2.0,453142,14889,10,10,bbr1
0.622,27252,18,20160,46.7,48.8,20.2,104.8,2.1,453142,14891,10,10,bbr1
0.629,27252,18,20160,46.2,42.7,20.2,104.8,2.6,453142,14893,10,10,bbr1
0.642,19322,13,18720,45.8,46.6,20.2,104.8,2.3,566427,14896,10,10,bbr1
0.649,22170,15,17280,46.0,46.9,20.2,104.8,2.0,566427,14897,10,10,bbr1
0.657,25018,17,20160,46.2,47.6,20.2,104.8,1.9,566427,14901,10,10,bbr1
0.665,27252,18,21600,46.4,47.8,20.2,104.8,1.8,566427,14904,10,10,bbr1
0.674,27252,18,23040,46.7,48.5,20.2,104.8,1.9,339856,14907,10,10,bbr1
0.678,27252,18,20160,46.8,47.6,20.2,104.8,1.7,339856,14908,10,10,bbr1
0.686,27252,18,20160,46.9,48.0,20.2,104.8,1.6,339856,14910,10,10,bbr1
0.702,20746,14,15840,46.2,46.0,20.2,104.8,2.0,339856,14912,10,10,bbr1
0.710,23594,16,17280,46.3,47.6,20.2,104.8,1.9,453142,14915,10,10,bbr1
0.716,26442,18,17280,46.7,49.0,20.2,104.8,2.1,453142,14917,10,10,bbr1
0.725,27252,18,18720,47.3,51.6,20.2,104.8,2.8,453142,14920,10,10,bbr1
0.732,27252,18,18720,47.5,49.3,20.2,104.8,2.6,453142,14922,10,10,bbr1
0.738,27252,18,18720,47.6,48.2,20.2,104.8,2.1,453142,14924,10,10,bbr1
0.744,17898,12,17280,46.6,39.5,20.2,104.8,3.6,453142,14926,10,10,bbr1
0.753,20746,14,15840,46.0,41.8,20.2,104.8,3.9,453142,14927,10,10,bbr1
0.763,23594,16,18720,45.6,42.5,20.2,104.8,3.8,453142,14931,10,10,bbr1
0.769,26442,18,18720,45.2,42.7,20.2,104.8,3.6,453142,14933,10,10,bbr1
0.776,27252,18,18720,45.0,43.6,20.2,104.8,3.1,453142,14935,10,10,bbr1
0.782,27252,18,18720,44.9,43.9,20.2,104.8,2.6,453142,14937,10,10,bbr1
0.789,27252,18,18720,44.9,44.7,20.2,104.8,2.0,453142,14939,10,10,bbr1
0.794,27252,18,17280,44.2,39.2,20.2,104.8,2.9,566427,14941,10,10,bbr1
0.811,19322,13,18720,43.9,43.3,20.2,104.8,2.0,339856,14946,10,10,bbr1
0.818,22170,15,17280,43.9,44.0,20.2,104.8,1.5,339856,14947,10,10,bbr1
0.827,25018,17,18720,44.0,44.3,20.2,104.8,1.2,339856,14950,10,10,bbr1
0.835,26830,18,17280,43.9,43.3,20.2,104.8,1.1,332151,14952,10,10,bbr1
0.843,26830,18,17280,44.0,44.5,20.2,104.8,1.0,442868,14954,10,10,bbr1
0.849,26830,18,17280,44.3,46.4,20.2,104.8,1.3,442868,14956,10,10,bbr1
0.856,26830,18,17280,44.8,48.2,20.2,104.8,2.0,442868,14958,10,10,bbr1
0.862,17687,12,15840,44.3,41.2,20.2,104.8,2.4,442868,14960,10,10,bbr1
0.871,20535,14,15840,44.1,42.8,20.2,104.8,2.2,442868,14962,10,10,bbr1
0.879,23383,16,17280,43.8,41.4,20.2,104.8,2.3,442868,14965,10,10,bbr1
0.885,26231,18,17280,43.3,40.3,20.2,104.8,2.6,442868,14967,10,10,bbr1
0.895,26830,18,18720,43.0,40.7,20.2,104.8,2.6,442868,14970,10,10,bbr1
0.902,26830,18,18720,42.7,40.7,20.2,104.8,2.5,442868,14972,10,10,bbr1
0.912,19111,13,15840,42.1,39.3,20.2,104.8,2.5,442868,14974,10,10,bbr1
0.919,21959,15,17280,42.1,41.9,20.2,104.8,1.9,442868,14977,10,10,bbr1
0.929,24807,17,18720,42.2,42.5,20.2,104.8,1.5,442868,14980,10,10,bbr1
0.935,26830,18,18720,42.3,42.9,20.2,104.8,1.3,442868,14982,10,10,bbr1
0.942,26830,18,18720,42.4,43.1,20.2,104.8,1.2,442868,14984,10,10,bbr1
0.948,26830,18,18720,42.5,43.2,20.2,104.8,1.1,553585,14986,10,10,bbr1
0.964,20535,14,15840,42.2,42.8,20.2,104.8,1.4,562441,14989,10,10,bbr1
0.972,23383,16,18720,42.3,43.3,20.2,104.8,1.3,562441,14993,10,10,bbr1
0.980,26231,18,20160,42.4,43.4,20.2,104.8,1.3,562441,14996,10,10,bbr1
0.984,27121,18,20160,42.6,44.1,20.2,104.8,1.4,562441,14998,10,10,bbr1
0.992,27121,18,20160,42.7,43.1,20.2,104.8,1.1,562441,15001,10,10,bbr1
1.000,27121,18,21600,43.0,44.7,20.2,104.8,1.4,562441,15004,10,10,bbr1
1.010,27121,18,23040,42.3,37.5,20.2,104.8,2.4,337464,15007,10,10,bbr1
1.020,19256,13,18720,42.5,44.4,20.2,104.8,1.9,337464,15008,10,10,bbr1
1.027,22104,15,17280,42.9,45.7,20.2,104.8,2.2,337464,15009,10,10,bbr1
1.035,24952,17,18720,43.6,48.1,20.2,104.8,2.9,449953,15012,10,10,bbr1
1.041,27121,18,18720,44.3,49.6,20.2,104.8,3.7,449953,15014,10,10,bbr1
1.051,27121,18,20160,45.2,51.3,20.2,104.8,4.5,449953,15017,10,10,bbr1
1.057,27121,18,20160,46.2,53.0,20.2,104.8,5.3,449953,15019,10,10,bbr1
1.063,27121,18,20160,47.2,54.2,20.2,104.8,6.0,449953,15021,10,10,bbr1
1.075,19256,13,17280,46.5,42.8,20.2,104.8,4.6,449953,15023,10,10,bbr1
1.082,22104,15,17280,46.3,45.1,20.2,104.8,3.9,449953,15025,10,10,bbr1
1.092,24952,17,20160,46.3,46.0,20.2,104.8,3.0,449953,15029,10,10,bbr1
1.098,27121,18,20160,46.3,46.5,20.2,104.8,2.3,449953,15031,10,10,bbr1
1.104,27121,18,20160,46.4,46.9,20.2,104.8,1.8,449953,15033,10,10,bbr1
1.110,27121,18,20160,46.5,46.9,20.2,104.8,1.5,562441,15035,10,10,bbr1
0.006,3072,2,0,46.5,48.2,20.2,104.8,1.6,562441,15039,11,11,bbr1
0.006,5760,4,0,44.2,28.4,20.2,104.8,5.7,562441,15041,11,11,bbr1
0.032,11456,7,1440,41.6,23.6,20.2,104.8,9.4,562441,15046,11,11,bbr1
0.042,12880,8,7200,39.8,27.3,20.2,104.8,10.6,562441,15051,11,11,bbr1
0.057,17152,11,8640,37.5,21.4,20.2,104.8,12.6,562441,15055,11,11,bbr1
0.065,20000,13,11520,35.7,23.0,20.2,104.8,13.1,562441,15059,11,11,bbr1
0.073,22848,15,12960,34.4,24.9,20.2,104.8,12.5,562441,15062,11,11,bbr1
0.078,25696,17,12960,33.3,26.1,20.2,104.8,11.5,562441,15064,11,11,bbr1
0.086,27121,18,14400,31.9,22.3,20.2,104.8,11.4,562441,15067,11,11,bbr1
0.094,27121,18,15840,31.3,26.8,20.2,104.8,9.8,562441,15070,11,11,bbr1
0.101,27121,18,17280,31.0,29.1,20.2,104.8,7.9,562441,15073,11,11,bbr1
0.106,27121,18,17280,31.0,30.4,20.2,104.8,6.1,562441,15075,11,11,bbr1
0.114,27121,18,18720,31.1,32.4,20.2,104.8,4.9,562441,15078,11,11,bbr1
0.121,27121,18,20160,31.5,33.8,20.2,104.8,4.4,562441,15081,11,11,bbr1
0.127,27121,18,20160,32.0,36.1,20.2,104.8,4.4,562441,15083,11,11,bbr1
0.134,27121,18,21600,32.7,37.3,20.2,104.8,4.6,562441,15086,11,11,bbr1
0.144,27121,18,23040,33.5,39.4,20.2,104.8,5.1,337464,15089,11,11,bbr1
0.148,27121,18,21600,34.5,41.2,20.2,104.8,5.8,337464,15090,11,11,bbr1
0.156,27121,18,21600,35.5,42.9,20.2,104.8,6.4,337464,15092,11,11,bbr1
0.161,27121,18,20160,36.6,44.1,20.2,104.8,7.0,337464,15093,11,11,bbr1
0.169,27121,18,20160,37.8,46.4,20.2,104.8,7.7,337464,15095,11,11,bbr1
0.178,27121,18,20160,39.1,48.0,20.2,104.8,8.3,337464,15097,11,11,bbr1
0.182,27121,18,18720,40.4,49.7,20.2,104.8,8.9,337464,15098,11,11,bbr1
0.191,27121,18,18720,41.8,51.6,20.2,104.8,9.4,337464,15100,11,11,bbr1
0.201,19256,13,14400,44.3,51.6,20.2,104.8,9.5,449953,15101,11,11,bbr1
0.211,22104,15,17280,45.0,49.9,20.2,104.8,8.5,449953,15105,11,11,bbr1
0.217,26376,18,15840,45.1,45.6,20.2,104.8,6.6,449953,15107,11,11,bbr1
0.224,27121,18,15840,44.9,43.9,20.2,104.8,5.2,449953,15109,11,11,bbr1
0.233,27121,18,17280,44.6,42.2,20.2,104.8,4.6,449953,15112,11,11,bbr1
0.240,27121,18,15840,43.3,34.3,20.2,104.8,6.0,449953,15114,11,11,bbr1
0.254,19256,13,14400,42.1,38.1,20.2,104.8,5.5,449953,15117,11,11,bbr1
0.264,22104,15,17280,41.7,39.0,20.2,104.8,4.9,449953,15121,11,11,bbr1
0.270,24952,17,17280,41.4,39.4,20.2,104.8,4.2,562441,15123,11,11,bbr1
0.277,27121,18,18720,41.2,39.7,20.2,104.8,3.6,562441,15126,11,11,bbr1
0.283,27121,18,18720,41.1,40.4,20.2,104.8,2.9,562441,15128,11,11,bbr1
0.291,27121,18,20160,41.1,40.8,20.2,104.8,2.2,562441,15131,11,11,bbr1
0.302,19256,13,18720,40.4,39.8,20.2,104.8,2.4,337464,15134,11,11,bbr1
0.309,22104,15,17280,40.3,39.9,20.2,104.8,1.9,337464,15135,11,11,bbr1
0.318,24952,17,18720,40.5,42.0,20.2,104.8,1.8,337464,15138,11,11,bbr1
0.327,26381,18,18720,40.9,43.7,20.2,104.8,2.2,323951,15140,11,11,bbr1
0.331,26381,18,17280,41.4,45.1,20.2,104.8,2.7,323951,15141,11,11,bbr1
0.338,28165,19,14400,41.7,43.6,20.2,104.8,2.6,475379,15143,11,11,bbr1
0.347,16930,11,15840,41.6,41.0,20.2,104.8,2.1,475379,15146,11,11,bbr1
0.354,22626,15,11520,40.9,35.6,20.2,104.8,3.1,475379,15147,11,11,bbr1
0.363,26898,18,12960,39.4,29.5,20.2,104.8,5.2,475379,15151,11,11,bbr1
0.369,28165,19,12960,38.1,28.7,20.2,104.8,6.6,594223,15153,11,11,bbr1
0.378,28165,19,15840,37.0,29.3,20.2,104.8,7.1,594223,15157,11,11,bbr1
0.383,28165,19,14400,35.3,23.8,20.2,104.8,8.6,594223,15159,11,11,bbr1
0.392,28165,19,17280,34.4,27.7,20.2,104.8,8.4,594223,15163,11,11,bbr1
0.400,28165,19,17280,33.5,27.2,20.2,104.8,8.1,594223,15166,11,11,bbr1
0.404,28828,20,17280,32.6,26.3,20.2,104.8,7.9,614392,15168,11,11,bbr1
0.412,29190,20,18720,32.3,30.3,20.2,104.8,6.5,625420,15171,11,11,bbr1
0.419,29190,20,20160,32.3,32.0,20.2,104.8,4.9,625420,15174,11,11,bbr1
0.426,29190,20,21600,32.3,32.5,20.2,104.8,3.8,625420,15177,11,11,bbr1
0.432,29190,20,21600,32.4,32.8,20.2,104.8,2.9,375252,15179,11,11,bbr1
0.439,29190,20,21600,32.7,34.9,20.2,104.8,2.8,375252,15181,11,11,bbr1
0.443,29190,20,18720,33.1,36.2,20.2,104.8,3.0,375252,15182,11,11,bbr1
0.454,29190,20,20160,34.0,40.1,20.2,104.8,4.0,500336,15185,11,11,bbr1
0.459,29190,20,20160,35.0,41.9,20.2,104.8,5.0,500336,15187,11,11,bbr1
0.465,29190,20,20160,36.1,44.1,20.2,104.8,6.0,500336,15189,11,11,bbr1
0.473,29190,20,21600,37.4,46.7,20.2,104.8,7.2,625420,15192,11,11,bbr1
0.480,29190,20,23040,38.9,48.9,20.2,104.8,8.2,625420,15195,11,11,bbr1
0.487,29190,20,24480,40.0,48.2,20.2,104.8,8.5,625420,15198,11,11,bbr1
0.506,23139,16,20160,42.4,47.7,20.2,104.8,7.2,375252,15201,11,11,bbr1
0.514,27411,19,20160,43.1,47.6,20.2,104.8,6.7,375252,15204,11,11,bbr1
0.521,29190,20,20160,43.7,48.2,20.2,104.8,6.3,375252,15206,11,11,bbr1
0.529,29190,20,20160,44.6,51.0,20.2,104.8,6.5,375252,15208,11,11,bbr1
0.537,29190,20,20160,45.6,52.7,20.2,104.8,6.9,375252,15210,11,11,bbr1
0.545,29190,20,20160,46.8,55.2,20.2,104.8,7.6,375252,15212,11,11,bbr1
0.552,29190,20,20160,48.1,57.4,20.2,104.8,8.3,375252,15214,11,11,bbr1
0.556,29190,20,17280,48.1,47.9,20.2,104.8,6.3,375252,15215,11,11,bbr1
0.572,20291,14,15840,48.5,49.6,20.2,104.8,4.3,500336,15218,11,11,bbr1
0.581,23139,16,18720,48.5,48.6,20.2,104.8,3.2,500336,15222,11,11,bbr1
0.587,25987,18,18720,48.4,47.5,20.2,104.8,2.7,500336,15224,11,11,bbr1
0.595,28835,20,20160,48.2,46.5,20.2,104.8,2.5,625420,15227,11,11,bbr1
0.602,29190,20,21600,47.9,46.3,20.2,104.8,2.3,625420,15230,11,11,bbr1
0.609,29190,20,23040,47.6,45.1,20.2,104.8,2.4,625420,15233,11,11,bbr1
0.616,29190,20,23040,46.5,39.3,20.2,104.8,3.9,625420,15236,11,11,bbr1
0.638,23139,16,20160,46.0,46.0,20.2,104.8,2.3,375252,15240,11,11,bbr1
0.645,25987,18,21600,46.2,47.5,20.2,104.8,2.1,375252,15243,11,11,bbr1
0.653,28835,20,21600,46.7,50.0,20.2,104.8,2.5,375252,15245,11,11,bbr1
0.661,29190,20,21600,47.3,52.2,20.2,104.8,3.3,375252,15247,11,11,bbr1
0.668,29190,20,21600,48.2,54.4,20.2,104.8,4.2,375252,15249,11,11,bbr1
0.672,29190,20,18720,49.2,56.1,20.2,104.8,5.1,375252,15250,11,11,bbr1
0.683,29190,20,20160,50.3,58.3,20.2,104.8,6.1,500336,15253,11,11,bbr1
0.688,29190,20,18720,50.0,47.9,20.2,104.8,5.2,500336,15255,11,11,bbr1
0.704,20291,14,18720,50.0,49.3,20.2,104.8,3.1,500336,15259,11,11,bbr1
0.711,23139,16,18720,49.8,48.3,20.2,104.8,2.8,500336,15261,11,11,bbr1
0.719,25987,18,21600,49.6,48.1,20.2,104.8,2.5,625420,15265,11,11,bbr1
0.726,28835,20,23040,49.2,46.8,20.2,104.8,2.6,625420,15268,11,11,bbr1
0.733,29190,20,24480,49.0,47.3,20.2,104.8,2.4,625420,15271,11,11,bbr1
0.740,29190,20,25920,48.9,48.4,20.2,104.8,1.9,625420,15274,11,11,bbr1
0.748,29190,20,27360,48.9,49.0,20.2,104.8,1.5,375252,15277,11,11,bbr1
0.752,29190,20,24480,48.6,46.3,20.2,104.8,1.8,375252,15278,11,11,bbr1
0.776,23139,16,20160,49.0,52.9,20.2,104.8,2.5,375252,15281,11,11,bbr1
0.784,25987,18,21600,49.8,55.1,20.2,104.8,3.4,375252,15284,11,11,bbr1
0.792,28835,20,21600,50.8,57.4,20.2,104.8,4.5,375252,15286,11,11,bbr1
0.800,29190,20,21600,51.9,59.6,20.2,104.8,5.5,375252,15288,11,11,bbr1
0.807,29190,20,21600,53.1,61.9,20.2,104.8,6.7,375252,15290,11,11,bbr1
0.811,29190,20,20160,54.5,64.1,20.2,104.8,7.7,375252,15291,11,11,bbr1
0.819,29190,20,20160,55.6,63.2,20.2,104.8,8.0,375252,15293,11,11,bbr1
0.826,29190,20,20160,56.4,62.4,20.2,104.8,7.7,375252,15295,11,11,bbr1
0.834,29190,20,18720,55.7,50.5,20.2,104.8,7.3,375252,15297,11,11,bbr1
0.841,29190,20,18720,54.9,49.4,20.2,104.8,7.0,500336,15299,11,11,bbr1
0.846,29190,20,18720,54.2,49.2,20.2,104.8,6.7,500336,15301,11,11,bbr1
0.855,29190,20,20160,53.5,48.3,20.2,104.8,6.5,500336,15304,11,11,bbr1
0.867,20291,14,17280,52.0,46.6,20.2,104.8,6.3,500336,15306,11,11,bbr1
0.874,23139,16,18720,51.2,45.8,20.2,104.8,6.3,500336,15309,11,11,bbr1
0.882,25987,18,20160,50.4,44.8,20.2,104.8,6.3,500336,15312,11,11,bbr1
0.891,28835,20,21600,49.7,45.1,20.2,104.8,6.0,500336,15315,11,11,bbr1
0.896,29190,20,21600,49.3,46.2,20.2,104.8,5.4,500336,15317,11,11,bbr1
0.901,29190,20,21600,49.0,46.7,20.2,104.8,4.7,500336,15319,11,11,bbr1
0.910,29190,20,23040,48.8,47.9,20.2,104.8,3.8,625420,15322,11,11,bbr1
0.917,29190,20,24480,48.0,42.7,20.2,104.8,4.4,625420,15325,11,11,bbr1
0.935,23139,16,20160,48.0,49.0,20.2,104.8,2.5,353453,15328,11,11,bbr1
0.944,25987,18,21600,48.2,50.0,20.2,104.8,2.3,353453,15331,11,11,bbr1
0.952,27996,19,21600,48.6,51.0,20.2,104.8,2.4,353453,15333,11,11,bbr1
0.956,27996,19,20160,49.1,52.6,20.2,104.8,2.8,353453,15334,11,11,bbr1
0.964,27996,19,20160,49.6,53.2,20.2,104.8,3.2,353453,15336,11,11,bbr1
0.972,27996,19,20160,50.4,55.6,20.2,104.8,3.9,353453,15338,11,11,bbr1
0.980,27996,19,20160,51.3,57.8,20.2,104.8,4.8,353453,15340,11,11,bbr1
0.984,27996,19,18720,52.4,60.4,20.2,104.8,5.9,353453,15341,11,11,bbr1
0.993,18270,12,17280,52.2,50.5,20.2,104.8,4.9,344550,15343,11,11,bbr1
0.999,21118,14,15840,51.8,49.3,20.2,104.8,4.4,459401,15344,11,11,bbr1
1.009,23966,16,18720,51.3,47.9,20.2,104.8,4.3,459401,15348,11,11,bbr1
1.014,26814,18,18720,50.8,46.8,20.2,104.8,4.3,459401,15350,11,11,bbr1
1.021,27509,19,18720,50.1,45.5,20.2,104.8,4.6,459401,15352,11,11,bbr1
1.027,27509,19,18720,49.3,43.9,20.2,104.8,5.0,459401,15354,11,11,bbr1
1.033,27509,19,18720,48.5,42.7,20.2,104.8,5.4,459401,15356,11,11,bbr1
1.043,27509,19,20160,47.3,39.2,20.2,104.8,6.4,459401,15359,11,11,bbr1
1.054,19450,13,17280,46.3,43.1,20.2,104.8,5.3,574251,15361,11,11,bbr1
1.060,22298,15,17280,46.0,44.0,20.2,104.8,4.6,574251,15363,11,11,bbr1
1.068,25146,17,20160,45.8,44.1,20.2,104.8,3.9,574251,15367,11,11,bbr1
0.006,3072,2,0,45.9,48.5,20.2,104.8,2.5,574042,15369,12,12,bbr1
0.007,5760,4,0,43.7,28.0,20.2,104.8,6.4,574042,15371,12,12,bbr1
0.034,11456,7,1440,41.4,25.1,20.2,104.8,9.4,574042,15376,12,12,bbr1
0.047,12880,8,8640,39.9,29.5,20.2,104.8,10.0,574042,15382,12,12,bbr1
0.060,17152,11,8640,37.6,21.4,20.2,104.8,12.2,574042,15385,12,12,bbr1
0.068,20000,13,11520,35.8,23.2,20.2,104.8,12.7,574042,15389,12,12,bbr1
0.075,22848,15,12960,34.4,25.0,20.2,104.8,12.2,574042,15392,12,12,bbr1
0.083,25696,17,14400,33.5,26.9,20.2,104.8,11.1,574042,15395,12,12,bbr1
0.088,27502,19,14400,32.1,22.1,20.2,104.8,11.1,574042,15397,12,12,bbr1
0.095,27502,19,15840,31.5,27.4,20.2,104.8,9.5,574042,15400,12,12,bbr1
0.103,27502,19,17280,31.2,29.2,20.2,104.8,7.7,574042,15403,12,12,bbr1
0.110,27502,19,18720,31.2,31.1,20.2,104.8,5.8,574042,15406,12,12,bbr1
0.115,27502,19,18720,31.4,32.9,20.2,104.8,4.8,574042,15408,12,12,bbr1
0.123,27502,19,20160,31.8,34.7,20.2,104.8,4.4,574042,15411,12,12,bbr1
0.132,26751,18,21600,32.4,36.5,20.2,104.8,4.5,330704,15414,12,12,bbr1
0.136,26751,18,20160,33.1,38.2,20.2,104.8,4.8,330704,15415,12,12,bbr1
0.145,26751,18,20160,34.0,40.2,20.2,104.8,5.4,330704,15417,12,12,bbr1
0.150,26751,18,18720,35.0,41.9,20.2,104.8,6.0,330704,15418,12,12,bbr1
0.158,26751,18,18720,36.1,43.8,20.2,104.8,6.7,330704,15420,12,12,bbr1
0.163,26751,18,17280,37.3,45.7,20.2,104.8,7.4,330704,15421,12,12,bbr1
0.171,26751,18,17280,38.6,47.6,20.2,104.8,8.1,440939,15423,12,12,bbr1
0.177,26751,18,17280,39.9,49.4,20.2,104.8,8.8,440939,15425,12,12,bbr1
0.183,26751,18,17280,41.1,49.0,20.2,104.8,8.9,440939,15427,12,12,bbr1
0.193,26751,18,18720,41.8,47.4,20.2,104.8,8.2,440939,15430,12,12,bbr1
0.204,19071,13,15840,42.4,43.7,20.2,104.8,5.6,551173,15432,12,12,bbr1
0.210,21919,15,17280,42.4,41.9,20.2,104.8,4.4,551173,15435,12,12,bbr1
0.219,26191,18,18720,42.1,40.6,20.2,104.8,3.7,551173,15439,12,12,bbr1
0.227,26751,18,20160,42.0,41.0,20.2,104.8,3.1,551173,15442,12,12,bbr1
0.237,26751,18,21600,41.9,41.3,20.2,104.8,2.5,330704,15445,12,12,bbr1
0.242,26751,18,20160,41.9,41.5,20.2,104.8,2.0,330704,15446,12,12,bbr1
0.253,19071,13,17280,41.3,41.0,20.2,104.8,2.0,330704,15448,12,12,bbr1
0.260,21919,15,17280,41.7,44.3,20.2,104.8,2.2,440939,15450,12,12,bbr1
0.267,24767,17,18720,42.2,45.8,20.2,104.8,2.7,440939,15453,12,12,bbr1
0.277,26751,18,20160,42.8,47.1,20.2,104.8,3.3,440939,15456,12,12,bbr1
0.284,26751,18,20160,43.5,48.7,20.2,104.8,3.9,440939,15458,12,12,bbr1
0.291,26751,18,20160,44.2,48.9,20.2,104.8,4.3,440939,15460,12,12,bbr1
0.297,26751,18,20160,44.5,46.7,20.2,104.8,3.8,440939,15462,12,12,bbr1
0.308,19071,13,17280,44.7,45.7,20.2,104.8,2.5,551173,15464,12,12,bbr1
0.315,21919,15,17280,44.7,44.3,20.2,104.8,2.0,551173,15466,12,12,bbr1
0.320,24767,17,18720,44.6,44.5,20.2,104.8,1.5,551173,15469,12,12,bbr1
0.328,26191,18,21600,44.6,44.7,20.2,104.8,1.2,551173,15472,12,12,bbr1
0.335,26751,18,18720,44.2,41.4,20.2,104.8,1.7,330704,15474,12,12,bbr1
0.344,26751,18,18720,44.0,42.2,20.2,104.8,1.8,330704,15476,12,12,bbr1
0.352,17647,12,17280,43.4,39.4,20.2,104.8,2.5,330704,15478,12,12,bbr1
0.360,20495,14,15840,42.9,39.4,20.2,104.8,2.8,440939,15479,12,12,bbr1
0.369,23343,16,18720,43.1,44.3,20.2,104.8,2.5,440939,15483,12,12,bbr1
0.376,27003,18,17280,43.3,45.0,20.2,104.8,2.3,447078,15485,12,12,bbr1
0.383,27003,18,17280,43.5,44.8,20.2,104.8,2.1,447078,15487,12,12,bbr1
0.389,27003,18,17280,43.5,43.1,20.2,104.8,1.7,447078,15489,12,12,bbr1
0.398,27003,18,18720,43.2,41.2,20.2,104.8,1.8,447078,15492,12,12,bbr1
0.405,27003,18,18720,42.5,37.5,20.2,104.8,2.8,447078,15494,12,12,bbr1
0.416,19197,13,15840,42.2,41.6,20.2,104.8,2.0,558847,15496,12,12,bbr1
0.423,22045,15,17280,42.0,40.2,20.2,104.8,2.0,558847,15499,12,12,bbr1
0.432,24893,17,20160,42.0,42.0,20.2,104.8,1.5,558847,15503,12,12,bbr1
0.439,27003,18,20160,42.1,42.9,20.2,104.8,1.3,335308,15505,12,12,bbr1
0.447,27003,18,20160,42.2,43.0,20.2,104.8,1.2,335308,15507,12,12,bbr1
0.451,27003,18,18720,42.3,43.1,20.2,104.8,1.2,335308,15508,12,12,bbr1
0.460,17773,12,17280,41.9,39.3,20.2,104.8,1.6,335308,15510,12,12,bbr1
0.467,20621,14,15840,42.0,42.7,20.2,104.8,1.4,447078,15511,12,12,bbr1
0.477,23469,16,18720,42.6,46.1,20.2,104.8,2.1,447078,15515,12,12,bbr1
0.483,26317,18,18720,43.2,47.5,20.2,104.8,2.8,447078,15517,12,12,bbr1
0.490,27003,18,18720,43.7,47.4,20.2,104.8,3.2,447078,15519,12,12,bbr1
0.497,27003,18,18720,43.9,45.5,20.2,104.8,2.8,447078,15521,12,12,bbr1
0.503,27003,18,18720,44.0,44.3,20.2,104.8,2.2,447078,15523,12,12,bbr1
0.508,17773,12,17280,43.4,39.4,20.2,104.8,2.8,558847,15525,12,12,bbr1
0.519,20621,14,15840,43.4,43.2,20.2,104.8,2.1,558847,15526,12,12,bbr1
0.527,23469,16,18720,43.4,43.4,20.2,104.8,1.6,558847,15530,12,12,bbr1
0.534,27003,18,18720,43.2,42.3,20.2,104.8,1.5,558847,15533,12,12,bbr1
0.542,27003,18,20160,43.1,42.4,20.2,104.8,1.3,558847,15536,12,12,bbr1
0.552,27003,18,21600,43.1,43.2,20.2,104.8,1.0,335308,15539,12,12,bbr1
0.556,27003,18,20160,43.3,44.3,20.2,104.8,1.0,335308,15540,12,12,bbr1
0.568,19197,13,17280,42.5,42.1,20.2,104.8,1.8,335308,15542,12,12,bbr1
0.575,22045,15,17280,42.7,44.4,20.2,104.8,1.8,447078,15544,12,12,bbr1
0.585,24893,17,20160,43.1,45.8,20.2,104.8,2.1,447078,15548,12,12,bbr1
0.591,27003,18,20160,43.6,47.2,20.2,104.8,2.6,447078,15550,12,12,bbr1
0.598,27003,18,20160,44.4,49.5,20.2,104.8,3.4,447078,15552,12,12,bbr1
0.605,27003,18,20160,44.9,49.0,20.2,104.8,3.7,447078,15554,12,12,bbr1
0.611,27003,18,20160,45.3,47.6,20.2,104.8,3.5,447078,15556,12,12,bbr1
0.617,27003,18,20160,45.4,46.2,20.2,104.8,2.8,447078,15558,12,12,bbr1
0.630,19197,13,17280,45.2,46.6,20.2,104.8,2.5,447078,15560,12,12,bbr1
0.637,22045,15,17280,45.4,46.7,20.2,104.8,2.2,447078,15562,12,12,bbr1
0.647,24893,17,20160,45.7,47.3,20.2,104.8,2.1,447078,15566,12,12,bbr1
0.653,27003,18,20160,45.9,47.8,20.2,104.8,2.2,558847,15568,12,12,bbr1
0.657,27003,18,20160,46.2,47.7,20.2,104.8,2.1,558847,15570,12,12,bbr1
0.665,27003,18,21600,46.5,48.7,20.2,104.8,2.2,558847,15573,12,12,bbr1
0.674,27003,18,23040,46.8,48.9,20.2,104.8,2.2,335308,15576,12,12,bbr1
0.679,27003,18,21600,46.3,42.7,20.2,104.8,2.7,335308,15577,12,12,bbr1
0.692,19197,13,18720,45.9,46.6,20.2,104.8,2.4,335308,15579,12,12,bbr1
0.697,22045,15,17280,45.8,45.1,20.2,104.8,2.0,335308,15580,12,12,bbr1
0.705,24893,17,18720,46.0,46.9,20.2,104.8,1.7,447078,15583,12,12,bbr1
0.711,27003,18,18720,46.2,48.1,20.2,104.8,1.8,447078,15585,12,12,bbr1
0.717,27003,18,18720,46.7,50.1,20.2,104.8,2.4,447078,15587,12,12,bbr1
0.727,27003,18,20160,47.4,52.1,20.2,104.8,3.1,447078,15590,12,12,bbr1
0.733,27003,18,20160,47.7,50.2,20.2,104.8,3.0,447078,15592,12,12,bbr1
0.745,19197,13,17280,46.7,42.6,20.2,104.8,3.5,447078,15594,12,12,bbr1
0.752,22045,15,17280,46.5,45.2,20.2,104.8,3.0,447078,15596,12,12,bbr1
0.761,24893,17,20160,46.4,45.7,20.2,104.8,2.5,447078,15600,12,12,bbr1
0.768,27003,18,20160,46.4,46.2,20.2,104.8,1.9,447078,15602,12,12,bbr1
0.774,27003,18,20160,46.4,46.6,20.2,104.8,1.5,447078,15604,12,12,bbr1
0.781,27003,18,20160,46.5,46.8,20.2,104.8,1.2,447078,15606,12,12,bbr1
0.787,27003,18,20160,46.6,47.4,20.2,104.8,1.1,558847,15608,12,12,bbr1
0.795,27003,18,21600,46.1,42.8,20.2,104.8,1.8,558847,15611,12,12,bbr1
0.813,22045,15,17280,45.9,46.8,20.2,104.8,1.6,335308,15614,12,12,bbr1
0.822,24893,17,18720,46.0,46.8,20.2,104.8,1.4,335308,15617,12,12,bbr1
0.830,27003,18,18720,46.2,47.6,20.2,104.8,1.5,335308,15619,12,12,bbr1
0.835,27003,18,17280,46.4,47.8,20.2,104.8,1.5,335308,15620,12,12,bbr1
0.843,27003,18,17280,46.8,49.7,20.2,104.8,2.0,447078,15622,12,12,bbr1
0.849,26323,18,17280,47.4,51.2,20.2,104.8,2.5,430532,15624,12,12,bbr1
0.855,17433,12,15840,46.6,41.0,20.2,104.8,3.5,430532,15626,12,12,bbr1
0.862,18857,13,17280,45.9,41.1,20.2,104.8,4.0,430532,15628,12,12,bbr1
0.869,21705,15,17280,45.4,42.3,20.2,104.8,3.9,430532,15630,12,12,bbr1
0.875,24553,17,17280,44.9,41.0,20.2,104.8,4.0,430532,15632,12,12,bbr1
0.882,26323,18,17280,44.2,39.2,20.2,104.8,4.4,430532,15634,12,12,bbr1
0.889,26323,18,17280,43.6,39.2,20.2,104.8,4.6,430532,15636,12,12,bbr1
0.896,26323,18,17280,43.1,39.8,20.2,104.8,4.4,430532,15638,12,12,bbr1
0.907,18857,13,14400,42.4,39.9,20.2,104.8,3.6,430532,15640,12,12,bbr1
0.917,21705,15,17280,42.1,39.9,20.2,104.8,3.4,430532,15644,12,12,bbr1
0.924,24553,17,17280,41.9,40.4,20.2,104.8,2.9,430532,15646,12,12,bbr1
0.931,26323,18,17280,41.7,40.6,20.2,104.8,2.5,430532,15648,12,12,bbr1
0.938,26323,18,17280,41.6,40.7,20.2,104.8,2.2,430532,15650,12,12,bbr1
0.945,26323,18,17280,41.5,40.9,20.2,104.8,1.8,430532,15652,12,12,bbr1
0.950,26323,18,17280,40.8,36.0,20.2,104.8,2.7,538165,15654,12,12,bbr1
0.962,18857,13,14400,40.5,39.8,20.2,104.8,2.0,538165,15656,12,12,bbr1
0.970,21705,15,17280,40.2,38.1,20.2,104.8,2.1,538165,15660,12,12,bbr1
0.006,26415,18,0,39.8,39.5,20.2,104.8,1.3,540970,15663,12,12,bbr1
0.012,26415,18,0,38.4,28.6,20.2,104.8,3.7,540970,15665,12,12,bbr1
0.042,26415,18,14400,36.7,25.0,20.2,104.8,6.2,540970,15679,12,12,bbr1
0.050,26415,18,15840,35.9,29.9,20.2,104.8,6.3,540970,15682,12,12,bbr1
0.058,26415,18,17280,35.3,31.4,20.2,104.8,5.8,540970,15685,12,12,bbr1
0.066,26415,18,18720,35.0,33.1,20.2,104.8,4.9,540970,15688,12,12,bbr1
0.071,26415,18,18720,35.0,34.5,20.2,104.8,3.9,540970,15690,12,12,bbr1
0.079,26415,18,20160,35.1,36.0,20.2,104.8,3.2,540970,15693,12,12,bbr1
0.086,26415,18,20160,35.4,37.3,20.2,104.8,2.9,324582,15695,12,12,bbr1
0.091,26415,18,18720,35.8,39.0,20.2,104.8,3.1,324582,15696,12,12,bbr1
0.099,26415,18,18720,36.4,40.5,20.2,104.8,3.5,324582,15698,12,12,bbr1
0.108,26415,18,18720,37.1,41.8,20.2,104.8,4.0,324582,15700,12,12,bbr1
0.113,26415,18,17280,37.9,43.6,20.2,104.8,4.6,324582,15701,12,12,bbr1
0.121,26415,18,17280,38.8,45.2,20.2,104.8,5.3,432776,15703,12,12,bbr1
0.127,26415,18,17280,39.8,46.9,20.2,104.8,6.0,432776,15705,12,12,bbr1
0.134,26415,18,17280,40.8,47.7,20.2,104.8,6.5,432776,15707,12,12,bbr1
0.141,26415,18,17280,41.5,46.2,20.2,104.8,6.2,432776,15709,12,12,bbr1
0.148,26415,18,17280,41.8,44.2,20.2,104.8,5.3,432776,15711,12,12,bbr1
0.159,18903,13,14400,41.6,40.1,20.2,104.8,3.5,432776,15713,12,12,bbr1
0.166,21751,15,15840,41.5,40.2,20.2,104.8,3.0,432776,15716,12,12,bbr1
0.173,24599,17,15840,41.4,40.7,20.2,104.8,2.4,432776,15718,12,12,bbr1
0.183,26415,18,17280,41.3,40.9,20.2,104.8,1.9,432776,15721,12,12,bbr1
0.190,26415,18,17280,41.3,40.9,20.2,104.8,1.6,432776,15723,12,12,bbr1
0.196,26415,18,15840,40.3,33.8,20.2,104.8,3.0,432776,15725,12,12,bbr1
0.200,26415,18,15840,39.5,33.9,20.2,104.8,3.9,432776,15726,12,12,bbr1
0.206,16055,11,15840,39.2,37.3,20.2,104.8,3.5,432776,15728,12,12,bbr1
0.212,18903,13,14400,39.0,37.2,20.2,104.8,3.1,432776,15729,12,12,bbr1
0.219,21751,15,15840,38.8,37.6,20.2,104.8,2.7,432776,15732,12,12,bbr1
0.226,24599,17,15840,38.7,37.8,20.2,104.8,2.3,432776,15734,12,12,bbr1
0.233,26415,18,15840,38.6,38.0,20.2,104.8,1.9,540970,15736,12,12,bbr1
0.240,26415,18,17280,38.6,38.2,20.2,104.8,1.5,540970,15739,12,12,bbr1
0.253,18903,13,15840,38.5,38.8,20.2,104.8,1.0,540970,15742,12,12,bbr1
0.260,21751,15,17280,38.6,39.1,20.2,104.8,0.9,540970,15745,12,12,bbr1
0.269,24599,17,20160,38.7,39.4,20.2,104.8,0.8,540970,15749,12,12,bbr1
0.276,26415,18,20160,38.8,39.5,20.2,104.8,0.8,324582,15751,12,12,bbr1
0.281,26415,18,18720,39.2,41.7,20.2,104.8,1.3,324582,15752,12,12,bbr1
0.290,26415,18,18720,39.6,42.7,20.2,104.8,1.9,324582,15754,12,12,bbr1
0.298,17479,12,17280,39.6,39.3,20.2,104.8,1.5,337793,15756,12,12,bbr1
0.305,20327,14,15840,39.9,42.5,20.2,104.8,1.8,450391,15757,12,12,bbr1
0.314,23175,16,18720,40.6,45.6,20.2,104.8,2.8,450391,15761,12,12,bbr1
0.321,26023,18,18720,41.5,47.2,20.2,104.8,3.7,450391,15763,12,12,bbr1
0.327,27139,18,18720,42.1,46.9,20.2,104.8,4.2,450391,15765,12,12,bbr1
0.334,27139,18,18720,42.5,44.9,20.2,104.8,3.8,450391,15767,12,12,bbr1
0.340,27139,18,18720,42.5,42.9,20.2,104.8,3.0,450391,15769,12,12,bbr1
0.353,20689,14,14400,42.0,41.2,20.2,104.8,2.5,450391,15771,12,12,bbr1
0.362,23537,16,17280,42.0,41.7,20.2,104.8,2.0,450391,15775,12,12,bbr1
0.369,26385,18,17280,41.9,41.6,20.2,104.8,1.6,450391,15777,12,12,bbr1
0.375,27139,18,17280,42.0,42.5,20.2,104.8,1.3,450391,15779,12,12,bbr1
0.385,27139,18,18720,42.1,42.7,20.2,104.8,1.2,450391,15782,12,12,bbr1
0.391,27139,18,18720,42.3,43.5,20.2,104.8,1.2,450391,15784,12,12,bbr1
0.397,27139,18,18720,41.7,37.6,20.2,104.8,2.1,450391,15786,12,12,bbr1
0.409,19265,13,15840,41.7,41.9,20.2,104.8,1.3,562988,15788,12,12,bbr1
0.416,22113,15,17280,41.7,42.0,20.2,104.8,1.0,562988,15791,12,12,bbr1
0.425,24961,17,20160,41.9,42.8,20.2,104.8,1.1,562988,15795,12,12,bbr1
0.432,27139,18,21600,42.0,43.3,20.2,104.8,1.2,562988,15798,12,12,bbr1
0.439,27139,18,21600,42.3,43.8,20.2,104.8,1.3,337793,15800,12,12,bbr1
0.448,27139,18,21600,42.5,44.5,20.2,104.8,1.5,337793,15802,12,12,bbr1
0.452,27139,18,18720,42.2,39.6,20.2,104.8,1.9,337793,15803,12,12,bbr1
0.468,19265,13,17280,42.8,46.5,20.2,104.8,2.3,337793,15806,12,12,bbr1
0.474,22113,15,17280,43.2,45.8,20.2,104.8,2.5,450391,15808,12,12,bbr1
0.481,24961,17,18720,44.0,49.8,20.2,104.8,3.5,450391,15811,12,12,bbr1
0.488,27139,18,18720,44.9,51.5,20.2,104.8,4.5,450391,15813,12,12,bbr1
0.498,27139,18,20160,45.5,49.6,20.2,104.8,4.5,450391,15816,12,12,bbr1
0.504,27139,18,20160,45.8,48.1,20.2,104.8,4.0,450391,15818,12,12,bbr1
0.510,27139,18,20160,45.9,46.3,20.2,104.8,3.1,450391,15820,12,12,bbr1
0.524,20689,14,15840,45.0,43.4,20.2,104.8,3.2,450391,15822,12,12,bbr1
0.534,23537,16,18720,44.9,44.2,20.2,104.8,2.6,450391,15826,12,12,bbr1
0.540,26385,18,18720,44.9,44.8,20.2,104.8,2.0,450391,15828,12,12,bbr1
0.546,27139,18,18720,44.9,44.8,20.2,104.8,1.5,450391,15830,12,12,bbr1
0.553,27139,18,18720,45.0,45.5,20.2,104.8,1.3,450391,15832,12,12,bbr1
0.559,27139,18,18720,45.1,45.8,20.2,104.8,1.2,450391,15834,12,12,bbr1
0.566,17841,12,17280,44.4,39.3,20.2,104.8,2.3,450391,15836,12,12,bbr1
0.575,20689,14,15840,44.2,43.2,20.2,104.8,2.0,450391,15837,12,12,bbr1
0.585,23537,16,18720,44.1,43.2,20.2,104.8,1.8,450391,15841,12,12,bbr1
0.591,26385,18,18720,44.1,44.0,20.2,104.8,1.3,562988,15843,12,12,bbr1
0.596,27139,18,18720,44.1,44.4,20.2,104.8,1.1,562988,15845,12,12,bbr1
0.604,27139,18,20160,44.2,44.5,20.2,104.8,0.9,562988,15848,12,12,bbr1
0.611,27139,18,21600,44.3,45.2,20.2,104.8,0.9,562988,15851,12,12,bbr1
0.626,20689,14,18720,43.6,43.2,20.2,104.8,1.6,337793,15854,12,12,bbr1
0.633,23537,16,18720,43.6,43.4,20.2,104.8,1.2,337793,15856,12,12,bbr1
0.644,26385,18,20160,43.8,45.4,20.2,104.8,1.4,337793,15859,12,12,bbr1
0.648,27139,18,18720,44.2,47.2,20.2,104.8,1.9,337793,15860,12,12,bbr1
0.656,27139,18,18720,44.8,48.6,20.2,104.8,2.5,337793,15862,12,12,bbr1
0.661,27139,18,17280,45.4,50.0,20.2,104.8,3.2,337793,15863,12,12,bbr1
0.669,27139,18,17280,46.2,52.0,20.2,104.8,4.0,450391,15865,12,12,bbr1
0.675,27139,18,15840,46.2,46.1,20.2,104.8,3.0,450391,15867,12,12,bbr1
0.690,19265,13,14400,46.0,44.5,20.2,104.8,2.2,450391,15870,12,12,bbr1
0.700,22113,15,17280,45.5,42.7,20.2,104.8,2.5,450391,15874,12,12,bbr1
0.706,24961,17,17280,45.0,41.0,20.2,104.8,3.0,450391,15876,12,12,bbr1
0.712,27139,18,17280,44.4,39.9,20.2,104.8,3.5,450391,15878,12,12,bbr1
0.719,27139,18,17280,43.9,40.7,20.2,104.8,3.5,450391,15880,12,12,bbr1
0.725,27139,18,17280,43.6,41.3,20.2,104.8,3.3,450391,15882,12,12,bbr1
0.731,27139,18,17280,42.6,35.9,20.2,104.8,4.4,450391,15884,12,12,bbr1
0.745,19265,13,14400,41.9,39.8,20.2,104.8,3.6,450391,15886,12,12,bbr1
0.754,22113,15,17280,41.8,40.7,20.2,104.8,3.0,450391,15890,12,12,bbr1
0.761,24961,17,17280,41.7,41.0,20.2,104.8,2.5,450391,15892,12,12,bbr1
0.767,26849,18,17280,41.6,41.0,20.2,104.8,2.0,443337,15894,12,12,bbr1
0.774,26849,18,17280,41.6,41.9,20.2,104.8,1.6,443337,15896,12,12,bbr1
0.780,26849,18,17280,41.7,42.4,20.2,104.8,1.4,554171,15898,12,12,bbr1
0.788,26849,18,18720,41.0,35.8,20.2,104.8,2.5,554171,15901,12,12,bbr1
0.799,19120,13,15840,40.7,39.9,20.2,104.8,1.9,554171,15903,12,12,bbr1
0.806,21968,15,17280,40.7,40.6,20.2,104.8,1.5,554171,15906,12,12,bbr1
0.815,24816,17,20160,40.7,41.0,20.2,104.8,1.2,554171,15910,12,12,bbr1
0.822,26849,18,20160,40.8,41.1,20.2,104.8,1.0,332502,15912,12,12,bbr1
0.831,26849,18,20160,41.1,43.0,20.2,104.8,1.3,332502,15914,12,12,bbr1
0.835,26902,18,17280,41.4,43.7,20.2,104.8,1.6,333465,15915,12,12,bbr1
0.850,19147,13,14400,41.0,41.3,20.2,104.8,1.7,444620,15917,12,12,bbr1
0.856,21995,15,15840,41.4,44.5,20.2,104.8,2.1,444620,15920,12,12,bbr1
0.863,24843,17,15840,41.9,45.6,20.2,104.8,2.6,444620,15922,12,12,bbr1
0.873,26902,18,17280,42.4,45.5,20.2,104.8,2.9,444620,15925,12,12,bbr1
0.879,26902,18,17280,42.5,43.5,20.2,104.8,2.4,444620,15927,12,12,bbr1
0.885,26902,18,17280,42.4,41.9,20.2,104.8,2.0,444620,15929,12,12,bbr1
0.892,26902,18,17280,41.5,35.2,20.2,104.8,3.3,444620,15931,12,12,bbr1
0.904,19147,13,14400,41.0,39.3,20.2,104.8,2.8,444620,15933,12,12,bbr1
0.914,21995,15,17280,40.8,39.6,20.2,104.8,2.4,444620,15937,12,12,bbr1
0.920,24843,17,17280,40.7,39.9,20.2,104.8,2.1,444620,15939,12,12,bbr1
0.926,26902,18,17280,40.6,40.0,20.2,104.8,1.7,444620,15941,12,12,bbr1
0.933,26902,18,17280,40.6,40.8,20.2,104.8,1.3,444620,15943,12,12,bbr1
0.939,26902,18,17280,40.7,41.0,20.2,104.8,1.1,555775,15945,12,12,bbr1
0.947,26902,18,18720,40.1,35.9,20.2,104.8,2.0,555775,15948,12,12,bbr1
0.958,19147,13,15840,40.0,39.9,20.2,104.8,1.2,555775,15950,12,12,bbr1
0.965,21995,15,17280,40.0,39.9,20.2,104.8,1.0,555775,15953,12,12,bbr1
0.007,3072,2,0,40.6,41.0,20.2,104.8,1.7,557190,15955,13,13,bbr1
0.006,5760,4,0,39.2,29.4,20.2,104.8,4.1,557190,15957,13,13,bbr1
0.033,11456,7,1440,37.4,25.3,20.2,104.8,6.5,557190,15962,13,13,bbr1
0.043,12880,8,7200,36.4,28.9,20.2,104.8,7.0,557190,15967,13,13,bbr1
0.059,17152,11,8640,34.5,21.2,20.2,104.8,9.1,557190,15971,13,13,bbr1
0.067,20000,13,11520,33.0,22.9,20.2,104.8,9.7,557190,15975,13,13,bbr1
0.074,22848,15,12960,31.9,24.0,20.2,104.8,9.5,557190,15978,13,13,bbr1
0.079,25696,17,12960,31.2,26.3,20.2,104.8,8.5,557190,15980,13,13,bbr1
0.087,26948,18,14400,30.1,22.3,20.2,104.8,8.6,557190,15983,13,13,bbr1
0.093,26948,18,14400,29.7,26.8,20.2,104.8,7.3,557190,15985,13,13,bbr1
0.100,26948,18,15840,29.6,29.0,20.2,104.8,5.7,557190,15988,13,13,bbr1
0.108,26948,18,17280,29.7,30.4,20.2,104.8,4.4,557190,15991,13,13,bbr1
0.116,26948,18,18720,30.0,32.2,20.2,104.8,4.0,557190,15994,13,13,bbr1
0.121,26948,18,18720,30.5,33.9,20.2,104.8,4.0,557190,15996,13,13,bbr1
0.129,26948,18,20160,31.1,35.6,20.2,104.8,4.2,557190,15999,13,13,bbr1
0.135,26948,18,20160,31.9,37.2,20.2,104.8,4.7,334314,16001,13,13,bbr1
0.144,26948,18,20160,32.8,38.9,20.2,104.8,5.3,334314,16003,13,13,bbr1
0.149,26948,18,18720,33.7,40.6,20.2,104.8,5.9,334314,16004,13,13,bbr1
0.157,26948,18,18720,34.8,41.8,20.2,104.8,6.5,334314,16006,13,13,bbr1
0.161,26948,18,17280,35.9,44.0,20.2,104.8,7.1,334314,16007,13,13,bbr1
0.169,26948,18,17280,37.1,45.7,20.2,104.8,7.8,445752,16009,13,13,bbr1
0.175,26948,18,17280,38.4,47.3,20.2,104.8,8.4,445752,16011,13,13,bbr1
0.185,26948,18,18720,39.7,49.1,20.2,104.8,9.0,445752,16014,13,13,bbr1
0.191,26948,18,18720,40.7,47.3,20.2,104.8,8.6,445752,16016,13,13,bbr1
0.203,19170,13,15840,41.6,43.8,20.2,104.8,6.3,445752,16018,13,13,bbr1
0.209,22018,15,17280,41.6,42.0,20.2,104.8,4.9,445752,16021,13,13,bbr1
0.219,26290,18,17280,41.5,40.9,20.2,104.8,3.8,445752,16024,13,13,bbr1
0.225,26948,18,17280,41.5,41.3,20.2,104.8,2.9,445752,16026,13,13,bbr1
0.235,26948,18,18720,41.5,41.8,20.2,104.8,2.3,445752,16029,13,13,bbr1
0.241,26948,18,18720,41.6,42.0,20.2,104.8,1.8,445752,16031,13,13,bbr1
0.248,26948,18,18720,41.1,37.6,20.2,104.8,2.4,445752,16033,13,13,bbr1
0.259,19170,13,15840,41.1,41.4,20.2,104.8,1.4,445752,16035,13,13,bbr1
0.266,22018,15,17280,41.2,42.1,20.2,104.8,1.3,445752,16038,13,13,bbr1
0.275,24866,17,18720,41.4,42.5,20.2,104.8,1.3,445752,16041,13,13,bbr1
0.281,26948,18,18720,41.6,42.8,20.2,104.8,1.3,557190,16043,13,13,bbr1
0.289,26948,18,20160,41.8,43.1,20.2,104.8,1.4,557190,16046,13,13,bbr1
0.294,26948,18,20160,42.0,43.7,20.2,104.8,1.5,557190,16048,13,13,bbr1
0.309,20594,14,17280,41.6,41.1,20.2,104.8,1.5,334314,16051,13,13,bbr1
0.318,23442,16,18720,41.9,43.5,20.2,104.8,1.6,334314,16054,13,13,bbr1
0.326,26948,18,17280,41.6,39.6,20.2,104.8,1.7,334314,16056,13,13,bbr1
0.334,26948,18,17280,41.5,41.2,20.2,104.8,1.4,445752,16058,13,13,bbr1
0.340,26948,18,17280,41.9,44.2,20.2,104.8,1.7,445752,16060,13,13,bbr1
0.347,26948,18,17280,42.4,46.4,20.2,104.8,2.4,445752,16062,13,13,bbr1
0.353,17746,12,15840,42.3,41.1,20.2,104.8,2.1,465131,16064,13,13,bbr1
0.362,20594,14,15840,42.3,42.3,20.2,104.8,1.6,465131,16066,13,13,bbr1
0.372,24866,17,17280,41.7,37.8,20.2,104.8,2.3,465131,16070,13,13,bbr1
0.377,27714,19,17280,41.3,38.2,20.2,104.8,2.6,465131,16072,13,13,bbr1
0.387,27744,19,18720,41.0,39.0,20.2,104.8,2.5,465131,16075,13,13,bbr1
0.393,27744,19,18720,40.8,39.3,20.2,104.8,2.3,465131,16077,13,13,bbr1
0.404,19568,13,15840,40.7,40.8,20.2,104.8,1.5,465131,16079,13,13,bbr1
0.411,22416,15,17280,40.8,41.3,20.2,104.8,1.3,465131,16082,13,13,bbr1
0.420,25264,17,18720,40.9,41.7,20.2,104.8,1.2,465131,16085,13,13,bbr1
0.426,27744,19,18720,41.1,42.7,20.2,104.8,1.3,465131,16087,13,13,bbr1
0.432,27744,19,18720,41.4,43.2,20.2,104.8,1.5,465131,16089,13,13,bbr1
0.441,27744,19,20160,41.7,44.0,20.2,104.8,1.8,581413,16092,13,13,bbr1
0.456,20992,14,15840,41.6,42.8,20.2,104.8,1.8,581413,16094,13,13,bbr1
0.464,23840,16,18720,41.9,44.0,20.2,104.8,2.0,581413,16098,13,13,bbr1
0.471,26688,18,20160,42.2,44.3,20.2,104.8,2.1,581413,16101,13,13,bbr1
0.478,27744,19,21600,42.6,45.4,20.2,104.8,2.4,581413,16104,13,13,bbr1
0.487,27744,19,23040,43.0,45.9,20.2,104.8,2.6,348848,16107,13,13,bbr1
0.491,27744,19,21600,43.5,47.3,20.2,104.8,3.0,348848,16108,13,13,bbr1
0.500,27744,19,20160,43.0,39.4,20.2,104.8,3.3,348848,16110,13,13,bbr1
0.514,19568,13,17280,43.6,46.4,20.2,104.8,2.9,348848,16112,13,13,bbr1
0.521,22416,15,17280,44.2,48.5,20.2,104.8,3.4,465131,16114,13,13,bbr1
0.531,25264,17,20160,45.0,50.4,20.2,104.8,4.1,465131,16118,13,13,bbr1
0.534,27744,19,18720,45.7,50.5,20.2,104.8,4.4,465131,16119,13,13,bbr1
0.540,27744,19,18720,46.3,50.6,20.2,104.8,4.6,465131,16121,13,13,bbr1
0.549,27744,19,20160,46.7,49.2,20.2,104.8,4.2,465131,16125,13,13,bbr1
0.555,27744,19,20160,46.8,47.6,20.2,104.8,3.3,465131,16127,13,13,bbr1
0.561,27744,19,20160,46.0,41.0,20.2,104.8,4.0,465131,16129,13,13,bbr1
0.574,19568,13,17280,45.3,44.9,20.2,104.8,3.3,465131,16131,13,13,bbr1
0.581,22416,15,17280,45.3,45.1,20.2,104.8,2.5,465131,16133,13,13,bbr1
0.590,25264,17,20160,45.4,46.2,20.2,104.8,2.1,465131,16137,13,13,bbr1
0.597,27744,19,20160,45.6,46.7,20.2,104.8,1.9,465131,16139,13,13,bbr1
0.602,27744,19,20160,45.8,47.7,20.2,104.8,2.0,465131,16141,13,13,bbr1
0.609,27744,19,20160,46.1,47.8,20.2,104.8,2.0,465131,16143,13,13,bbr1
0.617,27744,19,21600,46.4,48.9,20.2,104.8,2.2,581413,16146,13,13,bbr1
0.622,27744,19,21600,46.0,42.7,20.2,104.8,2.6,581413,16148,13,13,bbr1
0.642,22416,15,17280,45.9,47.4,20.2,104.8,2.2,348848,16151,13,13,bbr1
0.651,25264,17,18720,46.2,47.8,20.2,104.8,2.1,348848,16154,13,13,bbr1
0.659,27744,19,18720,46.5,48.7,20.2,104.8,2.2,348848,16156,13,13,bbr1
0.663,27744,19,17280,46.8,49.4,20.2,104.8,2.4,348848,16157,13,13,bbr1
0.670,27744,19,17280,47.3,50.7,20.2,104.8,2.8,465131,16159,13,13,bbr1
0.680,27744,19,18720,48.0,52.6,20.2,104.8,3.4,465131,16162,13,13,bbr1
0.686,27744,19,18720,48.8,54.5,20.2,104.8,4.2,465131,16164,13,13,bbr1
0.692,18144,12,17280,48.2,43.7,20.2,104.8,4.4,465131,16166,13,13,bbr1
0.699,20992,14,15840,47.4,42.3,20.2,104.8,4.8,465131,16167,13,13,bbr1
0.709,23840,16,18720,46.6,40.9,20.2,104.8,5.2,465131,16171,13,13,bbr1
0.715,26688,18,18720,45.9,40.6,20.2,104.8,5.4,465131,16173,13,13,bbr1
0.721,27744,19,18720,45.3,41.2,20.2,104.8,5.2,465131,16175,13,13,bbr1
0.727,27744,19,18720,44.8,41.7,20.2,104.8,4.8,465131,16177,13,13,bbr1
0.733,27744,19,18720,44.5,42.5,20.2,104.8,4.2,465131,16179,13,13,bbr1
0.742,27744,19,18720,43.9,39.1,20.2,104.8,4.5,465131,16182,13,13,bbr1
0.757,19568,13,17280,43.7,43.5,20.2,104.8,2.7,465131,16185,13,13,bbr1
0.764,22416,15,17280,43.8,44.4,20.2,104.8,2.2,465131,16187,13,13,bbr1
0.773,25264,17,20160,44.0,45.1,20.2,104.8,2.0,465131,16191,13,13,bbr1
0.779,27744,19,20160,44.1,45.4,20.2,104.8,1.8,581413,16193,13,13,bbr1
0.787,27744,19,21600,44.4,46.5,20.2,104.8,2.0,581413,16196,13,13,bbr1
0.791,27744,19,21600,44.8,47.1,20.2,104.8,2.1,581413,16198,13,13,bbr1
0.799,27744,19,23040,45.1,47.6,20.2,104.8,2.3,581413,16201,13,13,bbr1
0.819,22416,15,18720,44.8,46.7,20.2,104.8,2.3,348848,16204,13,13,bbr1
0.827,25264,17,20160,45.1,47.4,20.2,104.8,2.3,348848,16207,13,13,bbr1
0.836,26527,18,20160,45.7,49.3,20.2,104.8,2.8,326613,16209,13,13,bbr1
0.840,26527,18,18720,46.3,51.0,20.2,104.8,3.4,326613,16210,13,13,bbr1
0.849,26527,18,18720,47.2,53.0,20.2,104.8,4.3,326613,16212,13,13,bbr1
0.853,26748,18,15840,48.0,53.8,20.2,104.8,4.8,330661,16213,13,13,bbr1
0.861,26748,18,15840,49.0,56.1,20.2,104.8,5.7,440882,16215,13,13,bbr1
0.875,19070,13,14400,48.2,46.4,20.2,104.8,4.5,440882,16218,13,13,bbr1
0.885,21918,15,17280,47.7,44.7,20.2,104.8,4.3,440882,16222,13,13,bbr1
0.892,24766,17,17280,47.1,42.6,20.2,104.8,4.5,440882,16224,13,13,bbr1
0.898,26748,18,17280,46.3,40.9,20.2,104.8,4.9,440882,16226,13,13,bbr1
0.905,26748,18,17280,45.5,39.5,20.2,104.8,5.4,440882,16228,13,13,bbr1
0.912,26748,18,17280,44.8,39.9,20.2,104.8,5.4,440882,16230,13,13,bbr1
0.918,26748,18,17280,43.7,35.9,20.2,104.8,6.3,440882,16232,13,13,bbr1
0.930,19070,13,14400,42.8,40.0,20.2,104.8,5.1,440882,16234,13,13,bbr1
0.940,21918,15,17280,42.4,39.9,20.2,104.8,4.5,440882,16238,13,13,bbr1
0.946,24766,17,17280,42.2,40.6,20.2,104.8,3.9,551102,16240,13,13,bbr1
0.951,26748,18,17280,42.0,40.9,20.2,104.8,3.2,551102,16242,13,13,bbr1
0.006,3072,2,0,41.0,42.4,20.2,104.8,1.7,551102,16244,14,14,bbr1
0.007,5760,4,0,39.4,28.3,20.2,104.8,4.5,551102,16246,14,14,bbr1
0.034,11456,7,1440,37.6,25.2,20.2,104.8,6.9,551102,16251,14,14,bbr1
0.044,12880,8,7200,36.5,28.8,20.2,104.8,7.4,551102,16256,14,14,bbr1
0.059,17152,11,8640,34.6,20.8,20.2,104.8,9.5,551102,16260,14,14,bbr1
0.067,20000,13,11520,33.1,22.9,20.2,104.8,10.0,551102,16264,14,14,bbr1
0.073,22848,15,11520,32.0,24.1,20.2,104.8,9.8,551102,16266,14,14,bbr1
0.080,25696,17,12960,31.2,25.8,20.2,104.8,8.9,551102,16269,14,14,bbr1
0.088,26748,18,14400,30.1,22.2,20.2,104.8,8.9,551102,16272,14,14,bbr1
0.096,26748,18,15840,29.7,27.2,20.2,104.8,7.4,551102,16275,14,14,bbr1
0.101,26748,18,15840,29.6,28.8,20.2,104.8,5.8,551102,16277,14,14,bbr1
0.109,26748,18,17280,29.7,30.4,20.2,104.8,4.5,551102,16280,14,14,bbr1
0.114,26748,18,17280,30.0,32.1,20.2,104.8,4.0,551102,16282,14,14,bbr1
0.122,26748,18,18720,30.5,33.7,20.2,104.8,3.9,551102,16285,14,14,bbr1
0.130,26748,18,20160,31.0,34.8,20.2,104.8,4.0,551102,16288,14,14,bbr1
0.137,26748,18,20160,31.8,36.9,20.2,104.8,4.5,330661,16290,14,14,bbr1
0.146,26748,18,20160,32.6,38.4,20.2,104.8,5.0,330661,16292,14,14,bbr1
0.150,26748,18,18720,33.5,39.6,20.2,104.8,5.5,330661,16293,14,14,bbr1
0.159,26748,18,18720,34.5,41.9,20.2,104.8,6.3,330661,16295,14,14,bbr1
0.163,26748,18,17280,35.6,42.9,20.2,104.8,6.8,330661,16296,14,14,bbr1
0.171,26748,18,17280,36.7,45.1,20.2,104.8,7.5,440882,16298,14,14,bbr1
0.177,26748,18,17280,38.0,46.6,20.2,104.8,8.1,440882,16300,14,14,bbr1
0.184,26748,18,17280,39.2,47.8,20.2,104.8,8.5,440882,16302,14,14,bbr1
0.191,26748,18,17280,40.1,46.4,20.2,104.8,8.2,440882,16304,14,14,bbr1
0.203,19070,13,14400,40.9,42.7,20.2,104.8,5.9,440882,16306,14,14,bbr1
0.213,21918,15,17280,40.9,40.9,20.2,104.8,4.4,440882,16310,14,14,bbr1
0.220,24766,17,17280,40.7,39.2,20.2,104.8,3.7,440882,16312,14,14,bbr1
0.223,26748,18,15840,40.5,39.8,20.2,104.8,3.0,440882,16313,14,14,bbr1
0.229,26748,18,15840,40.5,40.1,20.2,104.8,2.4,440882,16315,14,14,bbr1
0.236,26748,18,15840,40.5,40.2,20.2,104.8,1.8,440882,16317,14,14,bbr1
0.246,26748,18,17280,39.7,34.3,20.2,104.8,2.9,440882,16320,14,14,bbr1
0.256,20494,14,12960,39.1,36.2,20.2,104.8,2.8,440882,16322,14,14,bbr1
0.266,23342,16,15840,38.6,35.0,20.2,104.8,3.1,440882,16326,14,14,bbr1
0.272,26190,18,15840,38.4,37.4,20.2,104.8,2.6,551102,16328,14,14,bbr1
0.280,26748,18,15840,37.9,34.3,20.2,104.8,3.0,551102,16331,14,14,bbr1
0.288,26748,18,17280,37.5,34.6,20.2,104.8,3.1,551102,16334,14,14,bbr1
0.295,26748,18,18720,36.9,32.6,20.2,104.8,3.5,551102,16337,14,14,bbr1
0.308,19070,13,15840,36.8,36.5,20.2,104.8,2.2,551102,16339,14,14,bbr1
0.314,21918,15,17280,36.9,37.6,20.2,104.8,1.8,551102,16342,14,14,bbr1
0.323,24766,17,20160,37.3,39.9,20.2,104.8,2.1,551102,16346,14,14,bbr1
0.330,26748,18,20160,37.8,41.4,20.2,104.8,2.6,330661,16348,14,14,bbr1
0.339,26748,18,20160,38.4,42.5,20.2,104.8,3.2,330661,16350,14,14,bbr1
0.344,26748,18,18720,39.1,44.7,20.2,104.8,3.9,330661,16351,14,14,bbr1
0.352,17646,12,17280,39.2,39.3,20.2,104.8,3.0,338073,16353,14,14,bbr1
0.359,20494,14,15840,39.6,42.9,20.2,104.8,3.2,450764,16354,14,14,bbr1
0.369,23342,16,18720,40.4,46.0,20.2,104.8,4.0,450764,16358,14,14,bbr1
0.375,27154,18,17280,41.2,46.7,20.2,104.8,4.6,450764,16360,14,14,bbr1
0.381,27154,18,17280,41.7,44.8,20.2,104.8,4.3,450764,16362,14,14,bbr1
0.391,27154,18,18720,41.8,42.4,20.2,104.8,3.4,450764,16365,14,14,bbr1
0.402,19273,13,15840,41.2,37.6,20.2,104.8,3.0,450764,16367,14,14,bbr1
0.409,22121,15,17280,41.2,41.4,20.2,104.8,2.3,450764,16370,14,14,bbr1
0.418,24969,17,18720,41.3,41.6,20.2,104.8,1.9,450764,16373,14,14,bbr1
0.424,27154,18,18720,41.4,42.3,20.2,104.8,1.6,450764,16375,14,14,bbr1
0.431,27154,18,18720,41.6,42.8,20.2,104.8,1.6,450764,16377,14,14,bbr1
0.437,27154,18,18720,41.7,43.0,20.2,104.8,1.5,450764,16379,14,14,bbr1
0.443,17849,12,17280,41.4,39.3,20.2,104.8,1.8,563455,16381,14,14,bbr1
0.453,20697,14,15840,41.6,42.7,20.2,104.8,1.7,563455,16382,14,14,bbr1
0.461,23545,16,18720,41.8,43.4,20.2,104.8,1.7,563455,16386,14,14,bbr1
0.469,26393,18,20160,42.1,44.0,20.2,104.8,1.8,563455,16389,14,14,bbr1
0.476,27154,18,21600,42.4,44.4,20.2,104.8,1.9,563455,16392,14,14,bbr1
0.483,27154,18,21600,42.6,44.5,20.2,104.8,2.0,338073,16394,14,14,bbr1
0.491,27154,18,21600,43.0,45.4,20.2,104.8,2.2,338073,16396,14,14,bbr1
0.496,27154,18,18720,42.5,39.4,20.2,104.8,2.5,338073,16397,14,14,bbr1
0.511,19273,13,17280,43.2,46.2,20.2,104.8,2.6,338073,16400,14,14,bbr1
0.518,22121,15,17280,43.8,47.6,20.2,104.8,3.1,450764,16402,14,14,bbr1
0.525,24969,17,18720,44.5,49.8,20.2,104.8,3.8,450764,16405,14,14,bbr1
0.535,27154,18,18720,45.1,49.0,20.2,104.8,4.0,450764,16408,14,14,bbr1
0.542,27154,18,18720,45.3,47.3,20.2,104.8,3.5,450764,16410,14,14,bbr1
0.548,27154,18,18720,45.4,45.6,20.2,104.8,2.7,450764,16412,14,14,bbr1
0.561,19273,13,15840,44.4,41.1,20.2,104.8,3.2,450764,16414,14,14,bbr1
0.568,22121,15,17280,44.3,43.7,20.2,104.8,2.6,450764,16417,14,14,bbr1
0.577,24969,17,18720,44.3,44.2,20.2,104.8,2.0,450764,16420,14,14,bbr1
0.583,27154,18,18720,44.3,44.7,20.2,104.8,1.6,563455,16422,14,14,bbr1
0.590,27154,18,20160,44.4,45.0,20.2,104.8,1.4,563455,16425,14,14,bbr1
0.596,27154,18,20160,44.5,45.1,20.2,104.8,1.2,563455,16427,14,14,bbr1
0.612,20697,14,17335,43.7,42.8,20.2,104.8,1.9,563455,16431,14,14,bbr1
0.619,23545,16,18775,43.7,43.3,20.2,104.8,1.5,563455,16434,14,14,bbr1
0.628,26393,18,21655,43.7,44.0,20.2,104.8,1.2,563455,16438,14,14,bbr1
0.635,27154,18,21655,44.0,45.7,20.2,104.8,1.4,338073,16440,14,14,bbr1
0.643,27154,18,21655,44.4,47.5,20.2,104.8,1.9,338073,16442,14,14,bbr1
0.648,27154,18,20215,45.0,49.3,20.2,104.8,2.7,338073,16443,14,14,bbr1
0.656,27154,18,20215,45.7,50.3,20.2,104.8,3.3,338073,16445,14,14,bbr1
0.664,27154,18,20160,45.3,42.9,20.2,104.8,3.2,338073,16447,14,14,bbr1
0.674,19273,13,15840,46.0,49.7,20.2,104.8,3.1,338073,16448,14,14,bbr1
0.682,22121,15,17280,46.6,51.1,20.2,104.8,3.6,450764,16451,14,14,bbr1
0.688,24969,17,17280,47.2,51.1,20.2,104.8,3.8,450764,16453,14,14,bbr1
0.698,27154,18,18720,47.5,49.8,20.2,104.8,3.5,450764,16456,14,14,bbr1
0.704,27154,18,17280,47.3,45.6,20.2,104.8,3.1,450764,16458,14,14,bbr1
0.710,27154,18,17280,46.8,43.8,20.2,104.8,3.2,450764,16460,14,14,bbr1
0.724,19273,13,14455,44.9,39.9,20.2,104.8,5.0,563455,16463,14,14,bbr1
0.732,22121,15,17335,44.5,41.1,20.2,104.8,4.7,563455,16467,14,14,bbr1
0.739,24969,17,18775,44.1,41.3,20.2,104.8,4.3,563455,16470,14,14,bbr1
0.744,27154,18,18775,43.8,41.7,20.2,104.8,3.8,563455,16472,14,14,bbr1
0.752,27154,18,20215,43.5,41.6,20.2,104.8,3.4,563455,16475,14,14,bbr1
0.761,27154,18,21655,43.4,42.6,20.2,104.8,2.8,338073,16478,14,14,bbr1
0.772,19312,13,17280,42.3,41.2,20.2,104.8,3.3,338073,16479,14,14,bbr1
0.779,22160,15,17280,42.4,42.9,20.2,104.8,2.6,450764,16481,14,14,bbr1
0.788,25008,17,20160,42.6,44.2,20.2,104.8,2.4,450764,16485,14,14,bbr1
0.794,27154,18,20160,43.0,46.2,20.2,104.8,2.7,450764,16487,14,14,bbr1
0.801,27154,18,20160,43.6,47.5,20.2,104.8,3.1,450764,16489,14,14,bbr1
0.807,26888,18,20160,44.4,49.9,20.2,104.8,3.9,444279,16491,14,14,bbr1
0.814,26888,18,20160,45.1,49.9,20.2,104.8,4.3,444279,16493,14,14,bbr1
0.821,26888,18,20160,44.8,42.8,20.2,104.8,3.8,444279,16495,14,14,bbr1
0.833,19140,13,17335,44.8,46.6,20.2,104.8,3.0,444279,16498,14,14,bbr1
0.840,21988,15,17335,45.1,46.8,20.2,104.8,2.8,444279,16500,14,14,bbr1
0.850,24836,17,20215,45.4,47.6,20.2,104.8,2.7,444279,16504,14,14,bbr1
0.856,26888,18,20215,45.6,47.6,20.2,104.8,2.6,555348,16506,14,14,bbr1
0.861,26841,18,20215,46.0,48.4,20.2,104.8,2.6,553912,16508,14,14,bbr1
0.869,26841,18,21655,46.3,48.8,20.2,104.8,2.7,553912,16511,14,14,bbr1
0.881,20579,14,18720,45.8,41.2,20.2,104.8,3.0,332347,16514,14,14,bbr1
0.887,22003,15,20160,45.3,41.3,20.2,104.8,3.4,332347,16516,14,14,bbr1
0.896,24851,17,20160,45.2,45.0,20.2,104.8,2.6,332347,16518,14,14,bbr1
0.904,26841,18,20160,45.2,45.3,20.2,104.8,2.0,332347,16520,14,14,bbr1
0.909,26841,18,18720,45.5,47.0,20.2,104.8,1.9,332347,16521,14,14,bbr1
0.917,26841,18,18720,45.8,48.1,20.2,104.8,2.1,332347,16523,14,14,bbr1
0.922,26841,18,17280,46.4,50.5,20.2,104.8,2.8,332347,16524,14,14,bbr1
0.929,26841,18,17280,47.1,51.9,20.2,104.8,3.4,443130,16526,14,14,bbr1
0.941,19116,13,14455,47.5,48.3,20.2,104.8,2.7,443130,16529,14,14,bbr1
0.951,21964,15,17335,47.4,46.5,20.2,104.8,2.3,443130,16533,14,14,bbr1
0.958,24812,17,17335,47.1,44.6,20.2,104.8,2.4,443130,16535,14,14,bbr1
0.963,26841,18,17335,46.5,42.9,20.2,104.8,2.9,553912,16537,14,14,bbr1
0.969,26841,18,17335,45.8,40.9,20.2,104.8,3.6,553912,16539,14,14,bbr1
0.006,26356,18,0,40.1,22.4,20.2,104.8,7.6,539167,16541,14,14,bbr1
0.006,26356,18,0,38.5,27.5,20.2,104.8,8.9,539167,16543,14,14,bbr1
0.036,26356,18,14400,36.9,25.1,20.2,104.8,10.0,539167,16557,14,14,bbr1
0.043,26356,18,15840,36.0,30.0,20.2,104.8,9.2,539167,16560,14,14,bbr1
0.051,26356,18,17280,35.4,31.5,20.2,104.8,8.1,539167,16563,14,14,bbr1
0.057,26356,18,17280,35.1,33.0,20.2,104.8,6.7,539167,16565,14,14,bbr1
0.065,26356,18,18720,35.1,34.7,20.2,104.8,5.1,539167,16568,14,14,bbr1
0.070,26356,18,18720,35.2,36.0,20.2,104.8,4.1,539167,16570,14,14,bbr1
0.078,26356,18,20160,35.5,37.6,20.2,104.8,3.6,539167,16573,14,14,bbr1
0.088,26356,18,21600,35.9,39.1,20.2,104.8,3.6,323500,16576,14,14,bbr1
0.092,26356,18,20160,36.5,40.6,20.2,104.8,3.9,323500,16577,14,14,bbr1
0.101,26356,18,20160,37.1,41.6,20.2,104.8,4.2,323500,16579,14,14,bbr1
0.106,26356,18,18720,37.9,43.0,20.2,104.8,4.6,323500,16580,14,14,bbr1
0.115,26356,18,18720,38.8,44.9,20.2,104.8,5.2,323500,16582,14,14,bbr1
0.119,26356,18,17280,39.7,46.2,20.2,104.8,5.8,323500,16583,14,14,bbr1
0.127,26356,18,17280,40.7,47.6,20.2,104.8,6.3,431334,16585,14,14,bbr1
0.133,26356,18,17280,41.8,49.6,20.2,104.8,7.0,431334,16587,14,14,bbr1
0.140,26356,18,17280,42.7,49.0,20.2,104.8,7.0,431334,16589,14,14,bbr1
0.153,18874,13,14400,43.5,45.2,20.2,104.8,5.3,431334,16591,14,14,bbr1
0.159,21722,15,15840,43.5,43.1,20.2,104.8,4.1,431334,16594,14,14,bbr1
0.169,24570,17,17280,43.1,40.9,20.2,104.8,3.7,431334,16597,14,14,bbr1
0.176,26356,18,17280,42.9,41.0,20.2,104.8,3.3,431334,16599,14,14,bbr1
0.183,26238,18,17280,42.7,41.5,20.2,104.8,2.8,428464,16601,14,14,bbr1
0.189,26238,18,15840,41.6,34.1,20.2,104.8,4.3,535580,16603,14,14,bbr1
0.192,26238,18,15840,40.7,34.2,20.2,104.8,5.1,535580,16604,14,14,bbr1
0.206,18815,13,14400,40.0,37.9,20.2,104.8,4.0,535580,16607,14,14,bbr1
0.214,21663,15,17280,39.8,38.0,20.2,104.8,3.5,535580,16611,14,14,bbr1
0.222,24511,17,18720,39.6,38.2,20.2,104.8,3.0,535580,16614,14,14,bbr1
0.227,26238,18,18720,39.4,38.2,20.2,104.8,2.6,535580,16616,14,14,bbr1
0.235,26238,18,20160,39.4,39.2,20.2,104.8,2.0,535580,16619,14,14,bbr1
0.242,26238,18,20160,39.6,40.9,20.2,104.8,1.9,321348,16621,14,14,bbr1
0.254,18815,13,15895,39.3,40.8,20.2,104.8,2.2,321348,16623,14,14,bbr1
0.262,21663,15,17335,39.6,41.8,20.2,104.8,2.3,428464,16626,14,14,bbr1
0.268,24511,17,17335,40.1,43.8,20.2,104.8,2.7,428464,16628,14,14,bbr1
0.275,26238,18,17335,40.8,45.1,20.2,104.8,3.3,428464,16630,14,14,bbr1
0.282,26925,18,15895,41.4,45.7,20.2,104.8,3.7,445176,16632,14,14,bbr1
0.292,26925,18,17335,41.9,45.4,20.2,104.8,3.8,445176,16635,14,14,bbr1
0.301,19197,13,15840,41.2,36.6,20.2,104.8,4.2,445176,16638,14,14,bbr1
0.311,22045,15,17280,40.6,36.6,20.2,104.8,4.3,445176,16641,14,14,bbr1
0.317,24893,17,17280,40.4,38.4,20.2,104.8,3.8,445176,16643,14,14,bbr1
0.324,26925,18,17280,40.1,38.3,20.2,104.8,3.3,445176,16645,14,14,bbr1
0.330,26925,18,17280,39.9,38.9,20.2,104.8,2.8,445176,16647,14,14,bbr1
0.337,26925,18,17280,39.9,39.4,20.2,104.8,2.3,445176,16649,14,14,bbr1
0.350,19158,13,14400,39.9,40.4,20.2,104.8,1.4,556470,16651,14,14,bbr1
0.358,23430,16,15840,39.8,39.0,20.2,104.8,1.3,556470,16655,14,14,bbr1
0.365,26278,18,17280,39.8,39.6,20.2,104.8,1.0,556470,16658,14,14,bbr1
0.373,26925,18,18720,39.8,40.1,20.2,104.8,0.8,556470,16661,14,14,bbr1
0.381,26925,18,20160,39.8,40.0,20.2,104.8,0.7,556470,16664,14,14,bbr1
0.396,20582,14,15840,39.1,38.7,20.2,104.8,1.5,333882,16666,14,14,bbr1
0.405,23430,16,17280,39.3,41.0,20.2,104.8,1.6,333882,16669,14,14,bbr1
0.412,26278,18,17280,39.7,42.6,20.2,104.8,2.0,445176,16671,14,14,bbr1
0.418,26925,18,17280,40.3,44.2,20.2,104.8,2.7,445176,16673,14,14,bbr1
0.425,26925,18,17280,41.0,46.0,20.2,104.8,3.4,445176,16675,14,14,bbr1
0.431,26925,18,17280,41.8,47.6,20.2,104.8,4.2,445176,16677,14,14,bbr1
0.438,27140,18,15840,41.5,39.4,20.2,104.8,3.8,450424,16679,14,14,bbr1
0.454,19266,13,14400,41.3,40.3,20.2,104.8,2.5,450424,16682,14,14,bbr1
0.464,22114,15,17280,41.2,40.6,20.2,104.8,2.1,450424,16686,14,14,bbr1
0.470,24962,17,17280,41.1,40.7,20.2,104.8,1.7,563030,16688,14,14,bbr1
0.475,27140,18,17280,41.2,41.5,20.2,104.8,1.4,563030,16690,14,14,bbr1
0.483,27140,18,18720,41.2,41.7,20.2,104.8,1.1,563030,16693,14,14,bbr1
0.490,27140,18,20160,41.4,42.2,20.2,104.8,1.1,563030,16696,14,14,bbr1
0.498,27140,18,21600,40.7,35.9,20.2,104.8,2.2,563030,16699,14,14,bbr1
0.509,19266,13,18720,40.5,40.0,20.2,104.8,1.5,337818,16701,14,14,bbr1
0.516,22114,15,17280,40.5,40.2,20.2,104.8,1.2,337818,16702,14,14,bbr1
0.524,24962,17,18720,40.7,42.0,20.2,104.8,1.3,337818,16705,14,14,bbr1
0.529,27140,18,17280,41.0,43.3,20.2,104.8,1.6,337818,16706,14,14,bbr1
0.536,27140,18,17280,41.5,44.8,20.2,104.8,2.2,450424,16708,14,14,bbr1
0.542,27140,18,17280,42.2,47.1,20.2,104.8,3.1,450424,16710,14,14,bbr1
0.549,27140,18,17280,43.0,48.9,20.2,104.8,4.0,450424,16712,14,14,bbr1
0.562,19266,13,14400,42.9,41.1,20.2,104.8,3.0,450424,16714,14,14,bbr1
0.572,22114,15,17280,42.9,42.8,20.2,104.8,2.3,450424,16718,14,14,bbr1
0.578,24962,17,17280,42.7,41.0,20.2,104.8,2.2,563030,16720,14,14,bbr1
0.582,27140,18,17280,42.5,41.5,20.2,104.8,1.9,563030,16722,14,14,bbr1
0.590,27140,18,18720,42.5,41.9,20.2,104.8,1.6,563030,16725,14,14,bbr1
0.598,27140,18,20160,42.5,42.5,20.2,104.8,1.2,563030,16728,14,14,bbr1
0.605,27140,18,21600,41.6,35.9,20.2,104.8,2.5,563030,16731,14,14,bbr1
0.617,19266,13,18720,41.2,40.0,20.2,104.8,2.1,337818,16733,14,14,bbr1
0.623,22114,15,17280,41.3,41.9,20.2,104.8,1.8,337818,16734,14,14,bbr1
0.632,24962,17,18720,41.5,43.1,20.2,104.8,1.8,337818,16737,14,14,bbr1
0.641,27140,18,18720,42.0,45.1,20.2,104.8,2.2,337818,16739,14,14,bbr1
0.645,27140,18,17280,42.6,47.1,20.2,104.8,3.0,337818,16740,14,14,bbr1
0.652,27140,18,17280,43.4,48.8,20.2,104.8,3.8,450424,16742,14,14,bbr1
0.659,27140,18,17280,44.3,50.6,20.2,104.8,4.6,450424,16744,14,14,bbr1
0.671,19266,13,14400,44.3,42.8,20.2,104.8,3.4,450424,16746,14,14,bbr1
0.681,23538,16,15840,44.0,41.7,20.2,104.8,3.2,450424,16750,14,14,bbr1
0.688,26386,18,15840,43.5,39.9,20.2,104.8,3.4,450424,16752,14,14,bbr1
0.694,27140,18,15840,43.0,39.7,20.2,104.8,3.5,450424,16754,14,14,bbr1
0.704,27140,18,17280,42.6,39.9,20.2,104.8,3.4,450424,16757,14,14,bbr1
0.709,17842,12,15840,41.6,34.2,20.2,104.8,4.7,563030,16759,14,14,bbr1
0.718,20690,14,15840,41.1,38.0,20.2,104.8,4.4,563030,16761,14,14,bbr1
0.726,23538,16,18720,40.8,38.2,20.2,104.8,4.0,563030,16765,14,14,bbr1
0.733,26386,18,20160,40.5,38.5,20.2,104.8,3.6,563030,16768,14,14,bbr1
0.738,27140,18,20160,40.3,39.4,20.2,104.8,3.0,563030,16770,14,14,bbr1
0.746,27140,18,21600,40.3,39.7,20.2,104.8,2.4,563030,16773,14,14,bbr1
0.759,20690,14,18720,40.2,39.3,20.2,104.8,1.7,338180,16776,14,14,bbr1
0.769,23538,16,18720,40.7,43.9,20.2,104.8,2.2,338180,16778,14,14,bbr1
0.778,26386,18,20160,41.3,46.2,20.2,104.8,3.0,338180,16781,14,14,bbr1
0.786,27160,18,20160,42.1,47.6,20.2,104.8,3.8,338180,16783,14,14,bbr1
0.791,27160,18,18720,43.1,49.7,20.2,104.8,4.8,338180,16784,14,14,bbr1
0.799,27160,18,18720,44.0,50.8,20.2,104.8,5.5,338180,16786,14,14,bbr1
0.807,27160,18,18720,45.2,53.2,20.2,104.8,6.4,338180,16788,14,14,bbr1
0.812,27160,18,17280,45.7,49.6,20.2,104.8,5.9,338180,16789,14,14,bbr1
0.819,17852,12,15840,45.8,46.2,20.2,104.8,4.6,450907,16791,14,14,bbr1
0.827,20700,14,15840,46.0,47.6,20.2,104.8,3.9,450907,16793,14,14,bbr1
0.835,24972,17,15840,45.7,43.3,20.2,104.8,3.6,450907,16796,14,14,bbr1
0.845,27160,18,17280,45.2,42.1,20.2,104.8,3.6,450907,16799,14,14,bbr1
0.851,27160,18,17280,44.6,40.3,20.2,104.8,3.9,450907,16801,14,14,bbr1
0.857,27160,18,17280,43.8,38.3,20.2,104.8,4.5,450907,16803,14,14,bbr1
0.870,19276,13,14400,42.8,39.6,20.2,104.8,4.3,563633,16805,14,14,bbr1
0.878,22124,15,17280,42.4,39.9,20.2,104.8,4.0,563633,16809,14,14,bbr1
0.886,24972,17,18720,42.2,40.5,20.2,104.8,3.4,563633,16812,14,14,bbr1
0.893,27160,18,20160,42.0,40.9,20.2,104.8,2.9,563633,16815,14,14,bbr1
0.898,27160,18,20160,41.9,41.0,20.2,104.8,2.4,563633,16817,14,14,bbr1
0.906,27160,18,21600,41.9,41.9,20.2,104.8,1.8,563633,16820,14,14,bbr1
0.913,27160,18,21600,41.2,36.1,20.2,104.8,2.8,338180,16822,14,14,bbr1
0.925,19276,13,18720,41.4,42.9,20.2,104.8,2.1,338180,16824,14,14,bbr1
0.932,22124,15,17280,41.5,42.3,20.2,104.8,1.8,338180,16825,14,14,bbr1
0.940,24972,17,18720,42.1,46.4,20.2,104.8,2.6,450907,16828,14,14,bbr1
0.945,27160,18,18720,42.9,48.1,20.2,104.8,3.4,450907,16830,14,14,bbr1
0.955,27160,18,20160,43.7,49.8,20.2,104.8,4.3,450907,16833,14,14,bbr1
0.961,27160,18,20160,44.7,51.6,20.2,104.8,5.2,450907,16835,14,14,bbr1
0.007,3072,2,0,45.2,45.5,20.2,104.8,1.6,563633,16837,15,15,bbr1
0.007,5760,4,0,43.1,28.6,20.2,104.8,5.3,563633,16839,15,15,bbr1
0.034,11456,7,1440,40.8,25.1,20.2,104.8,8.5,563633,16844,15,15,bbr1
0.044,12880,8,7200,39.3,28.9,20.2,104.8,9.4,563633,16849,15,15,bbr1
0.060,17152,11,8640,37.1,21.4,20.2,104.8,11.5,563633,16853,15,15,bbr1
0.068,20000,13,11520,35.3,22.6,20.2,104.8,12.2,563633,16857,15,15,bbr1
0.076,22848,15,12960,34.0,24.9,20.2,104.8,11.8,563633,16860,15,15,bbr1
0.080,25696,17,12960,33.0,26.4,20.2,104.8,10.7,563633,16862,15,15,bbr1
0.088,27160,18,14400,31.7,22.2,20.2,104.8,10.7,563633,16865,15,15,bbr1
0.096,27160,18,15840,31.2,27.4,20.2,104.8,9.1,563633,16868,15,15,bbr1
0.103,27160,18,17280,30.9,29.1,20.2,104.8,7.4,563633,16871,15,15,bbr1
0.109,27160,18,17280,30.8,30.5,20.2,104.8,5.6,563633,16873,15,15,bbr1
0.116,27160,18,18720,31.1,32.5,20.2,104.8,4.6,563633,16876,15,15,bbr1
0.122,27160,18,18720,31.4,33.7,20.2,104.8,4.1,563633,16878,15,15,bbr1
0.129,27160,18,20160,32.0,36.0,20.2,104.8,4.3,563633,16881,15,15,bbr1
0.137,27160,18,21600,32.6,37.3,20.2,104.8,4.5,563633,16884,15,15,bbr1
0.146,27160,18,23040,33.5,39.5,20.2,104.8,5.1,338180,16887,15,15,bbr1
0.150,27160,18,21600,34.5,41.3,20.2,104.8,5.8,338180,16888,15,15,bbr1
0.159,27160,18,21600,35.5,43.0,20.2,104.8,6.5,338180,16890,15,15,bbr1
0.163,27160,18,20160,36.7,44.7,20.2,104.8,7.1,338180,16891,15,15,bbr1
0.172,27160,18,20160,37.9,46.2,20.2,104.8,7.7,338180,16893,15,15,bbr1
0.180,27160,18,20160,39.1,47.6,20.2,104.8,8.2,338180,16895,15,15,bbr1
0.184,27160,18,18720,40.4,49.8,20.2,104.8,8.9,338180,16896,15,15,bbr1
0.193,27160,18,18720,41.8,51.6,20.2,104.8,9.4,338180,16898,15,15,bbr1
0.204,19276,13,14400,44.3,51.8,20.2,104.8,9.6,450907,16899,15,15,bbr1
0.214,22124,15,17280,45.0,49.9,20.2,104.8,8.6,450907,16903,15,15,bbr1
0.220,26396,18,15840,45.1,45.8,20.2,104.8,6.6,450907,16905,15,15,bbr1
0.226,27160,18,15840,45.0,43.8,20.2,104.8,5.3,450907,16907,15,15,bbr1
0.236,27160,18,17280,44.7,42.6,20.2,104.8,4.6,450907,16910,15,15,bbr1
0.242,27160,18,15840,43.3,34.1,20.2,104.8,6.1,450907,16912,15,15,bbr1
0.257,19276,13,14400,42.1,38.3,20.2,104.8,5.5,563633,16915,15,15,bbr1
0.265,22124,15,17280,41.7,38.9,20.2,104.8,4.9,563633,16919,15,15,bbr1
0.273,24972,17,18720,41.4,39.4,20.2,104.8,4.3,563633,16922,15,15,bbr1
0.277,26935,18,18720,41.2,39.7,20.2,104.8,3.6,556771,16924,15,15,bbr1
0.285,26935,18,20160,41.1,40.4,20.2,104.8,2.9,556771,16927,15,15,bbr1
0.295,26935,18,21600,41.1,40.8,20.2,104.8,2.3,334062,16930,15,15,bbr1
0.299,26935,18,20160,40.4,35.8,20.2,104.8,3.0,334062,16931,15,15,bbr1
0.312,20587,14,15840,40.6,41.8,20.2,104.8,2.1,334209,16933,15,15,bbr1
0.320,23435,16,17280,40.7,41.8,20.2,104.8,1.8,445612,16936,15,15,bbr1
0.329,27503,19,17280,41.2,44.2,20.2,104.8,2.2,459252,16939,15,15,bbr1
0.335,27503,19,17280,41.8,46.0,20.2,104.8,2.9,459252,16941,15,15,bbr1
0.342,27515,19,17280,41.8,42.0,20.2,104.8,2.2,459549,16943,15,15,bbr1
0.347,27515,19,17280,41.9,42.5,20.2,104.8,1.8,574436,16945,15,15,bbr1
0.355,27515,19,18720,41.7,40.6,20.2,104.8,1.7,574436,16948,15,15,bbr1
0.368,19453,13,17280,41.2,39.9,20.2,104.8,1.8,574436,16951,15,15,bbr1
0.373,22301,15,17280,41.0,39.2,20.2,104.8,1.8,574436,16953,15,15,bbr1
0.381,25149,17,20160,40.8,39.8,20.2,104.8,1.7,574436,16957,15,15,bbr1
0.388,27515,19,21600,40.8,40.1,20.2,104.8,1.4,574436,16960,15,15,bbr1
0.398,27515,19,23040,40.9,42.2,20.2,104.8,1.4,344661,16963,15,15,bbr1
0.402,27515,19,21600,41.3,44.1,20.2,104.8,1.9,344661,16964,15,15,bbr1
0.410,27515,19,21600,41.9,45.9,20.2,104.8,2.5,344661,16966,15,15,bbr1
0.421,19453,13,18720,41.9,42.8,20.2,104.8,1.8,344661,16968,15,15,bbr1
0.428,22301,15,17280,42.7,48.0,20.2,104.8,2.9,344661,16969,15,15,bbr1
0.435,25149,17,18720,43.6,49.8,20.2,104.8,3.9,459549,16972,15,15,bbr1
0.445,27515,19,20160,44.6,51.7,20.2,104.8,5.0,459549,16975,15,15,bbr1
0.451,27515,19,20160,45.7,53.5,20.2,104.8,6.0,459549,16977,15,15,bbr1
0.457,27515,19,20160,46.5,52.0,20.2,104.8,6.1,574436,16979,15,15,bbr1
0.464,27515,19,21600,46.9,50.0,20.2,104.8,5.4,574436,16982,15,15,bbr1
0.469,27515,19,21600,46.8,46.1,20.2,104.8,4.3,574436,16984,15,15,bbr1
0.490,22301,15,17335,46.2,46.3,20.2,104.8,2.5,344661,16988,15,15,bbr1
0.498,25149,17,18775,46.3,46.8,20.2,104.8,2.0,344661,16991,15,15,bbr1
0.506,27515,19,18775,46.5,47.5,20.2,104.8,1.8,344661,16993,15,15,bbr1
0.510,27515,19,17335,46.8,49.3,20.2,104.8,2.1,344661,16994,15,15,bbr1
0.518,27515,19,17335,47.3,50.9,20.2,104.8,2.6,459549,16996,15,15,bbr1
0.524,27515,19,17335,48.1,53.1,20.2,104.8,3.4,459549,16998,15,15,bbr1
0.538,20916,14,14400,47.5,43.8,20.2,104.8,3.0,459549,17001,15,15,bbr1
0.547,23764,16,17280,46.9,42.4,20.2,104.8,3.5,459549,17005,15,15,bbr1
0.553,26612,18,17280,46.1,40.9,20.2,104.8,4.1,574436,17007,15,15,bbr1
0.560,27515,19,18720,45.4,40.2,20.2,104.8,4.6,574436,17010,15,15,bbr1
0.568,27515,19,20160,44.8,40.9,20.2,104.8,4.5,574436,17013,15,15,bbr1
0.576,27515,19,21600,44.4,41.5,20.2,104.8,4.2,574436,17016,15,15,bbr1
0.584,27515,19,23040,43.6,37.6,20.2,104.8,4.9,344661,17019,15,15,bbr1
0.594,19453,13,18720,43.1,41.9,20.2,104.8,3.5,344661,17020,15,15,bbr1
0.601,22301,15,17280,43.2,44.0,20.2,104.8,2.8,344661,17021,15,15,bbr1
0.608,25149,17,18720,43.6,45.8,20.2,104.8,2.8,459549,17024,15,15,bbr1
0.615,27515,19,18720,44.1,47.6,20.2,104.8,3.1,459549,17026,15,15,bbr1
0.624,27515,19,20160,44.8,49.5,20.2,104.8,3.7,459549,17029,15,15,bbr1
0.630,27515,19,20160,45.5,51.0,20.2,104.8,4.3,459549,17031,15,15,bbr1
0.636,27515,19,20160,46.5,53.1,20.2,104.8,5.1,459549,17033,15,15,bbr1
0.649,19453,13,17280,46.0,42.8,20.2,104.8,3.9,459549,17035,15,15,bbr1
0.656,22301,15,17280,45.9,45.6,20.2,104.8,3.0,459549,17037,15,15,bbr1
0.665,25149,17,20160,46.0,46.2,20.2,104.8,2.3,574436,17041,15,15,bbr1
0.670,27515,19,20160,46.1,46.8,20.2,104.8,2.0,574436,17043,15,15,bbr1
0.677,27515,19,21600,46.2,46.8,20.2,104.8,1.7,574436,17046,15,15,bbr1
0.685,27515,19,23040,46.4,47.8,20.2,104.8,1.7,574436,17049,15,15,bbr1
0.694,27515,19,24480,46.6,48.5,20.2,104.8,1.8,344661,17052,15,15,bbr1
0.698,27515,19,23040,46.2,42.8,20.2,104.8,2.3,344661,17053,15,15,bbr1
0.712,20877,14,18775,45.9,45.8,20.2,104.8,1.6,344661,17056,15,15,bbr1
0.719,23725,16,18775,46.2,47.8,20.2,104.8,1.7,344661,17058,15,15,bbr1
0.729,26573,18,20215,46.6,49.6,20.2,104.8,2.1,344661,17061,15,15,bbr1
0.733,27515,19,18775,47.2,51.5,20.2,104.8,2.8,344661,17062,15,15,bbr1
0.742,27515,19,18775,48.0,53.2,20.2,104.8,3.6,344661,17064,15,15,bbr1
0.750,27515,19,18775,48.8,55.0,20.2,104.8,4.5,344661,17066,15,15,bbr1
0.754,27515,19,17335,49.4,53.6,20.2,104.8,4.6,344661,17067,15,15,bbr1
0.761,27515,19,15840,49.0,46.2,20.2,104.8,4.2,459549,17069,15,15,bbr1
0.777,19453,13,14400,48.6,46.7,20.2,104.8,3.2,459549,17072,15,15,bbr1
0.787,22301,15,17280,48.2,45.2,20.2,104.8,3.3,459549,17076,15,15,bbr1
0.793,25149,17,17280,47.6,43.4,20.2,104.8,3.6,459549,17078,15,15,bbr1
0.799,27515,19,17280,46.8,41.7,20.2,104.8,4.2,459549,17080,15,15,bbr1
0.806,27515,19,17280,46.2,41.6,20.2,104.8,4.4,459549,17082,15,15,bbr1
0.812,27515,19,17280,45.7,42.2,20.2,104.8,4.3,459549,17084,15,15,bbr1
0.821,27515,19,18720,44.5,35.9,20.2,104.8,5.7,459549,17087,15,15,bbr1
0.832,19453,13,15840,43.4,39.9,20.2,104.8,5.1,558475,17089,15,15,bbr1
0.839,22301,15,17280,43.1,40.9,20.2,104.8,4.4,558475,17092,15,15,bbr1
0.848,25149,17,20160,42.9,41.6,20.2,104.8,3.7,558475,17096,15,15,bbr1
0.855,26991,18,20160,42.8,42.0,20.2,104.8,3.0,335085,17098,15,15,bbr1
0.864,26991,18,20160,42.8,42.7,20.2,104.8,2.3,335085,17100,15,15,bbr1
0.867,26991,18,18720,42.8,43.2,20.2,104.8,1.8,335085,17101,15,15,bbr1
0.876,26991,18,17280,42.2,37.6,20.2,104.8,2.7,335085,17103,15,15,bbr1
0.889,19191,13,14400,42.3,44.3,20.2,104.8,2.3,446780,17105,15,15,bbr1
0.899,22039,15,17280,42.7,45.8,20.2,104.8,2.6,446780,17109,15,15,bbr1
0.905,24887,17,17280,43.1,45.8,20.2,104.8,2.7,446780,17111,15,15,bbr1
0.911,26991,18,17280,43.2,43.9,20.2,104.8,2.2,446780,17113,15,15,bbr1
0.918,26991,18,17280,43.1,42.5,20.2,104.8,1.8,446780,17115,15,15,bbr1
0.924,26991,18,17280,42.8,40.6,20.2,104.8,2.0,446780,17117,15,15,bbr1
0.937,19191,13,14455,41.7,39.8,20.2,104.8,2.9,446780,17120,15,15,bbr1
0.946,22039,15,17335,41.5,39.9,20.2,104.8,2.7,446780,17124,15,15,bbr1
0.953,24887,17,17335,41.3,40.5,20.2,104.8,2.2,446780,17126,15,15,bbr1
0.958,26991,18,17335,41.3,40.9,20.2,104.8,1.8,558475,17128,15,15,bbr1
0.966,26991,18,18775,41.2,41.0,20.2,104.8,1.4,558475,17131,15,15,bbr1
0.972,26991,18,18775,41.3,41.8,20.2,104.8,1.2,558475,17133,15,15,bbr1
0.985,19230,13,17280,40.5,39.8,20.2,104.8,1.9,335085,17136,15,15,bbr1
0.991,22078,15,17280,40.5,40.0,20.2,104.8,1.6,335085,17138,15,15,bbr1
1.002,24926,17,18720,40.4,40.1,20.2,104.8,1.2,335085,17141,15,15,bbr1
1.007,26991,18,17280,40.6,41.7,20.2,104.8,1.3,335085,17142,15,15,bbr1
1.014,26991,18,17280,41.0,44.0,20.2,104.8,1.8,446780,17144,15,15,bbr1
1.021,26991,18,17280,41.5,45.2,20.2,104.8,2.4,446780,17146,15,15,bbr1
1.027,26991,18,17280,42.3,47.3,20.2,104.8,3.2,446780,17148,15,15,bbr1
0.007,26991,18,784,41.1,39.6,20.2,104.8,2.6,558475,17151,15,15,bbr1
0.007,14247,9,2880,40.7,38.2,20.2,104.8,2.6,558475,17153,15,15,bbr1
0.034,19943,13,8640,38.7,24.7,20.2,104.8,6.0,558475,17161,15,15,bbr1
0.044,22791,15,12960,37.5,29.3,20.2,104.8,6.8,558475,17166,15,15,bbr1
0.052,25639,17,14400,36.8,31.5,20.2,104.8,6.6,558475,17169,15,15,bbr1
0.060,26991,18,15840,36.3,32.6,20.2,104.8,6.0,558475,17172,15,15,bbr1
0.065,26991,18,15840,34.9,25.6,20.2,104.8,7.2,558475,17174,15,15,bbr1
0.072,26991,18,17280,34.3,30.2,20.2,104.8,6.6,558475,17177,15,15,bbr1
0.078,26991,18,17280,34.1,32.4,20.2,104.8,5.4,558475,17179,15,15,bbr1
0.085,26991,18,18720,34.1,34.0,20.2,104.8,4.1,558475,17182,15,15,bbr1
0.093,26991,18,20160,34.3,35.7,20.2,104.8,3.5,558475,17185,15,15,bbr1
0.100,26991,18,20160,34.7,37.3,20.2,104.8,3.4,335085,17187,15,15,bbr1
0.109,26991,18,20160,35.2,39.1,20.2,104.8,3.6,335085,17189,15,15,bbr1
0.113,26991,18,18720,35.9,40.8,20.2,104.8,4.1,335085,17190,15,15,bbr1
0.121,26991,18,18720,36.7,42.6,20.2,104.8,4.8,335085,17192,15,15,bbr1
0.130,26991,18,18720,37.7,44.1,20.2,104.8,5.4,335085,17194,15,15,bbr1
0.134,26991,18,17280,38.7,45.9,20.2,104.8,6.1,335085,17195,15,15,bbr1
0.142,26991,18,17280,39.8,47.5,20.2,104.8,6.8,446780,17197,15,15,bbr1
0.153,19191,13,14400,41.8,47.5,20.2,104.8,7.2,446780,17199,15,15,bbr1
0.163,22039,15,17280,42.3,45.8,20.2,104.8,6.4,443305,17203,15,15,bbr1
0.170,24887,17,17280,42.5,44.1,20.2,104.8,5.3,443305,17205,15,15,bbr1
0.176,26848,18,17280,42.5,42.1,20.2,104.8,4.1,443305,17207,15,15,bbr1
0.183,26848,18,17280,42.2,40.6,20.2,104.8,3.5,443305,17209,15,15,bbr1
0.189,26848,18,17280,42.1,41.0,20.2,104.8,2.9,443305,17211,15,15,bbr1
0.195,26848,18,17280,41.1,34.2,20.2,104.8,4.2,554131,17213,15,15,bbr1
0.206,19120,13,14400,40.4,38.2,20.2,104.8,3.5,554131,17215,15,15,bbr1
0.214,21968,15,17280,40.2,38.7,20.2,104.8,3.1,554131,17219,15,15,bbr1
0.222,24816,17,18720,40.1,39.1,20.2,104.8,2.6,554131,17222,15,15,bbr1
0.227,26848,18,18720,40.0,39.2,20.2,104.8,2.1,554131,17224,15,15,bbr1
0.235,26848,18,20160,39.9,39.8,20.2,104.8,1.6,554131,17227,15,15,bbr1
0.245,26848,18,21600,40.0,40.9,20.2,104.8,1.5,332478,17230,15,15,bbr1
0.249,26848,18,20160,39.5,36.0,20.2,104.8,2.1,332478,17231,15,15,bbr1
0.261,19120,13,17280,40.1,42.7,20.2,104.8,2.2,332478,17233,15,15,bbr1
0.268,21968,15,17280,40.6,44.1,20.2,104.8,2.7,443305,17235,15,15,bbr1
0.278,24816,17,20160,41.3,46.0,20.2,104.8,3.3,443305,17239,15,15,bbr1
0.285,26848,18,20160,42.0,47.5,20.2,104.8,4.1,443305,17241,15,15,bbr1
0.291,26848,18,20160,42.9,48.7,20.2,104.8,4.7,443305,17243,15,15,bbr1
0.298,26848,18,20160,43.6,49.0,20.2,104.8,5.1,443305,17245,15,15,bbr1
0.304,26765,18,20160,44.1,47.3,20.2,104.8,4.7,441294,17247,15,15,bbr1
0.316,19078,13,17280,44.4,45.9,20.2,104.8,3.2,441294,17249,15,15,bbr1
0.323,21926,15,17280,44.6,46.2,20.2,104.8,2.9,441294,17251,15,15,bbr1
0.333,24774,17,20160,44.9,46.6,20.2,104.8,2.6,441294,17255,15,15,bbr1
0.340,26765,18,20160,45.1,46.8,20.2,104.8,2.5,441294,17257,15,15,bbr1
0.346,26765,18,20160,45.4,47.3,20.2,104.8,2.4,441294,17259,15,15,bbr1
0.352,26765,18,18720,45.5,45.9,20.2,104.8,1.9,551617,17261,15,15,bbr1
0.369,20502,14,15840,44.4,41.1,20.2,104.8,2.9,551617,17264,15,15,bbr1
0.377,23350,16,18720,44.5,44.8,20.2,104.8,2.2,551617,17268,15,15,bbr1
0.385,26198,18,20160,44.6,45.1,20.2,104.8,1.8,551617,17271,15,15,bbr1
0.392,26765,18,20160,44.6,45.1,20.2,104.8,1.5,330970,17273,15,15,bbr1
0.401,26765,18,20160,44.8,45.7,20.2,104.8,1.4,330970,17275,15,15,bbr1
0.405,26765,18,18720,45.0,46.8,20.2,104.8,1.6,330970,17276,15,15,bbr1
0.414,17654,12,17280,44.3,39.2,20.2,104.8,2.6,330970,17278,15,15,bbr1
0.420,20502,14,15840,44.3,44.2,20.2,104.8,2.0,441294,17279,15,15,bbr1
0.430,23350,16,18720,44.5,45.9,20.2,104.8,1.9,441294,17283,15,15,bbr1
0.437,26198,18,18720,44.9,47.5,20.2,104.8,2.2,441294,17285,15,15,bbr1
0.443,26765,18,18720,45.2,47.4,20.2,104.8,2.3,441294,17287,15,15,bbr1
0.450,26765,18,18720,45.2,45.5,20.2,104.8,1.8,441294,17289,15,15,bbr1
0.457,25926,18,18720,45.0,43.4,20.2,104.8,1.8,420865,17291,15,15,bbr1
0.472,20083,13,14400,44.1,43.0,20.2,104.8,2.4,420865,17293,15,15,bbr1
0.479,22931,15,15840,44.0,43.3,20.2,104.8,2.0,420865,17296,15,15,bbr1
0.485,25779,17,15840,43.9,43.3,20.2,104.8,1.7,526081,17298,15,15,bbr1
0.493,25926,18,17280,43.9,44.0,20.2,104.8,1.3,526081,17301,15,15,bbr1
0.501,25926,18,18720,44.0,44.3,20.2,104.8,1.0,526081,17304,15,15,bbr1
0.507,25926,18,18720,44.0,44.4,20.2,104.8,0.9,526081,17306,15,15,bbr1
0.512,25926,18,18720,42.8,34.2,20.2,104.8,3.1,526081,17308,15,15,bbr1
0.525,18659,12,17280,41.6,37.7,20.2,104.8,3.9,315648,17311,15,15,bbr1
0.532,21507,14,15840,41.3,39.3,20.2,104.8,3.5,315648,17312,15,15,bbr1
0.541,24355,16,17280,41.3,41.1,20.2,104.8,2.6,315648,17315,15,15,bbr1
0.545,25926,18,15840,41.4,42.4,20.2,104.8,2.3,420865,17316,15,15,bbr1
0.555,26013,18,17280,41.7,43.4,20.2,104.8,2.2,422973,17319,15,15,bbr1
0.561,26013,18,17280,42.1,45.1,20.2,104.8,2.5,422973,17321,15,15,bbr1
0.568,26013,18,17280,42.7,46.6,20.2,104.8,3.0,422973,17323,15,15,bbr1
0.574,17278,11,15840,42.2,39.3,20.2,104.8,3.1,562880,17325,15,15,bbr1
0.583,20126,13,14400,42.0,40.4,20.2,104.8,2.8,562880,17326,15,15,bbr1
0.591,22974,15,17280,41.8,40.4,20.2,104.8,2.5,562880,17330,15,15,bbr1
0.599,25822,17,18720,41.6,40.5,20.2,104.8,2.2,562880,17333,15,15,bbr1
0.604,27135,18,18720,41.5,40.5,20.2,104.8,1.9,562880,17335,15,15,bbr1
0.612,27135,18,20160,41.4,40.6,20.2,104.8,1.7,562880,17338,15,15,bbr1
0.619,27135,18,21600,41.4,41.4,20.2,104.8,1.3,562880,17341,15,15,bbr1
0.638,22111,15,17280,41.0,42.9,20.2,104.8,1.9,337728,17344,15,15,bbr1
0.646,24959,17,18720,41.4,44.2,20.2,104.8,2.2,450304,17347,15,15,bbr1
0.652,27135,18,18720,42.1,46.4,20.2,104.8,2.9,450304,17349,15,15,bbr1
0.658,27135,18,18720,42.8,48.1,20.2,104.8,3.7,450304,17351,15,15,bbr1
0.668,27135,18,20160,43.7,49.8,20.2,104.8,4.5,450304,17354,15,15,bbr1
0.674,27135,18,18720,44.5,50.4,20.2,104.8,5.0,562880,17356,15,15,bbr1
0.691,20687,14,15840,43.9,43.1,20.2,104.8,3.8,562880,17359,15,15,bbr1
0.699,23535,16,18720,44.0,44.1,20.2,104.8,2.9,562880,17363,15,15,bbr1
0.707,26383,18,20160,43.8,42.6,20.2,104.8,2.5,562880,17366,15,15,bbr1
0.711,27135,18,20160,43.9,44.8,20.2,104.8,2.1,562880,17368,15,15,bbr1
0.719,27135,18,21600,44.1,45.1,20.2,104.8,1.9,562880,17371,15,15,bbr1
0.728,27135,18,23040,44.4,47.0,20.2,104.8,2.2,337728,17374,15,15,bbr1
0.742,20687,14,17280,43.8,44.0,20.2,104.8,2.2,337728,17375,15,15,bbr1
0.750,23535,16,18720,44.1,46.3,20.2,104.8,2.3,450304,17378,15,15,bbr1
0.756,26383,18,18720,44.6,47.6,20.2,104.8,2.5,450304,17380,15,15,bbr1
0.766,27135,18,20160,45.2,49.7,20.2,104.8,3.2,450304,17383,15,15,bbr1
0.772,27135,18,20160,45.9,50.9,20.2,104.8,3.8,450304,17385,15,15,bbr1
0.779,27135,18,20160,46.8,53.2,20.2,104.8,4.7,450304,17387,15,15,bbr1
0.785,27135,18,20160,47.6,53.2,20.2,104.8,5.1,450304,17389,15,15,bbr1
0.797,19263,13,17280,46.8,45.1,20.2,104.8,4.2,562880,17391,15,15,bbr1
0.804,22111,15,17280,46.7,46.0,20.2,104.8,3.4,562880,17393,15,15,bbr1
0.812,24959,17,20160,46.7,46.5,20.2,104.8,2.6,562880,17397,15,15,bbr1
0.820,27135,18,21600,46.7,46.8,20.2,104.8,2.0,562880,17400,15,15,bbr1
0.826,27135,18,21600,46.8,47.4,20.2,104.8,1.6,337728,17402,15,15,bbr1
0.835,27135,18,20160,46.6,45.9,20.2,104.8,1.5,337728,17404,15,15,bbr1
0.850,20687,14,15840,45.3,41.0,20.2,104.8,3.1,337728,17406,15,15,bbr1
0.858,23535,16,17280,45.3,45.5,20.2,104.8,2.4,450304,17409,15,15,bbr1
0.864,26383,18,17280,45.7,47.9,20.2,104.8,2.4,450304,17411,15,15,bbr1
0.874,27135,18,18720,46.1,49.1,20.2,104.8,2.7,450304,17414,15,15,bbr1
0.880,27135,18,18720,46.5,49.2,20.2,104.8,2.8,562880,17416,15,15,bbr1
0.884,27135,18,18720,46.7,47.9,20.2,104.8,2.4,562880,17418,15,15,bbr1
0.901,20687,14,15840,45.2,41.7,20.2,104.8,3.8,562880,17421,15,15,bbr1
0.909,23535,16,18720,44.9,42.6,20.2,104.8,3.5,562880,17425,15,15,bbr1
0.917,26383,18,20160,44.7,43.0,20.2,104.8,3.1,562880,17428,15,15,bbr1
0.922,27135,18,20160,44.5,43.3,20.2,104.8,2.7,562880,17430,15,15,bbr1
0.930,27135,18,21600,44.6,45.2,20.2,104.8,2.2,562880,17433,15,15,bbr1
0.939,27135,18,23040,44.8,46.6,20.2,104.8,2.1,337728,17436,15,15,bbr1
0.953,20687,14,17280,44.2,44.5,20.2,104.8,2.3,337728,17437,15,15,bbr1
0.961,23535,16,18720,44.4,46.3,20.2,104.8,2.2,450304,17440,15,15,bbr1
0.967,26383,18,18720,44.8,47.6,20.2,104.8,2.5,450304,17442,15,15,bbr1
0.976,27135,18,20160,45.4,49.6,20.2,104.8,3.0,450304,17445,15,15,bbr1
0.982,27135,18,20160,46.2,51.4,20.2,104.8,3.8,562880,17447,15,15,bbr1
0.987,27135,18,18720,46.9,52.2,20.2,104.8,4.3,562880,17449,15,15,bbr1
1.006,20687,14,17280,45.8,43.3,20.2,104.8,4.2,562880,17453,15,15,bbr1
1.013,23535,16,18720,45.7,44.3,20.2,104.8,3.6,562880,17456,15,15,bbr1
1.022,26383,18,21600,45.5,44.8,20.2,104.8,2.9,562880,17460,15,15,bbr1
1.028,27135,18,21600,45.5,45.0,20.2,104.8,2.3,337728,17462,15,15,bbr1
1.037,27135,18,21600,45.7,46.9,20.2,104.8,2.1,337728,17464,15,15,bbr1
1.041,27135,18,20160,46.0,48.0,20.2,104.8,2.2,337728,17465,15,15,bbr1
1.049,27135,18,20160,46.5,50.3,20.2,104.8,2.7,337728,17467,15,15,bbr1
1.058,26879,18,20160,46.0,42.8,20.2,104.8,3.0,333043,17469,15,15,bbr1
1.067,19135,13,15840,46.5,49.6,20.2,104.8,2.6,333043,17470,15,15,bbr1
1.075,21983,15,17280,47.1,51.0,20.2,104.8,3.1,444058,17473,15,15,bbr1
1.081,24831,17,17280,47.6,51.1,20.2,104.8,3.3,444058,17475,15,15,bbr1
1.088,26879,18,17280,47.8,49.7,20.2,104.8,3.0,444058,17477,15,15,bbr1
1.098,26879,18,18720,47.8,47.8,20.2,104.8,2.3,444058,17480,15,15,bbr1
1.104,26879,18,18720,47.6,46.3,20.2,104.8,2.1,444058,17482,15,15,bbr1
1.110,17711,12,17280,46.6,39.4,20.2,104.8,3.6,555072,17484,15,15,bbr1
1.119,20559,14,15840,46.0,41.6,20.2,104.8,3.9,555072,17485,15,15,bbr1
1.127,23407,16,18720,45.5,42.4,20.2,104.8,3.9,555072,17489,15,15,bbr1
1.135,26255,18,20160,45.2,42.8,20.2,104.8,3.6,555072,17492,15,15,bbr1
1.142,26879,18,20160,44.9,43.2,20.2,104.8,3.2,333043,17494,15,15,bbr1
1.150,26879,18,20160,44.8,43.4,20.2,104.8,2.8,333043,17496,15,15,bbr1
1.154,26733,18,17280,44.5,43.0,20.2,104.8,2.5,330382,17497,15,15,bbr1
1.168,19062,13,14400,43.5,42.5,20.2,104.8,3.0,440510,17499,15,15,bbr1
1.178,21910,15,17280,43.6,44.2,20.2,104.8,2.4,440510,17503,15,15,bbr1
1.184,24758,17,17280,43.9,45.7,20.2,104.8,2.4,550637,17505,15,15,bbr1
1.189,26733,18,17280,44.1,45.6,20.2,104.8,2.2,550637,17507,15,15,bbr1
1.197,26733,18,18720,44.0,43.7,20.2,104.8,1.7,550637,17510,15,15,bbr1
1.205,26733,18,20160,43.8,42.1,20.2,104.8,1.8,550637,17513,15,15,bbr1
1.212,26733,18,20160,42.8,35.9,20.2,104.8,3.3,330382,17515,15,15,bbr1
1.223,19062,13,15840,42.1,39.9,20.2,104.8,3.1,330382,17516,15,15,bbr1
0.006,17638,12,645,43.0,39.3,20.2,104.8,3.4,554038,17520,15,15,bbr1
0.006,18212,12,2935,43.4,46.3,20.2,104.8,3.4,554038,17522,15,15,bbr1
0.033,23947,16,12960,40.9,23.5,20.2,104.8,7.5,554038,17533,15,15,bbr1
0.041,26795,18,14400,39.1,26.8,20.2,104.8,9.2,554038,17536,15,15,bbr1
0.048,26845,18,15840,37.8,28.3,20.2,104.8,9.6,554038,17539,15,15,bbr1
0.056,26845,18,17280,36.8,29.5,20.2,104.8,9.2,554038,17542,15,15,bbr1
0.061,26845,18,17280,36.1,31.8,20.2,104.8,8.2,554038,17544,15,15,bbr1
0.069,26845,18,18720,35.7,33.0,20.2,104.8,6.9,554038,17547,15,15,bbr1
0.077,26845,18,20160,35.6,34.4,20.2,104.8,5.5,554038,17550,15,15,bbr1
0.084,26845,18,20160,35.7,36.7,20.2,104.8,4.4,332423,17552,15,15,bbr1
0.092,26845,18,20160,36.0,38.1,20.2,104.8,3.9,332423,17554,15,15,bbr1
0.097,26845,18,18720,36.4,39.5,20.2,104.8,3.8,332423,17555,15,15,bbr1
0.105,26845,18,18720,37.1,41.6,20.2,104.8,4.1,332423,17557,15,15,bbr1
0.110,26845,18,17280,37.8,42.7,20.2,104.8,4.5,332423,17558,15,15,bbr1
0.118,26845,18,17280,38.7,44.9,20.2,104.8,5.2,443231,17560,15,15,bbr1
0.124,26845,18,17280,39.7,46.4,20.2,104.8,5.8,443231,17562,15,15,bbr1
0.130,26845,18,17280,40.7,47.6,20.2,104.8,6.4,443231,17564,15,15,bbr1
0.137,26845,18,17280,41.4,46.4,20.2,104.8,6.2,443231,17566,15,15,bbr1
0.150,19118,13,14400,41.8,42.8,20.2,104.8,4.3,443231,17568,15,15,bbr1
0.160,21966,15,17280,41.7,41.0,20.2,104.8,3.4,443231,17572,15,15,bbr1
0.166,24814,17,17280,41.6,40.9,20.2,104.8,2.8,443231,17574,15,15,bbr1
0.172,26845,18,17280,41.6,41.7,20.2,104.8,2.1,443231,17576,15,15,bbr1
0.179,26845,18,17280,41.7,42.0,20.2,104.8,1.6,443231,17578,15,15,bbr1
0.185,26845,18,15840,40.7,34.2,20.2,104.8,3.1,554038,17580,15,15,bbr1
0.190,26845,18,17280,39.9,34.3,20.2,104.8,3.9,554038,17582,15,15,bbr1
0.203,19118,13,15840,39.5,38.1,20.2,104.8,3.0,554038,17585,15,15,bbr1
0.210,21966,15,17280,39.3,38.3,20.2,104.8,2.5,554038,17588,15,15,bbr1
0.219,24814,17,20160,39.3,39.1,20.2,104.8,2.0,554038,17592,15,15,bbr1
0.234,26845,18,20160,39.5,41.1,20.2,104.8,1.5,332423,17596,15,15,bbr1
0.238,26845,18,18720,39.9,42.7,20.2,104.8,2.0,332423,17597,15,15,bbr1
0.247,17694,12,17280,39.8,39.3,20.2,104.8,1.6,337374,17599,15,15,bbr1
0.254,20542,14,15840,40.2,42.8,20.2,104.8,2.0,449833,17600,15,15,bbr1
0.264,23390,16,18720,41.0,46.1,20.2,104.8,2.9,449833,17604,15,15,bbr1
0.270,26238,18,18720,41.8,47.5,20.2,104.8,3.8,449833,17606,15,15,bbr1
0.277,27116,18,18720,42.5,47.6,20.2,104.8,4.3,449833,17608,15,15,bbr1
0.283,27116,18,18720,42.9,45.5,20.2,104.8,4.0,449833,17610,15,15,bbr1
0.289,27116,18,18720,43.0,43.9,20.2,104.8,3.3,449833,17612,15,15,bbr1
0.295,17830,12,17280,42.6,39.4,20.2,104.8,3.3,562291,17614,15,15,bbr1
0.305,20678,14,15840,42.6,43.2,20.2,104.8,2.7,562291,17615,15,15,bbr1
0.313,23526,16,18720,42.7,43.3,20.2,104.8,2.2,562291,17619,15,15,bbr1
0.321,26374,18,20160,42.9,44.0,20.2,104.8,1.9,562291,17622,15,15,bbr1
0.326,27116,18,20160,43.1,44.4,20.2,104.8,1.8,562291,17624,15,15,bbr1
0.334,27116,18,21600,43.3,44.9,20.2,104.8,1.8,562291,17627,15,15,bbr1
0.343,27116,18,23040,43.6,45.5,20.2,104.8,1.9,337374,17630,15,15,bbr1
0.355,20678,14,17280,42.8,42.8,20.2,104.8,2.2,337374,17631,15,15,bbr1
0.363,23526,16,18720,43.0,44.4,20.2,104.8,2.1,449833,17634,15,15,bbr1
0.369,26374,18,18720,43.4,45.9,20.2,104.8,2.3,449833,17636,15,15,bbr1
0.379,27116,18,20160,44.0,48.0,20.2,104.8,2.9,449833,17639,15,15,bbr1
0.386,27116,18,20160,44.6,49.5,20.2,104.8,3.5,449833,17641,15,15,bbr1
0.391,27116,18,20160,45.5,51.3,20.2,104.8,4.3,449833,17643,15,15,bbr1
0.398,27116,18,20160,46.2,51.4,20.2,104.8,4.7,449833,17645,15,15,bbr1
0.404,27116,18,20160,45.8,42.7,20.2,104.8,4.4,449833,17647,15,15,bbr1
0.417,19254,13,17335,45.7,45.9,20.2,104.8,2.6,562291,17650,15,15,bbr1
0.424,22102,15,17335,45.8,46.4,20.2,104.8,2.2,562291,17652,15,15,bbr1
0.432,24950,17,20215,45.9,46.8,20.2,104.8,1.9,562291,17656,15,15,bbr1
0.441,27116,18,21655,46.0,46.8,20.2,104.8,1.6,337374,17659,15,15,bbr1
0.445,27116,18,20215,46.3,47.7,20.2,104.8,1.6,337374,17660,15,15,bbr1
0.454,27116,18,20215,46.4,47.8,20.2,104.8,1.6,337374,17662,15,15,bbr1
0.458,27116,18,18775,46.8,49.1,20.2,104.8,1.9,337374,17663,15,15,bbr1
0.472,19293,13,15895,45.9,42.9,20.2,104.8,2.6,337374,17666,15,15,bbr1
0.479,22141,15,17335,46.1,47.4,20.2,104.8,2.4,449833,17669,15,15,bbr1
0.486,24989,17,17335,46.5,49.7,20.2,104.8,2.7,449833,17671,15,15,bbr1
0.495,27116,18,18775,46.9,49.8,20.2,104.8,2.8,449833,17674,15,15,bbr1
0.502,27116,18,18775,47.1,48.0,20.2,104.8,2.4,449833,17676,15,15,bbr1
0.508,27116,18,18775,47.0,46.3,20.2,104.8,2.0,449833,17678,15,15,bbr1
0.515,17869,12,17280,46.0,39.4,20.2,104.8,3.4,449833,17680,15,15,bbr1
0.523,20717,14,15840,45.5,41.9,20.2,104.8,3.6,449833,17681,15,15,bbr1
0.533,24989,17,17280,45.0,41.2,20.2,104.8,3.7,449833,17685,15,15,bbr1
0.540,27116,18,17280,44.5,41.5,20.2,104.8,3.7,449833,17687,15,15,bbr1
0.546,27116,18,17280,44.2,41.5,20.2,104.8,3.5,449833,17689,15,15,bbr1
0.555,27116,18,18720,43.9,42.5,20.2,104.8,3.1,449833,17692,15,15,bbr1
0.566,19254,13,15840,43.0,37.6,20.2,104.8,3.5,562291,17694,15,15,bbr1
0.573,22102,15,17280,42.8,41.5,20.2,104.8,3.0,562291,17697,15,15,bbr1
0.582,24950,17,20160,42.6,41.6,20.2,104.8,2.6,562291,17701,15,15,bbr1
0.586,27116,18,20160,42.5,41.8,20.2,104.8,2.1,562291,17703,15,15,bbr1
0.594,27116,18,21600,42.6,42.7,20.2,104.8,1.6,562291,17706,15,15,bbr1
0.604,27116,18,23040,42.6,43.1,20.2,104.8,1.4,337374,17709,15,15,bbr1
0.617,20678,14,17280,42.3,42.8,20.2,104.8,1.5,337374,17710,15,15,bbr1
0.625,23526,16,18720,42.8,46.2,20.2,104.8,2.1,449833,17713,15,15,bbr1
0.631,26374,18,18720,43.4,47.5,20.2,104.8,2.8,449833,17715,15,15,bbr1
0.641,27116,18,20160,44.1,49.6,20.2,104.8,3.6,449833,17718,15,15,bbr1
0.648,27116,18,20160,45.0,51.1,20.2,104.8,4.5,449833,17720,15,15,bbr1
0.654,27116,18,20160,46.0,53.0,20.2,104.8,5.4,449833,17722,15,15,bbr1
0.660,27116,18,20160,46.9,53.1,20.2,104.8,5.8,449833,17724,15,15,bbr1
0.666,27116,18,20160,46.4,42.8,20.2,104.8,5.4,449833,17726,15,15,bbr1
0.679,19254,13,17280,46.2,45.9,20.2,104.8,3.3,449833,17728,15,15,bbr1
0.686,23526,16,15840,46.0,44.8,20.2,104.8,2.8,449833,17730,15,15,bbr1
0.695,26374,18,18720,45.9,44.9,20.2,104.8,2.4,562291,17734,15,15,bbr1
0.702,27116,18,20160,45.9,45.8,20.2,104.8,1.8,562291,17737,15,15,bbr1
0.717,26394,18,21600,46.0,46.7,20.2,104.8,1.2,324195,17742,15,15,bbr1
0.732,20317,14,15840,44.8,41.1,20.2,104.8,2.7,324195,17743,15,15,bbr1
0.740,23165,16,17280,44.8,45.0,20.2,104.8,2.0,432260,17746,15,15,bbr1
0.747,26013,18,17280,45.0,46.0,20.2,104.8,1.8,432260,17748,15,15,bbr1
0.754,26394,18,17280,45.4,48.3,20.2,104.8,2.2,432260,17750,15,15,bbr1
0.760,26394,18,17280,46.0,50.1,20.2,104.8,2.8,432260,17752,15,15,bbr1
0.766,26394,18,17280,46.6,51.0,20.2,104.8,3.4,432260,17754,15,15,bbr1
0.773,17469,12,15840,45.7,39.3,20.2,104.8,4.4,432260,17756,15,15,bbr1
0.783,20317,14,15840,45.2,41.6,20.2,104.8,4.3,432260,17758,15,15,bbr1
0.793,23165,16,18720,44.7,41.6,20.2,104.8,4.1,432260,17762,15,15,bbr1
0.800,26013,18,18720,44.3,41.7,20.2,104.8,3.9,432260,17764,15,15,bbr1
0.807,26394,18,18720,44.1,42.3,20.2,104.8,3.4,432260,17766,15,15,bbr1
0.814,26394,18,18720,43.9,42.5,20.2,104.8,2.9,432260,17768,15,15,bbr1
0.824,20317,14,14400,43.2,39.4,20.2,104.8,3.0,540325,17770,15,15,bbr1
0.835,23165,16,18720,43.2,42.9,20.2,104.8,2.3,540325,17775,15,15,bbr1
0.844,26013,18,20160,43.2,43.1,20.2,104.8,1.7,540325,17778,15,15,bbr1
0.850,26394,18,20160,43.0,41.5,20.2,104.8,1.7,324195,17780,15,15,bbr1
0.855,26394,18,18720,42.8,41.6,20.2,104.8,1.6,324195,17781,15,15,bbr1
0.864,26394,18,18720,42.6,41.7,20.2,104.8,1.5,324195,17783,15,15,bbr1
0.874,18893,13,14455,42.1,42.5,20.2,104.8,1.9,432260,17785,15,15,bbr1
0.884,21741,15,17335,42.3,44.0,20.2,104.8,1.9,432260,17789,15,15,bbr1
0.891,24589,17,17335,42.7,45.6,20.2,104.8,2.2,432260,17791,15,15,bbr1
0.898,26394,18,17335,43.3,47.0,20.2,104.8,2.8,432260,17793,15,15,bbr1
0.904,26394,18,17335,43.5,45.0,20.2,104.8,2.5,432260,17795,15,15,bbr1
0.911,26394,18,17335,43.4,43.0,20.2,104.8,2.0,432260,17797,15,15,bbr1
0.917,26394,18,17280,42.5,36.1,20.2,104.8,3.3,432260,17799,15,15,bbr1
0.929,18893,13,14455,41.9,39.8,20.2,104.8,3.0,432260,17802,15,15,bbr1
0.939,21741,15,17335,41.6,40.0,20.2,104.8,2.7,432260,17806,15,15,bbr1
0.946,24589,17,17335,41.4,40.1,20.2,104.8,2.4,432260,17808,15,15,bbr1
0.953,26394,18,17335,41.3,40.4,20.2,104.8,2.1,432260,17810,15,15,bbr1
0.959,26394,18,17335,41.2,40.6,20.2,104.8,1.7,432260,17812,15,15,bbr1
0.966,26394,18,17335,41.2,40.8,20.2,104.8,1.4,432260,17814,15,15,bbr1
0.972,26394,18,17280,40.5,36.0,20.2,104.8,2.3,540325,17816,15,15,bbr1
0.984,18893,13,14455,40.3,39.8,20.2,104.8,1.6,540325,17819,15,15,bbr1
0.992,21741,15,17335,40.3,40.0,20.2,104.8,1.3,540325,17823,15,15,bbr1
1.000,24589,17,18775,40.3,40.1,20.2,104.8,1.0,540325,17826,15,15,bbr1
1.005,26394,18,18775,40.2,40.1,20.2,104.8,0.8,540325,17828,15,15,bbr1
1.013,26394,18,20215,40.3,40.6,20.2,104.8,0.7,540325,17831,15,15,bbr1
1.020,26394,18,20215,40.4,41.6,20.2,104.8,0.8,324195,17833,15,15,bbr1
1.029,26394,18,20160,39.9,35.9,20.2,104.8,1.8,324195,17835,15,15,bbr1
1.039,20317,14,14455,40.2,41.4,20.2,104.8,1.5,332351,17837,15,15,bbr1
0.005,15512,10,0,41.7,37.7,20.2,104.8,3.3,443135,17839,15,15,bbr1
0.006,18089,12,0,40.0,27.7,20.2,104.8,5.9,443135,17841,15,15,bbr1
0.033,22361,15,11520,38.0,24.4,20.2,104.8,8.3,553918,17852,15,15,bbr1
0.040,25209,17,12960,36.8,28.0,20.2,104.8,8.8,553918,17855,15,15,bbr1
0.047,26841,18,14400,35.7,28.3,20.2,104.8,8.7,553918,17858,15,15,bbr1
0.055,26841,18,15840,34.8,28.6,20.2,104.8,8.3,553918,17861,15,15,bbr1
0.061,26841,18,15840,34.1,28.9,20.2,104.8,7.7,553918,17863,15,15,bbr1
0.068,26841,18,17280,33.6,30.4,20.2,104.8,6.7,553918,17866,15,15,bbr1
0.076,26841,18,18720,33.4,32.2,20.2,104.8,5.4,553918,17869,15,15,bbr1
0.082,26841,18,18720,33.5,33.7,20.2,104.8,4.1,553918,17871,15,15,bbr1
0.089,26841,18,20160,33.7,35.0,20.2,104.8,3.4,553918,17874,15,15,bbr1
0.096,26841,18,20160,34.1,37.1,20.2,104.8,3.5,332351,17876,15,15,bbr1
0.105,26841,18,20160,34.6,38.3,20.2,104.8,3.6,332351,17878,15,15,bbr1
0.109,26841,18,18720,35.3,39.9,20.2,104.8,4.1,332351,17879,15,15,bbr1
0.118,26841,18,18720,36.1,41.6,20.2,104.8,4.6,332351,17881,15,15,bbr1
0.122,26841,18,17280,37.0,43.7,20.2,104.8,5.4,332351,17882,15,15,bbr1
0.130,26841,18,17280,38.0,45.1,20.2,104.8,6.1,443135,17884,15,15,bbr1
0.136,26841,18,17280,39.1,46.5,20.2,104.8,6.7,443135,17886,15,15,bbr1
0.149,19116,13,14400,41.1,46.9,20.2,104.8,7.2,443135,17888,15,15,bbr1
0.159,21964,15,17280,41.6,45.0,20.2,104.8,6.4,443135,17892,15,15,bbr1
0.166,24812,17,17280,41.8,43.1,20.2,104.8,5.2,443135,17894,15,15,bbr1
0.172,26841,18,17280,41.8,41.5,20.2,104.8,4.0,443135,17896,15,15,bbr1
0.178,26841,18,17280,41.8,41.8,20.2,104.8,3.0,443135,17898,15,15,bbr1
0.185,26841,18,17280,41.8,42.0,20.2,104.8,2.3,443135,17900,15,15,bbr1
0.191,17692,12,15840,41.3,37.8,20.2,104.8,2.7,443135,17902,15,15,bbr1
0.199,20540,14,15840,40.9,37.9,20.2,104.8,2.9,443135,17904,15,15,bbr1
0.208,23388,16,17280,40.5,38.0,20.2,104.8,2.9,443135,17907,15,15,bbr1
0.214,26236,18,17280,40.3,38.8,20.2,104.8,2.6,443135,17909,15,15,bbr1
0.220,26841,18,17280,40.1,39.1,20.2,104.8,2.2,443135,17911,15,15,bbr1
0.227,26841,18,17280,40.1,39.5,20.2,104.8,1.8,443135,17913,15,15,bbr1
0.240,19116,13,14400,40.0,39.3,20.2,104.8,1.2,553918,17915,15,15,bbr1
0.248,21964,15,17280,40.0,40.6,20.2,104.8,1.1,553918,17919,15,15,bbr1
0.255,24812,17,18720,40.1,40.9,20.2,104.8,1.0,553918,17922,15,15,bbr1
0.260,26841,18,18720,40.3,41.0,20.2,104.8,1.0,553918,17924,15,15,bbr1
0.268,26841,18,20160,40.4,41.7,20.2,104.8,1.1,553918,17927,15,15,bbr1
0.278,26841,18,21600,40.8,43.2,20.2,104.8,1.5,332351,17930,15,15,bbr1
0.282,26841,18,20160,40.2,36.0,20.2,104.8,2.3,332351,17931,15,15,bbr1
0.295,19116,13,17280,40.6,43.0,20.2,104.8,2.1,332351,17933,15,15,bbr1
0.302,21964,15,17280,41.1,44.2,20.2,104.8,2.5,443135,17935,15,15,bbr1
0.309,26236,18,17280,41.5,44.7,20.2,104.8,2.8,443973,17938,15,15,bbr1
0.318,26875,18,18720,42.2,46.9,20.2,104.8,3.4,443973,17941,15,15,bbr1
0.324,26875,18,18720,43.2,50.3,20.2,104.8,4.6,443973,17943,15,15,bbr1
0.331,27469,19,17280,43.1,42.3,20.2,104.8,3.7,458439,17945,15,15,bbr1
0.346,20854,14,14400,42.5,40.6,20.2,104.8,3.1,458439,17948,15,15,bbr1
0.356,23702,16,17280,42.3,40.8,20.2,104.8,2.7,458439,17952,15,15,bbr1
0.362,26550,18,17280,42.2,41.2,20.2,104.8,2.3,458439,17954,15,15,bbr1
0.371,27469,19,18720,42.1,42.0,20.2,104.8,1.8,458439,17957,15,15,bbr1
0.377,27469,19,18720,42.2,42.6,20.2,104.8,1.4,458439,17959,15,15,bbr1
0.384,27469,19,18720,42.3,42.9,20.2,104.8,1.3,458439,17961,15,15,bbr1
0.395,19430,13,15840,41.7,41.5,20.2,104.8,1.6,458439,17963,15,15,bbr1
0.402,22278,15,17280,41.7,42.0,20.2,104.8,1.3,458439,17966,15,15,bbr1
0.411,25126,17,18720,41.6,40.9,20.2,104.8,1.2,458439,17969,15,15,bbr1
0.417,27469,19,18720,41.8,43.2,20.2,104.8,1.3,573048,17971,15,15,bbr1
0.424,27469,19,20160,42.0,43.8,20.2,104.8,1.5,573048,17974,15,15,bbr1
0.432,27469,19,21600,42.3,44.1,20.2,104.8,1.6,573048,17977,15,15,bbr1
0.439,27469,19,20160,41.9,39.3,20.2,104.8,1.9,343829,17979,15,15,bbr1
0.454,19430,13,17280,42.2,43.4,20.2,104.8,1.6,343829,17981,15,15,bbr1
0.461,22278,15,17280,42.5,44.5,20.2,104.8,1.8,458439,17983,15,15,bbr1
0.470,25126,17,20160,43.0,46.3,20.2,104.8,2.3,458439,17987,15,15,bbr1
0.476,27469,19,20160,43.6,48.1,20.2,104.8,3.0,458439,17989,15,15,bbr1
0.483,27469,19,20160,44.4,50.0,20.2,104.8,3.8,458439,17991,15,15,bbr1
0.489,27469,19,20160,45.3,51.7,20.2,104.8,4.7,458439,17993,15,15,bbr1
0.495,27469,19,20160,45.9,50.2,20.2,104.8,4.8,458439,17995,15,15,bbr1
0.507,19430,13,18720,44.8,41.0,20.2,104.8,4.7,458439,17998,15,15,bbr1
0.514,22278,15,17280,44.8,44.9,20.2,104.8,3.6,458439,17999,15,15,bbr1
0.523,25126,17,20160,44.8,45.0,20.2,104.8,2.7,458439,18003,15,15,bbr1
0.529,27469,19,20160,45.0,46.0,20.2,104.8,2.3,458439,18005,15,15,bbr1
0.536,27469,19,20160,45.2,46.6,20.2,104.8,2.2,458439,18007,15,15,bbr1
0.542,27469,19,20160,45.4,47.1,20.2,104.8,2.1,458439,18009,15,15,bbr1
0.548,27469,19,20160,45.7,47.9,20.2,104.8,2.2,458439,18011,15,15,bbr1
0.562,19430,13,17280,45.4,42.9,20.2,104.8,2.1,573048,18013,15,15,bbr1
0.569,22278,15,17280,45.6,46.7,20.2,104.8,1.9,573048,18015,15,15,bbr1
0.577,25126,17,20160,45.8,47.0,20.2,104.8,1.8,573048,18019,15,15,bbr1
0.584,27469,19,21600,46.0,47.8,20.2,104.8,1.8,573048,18022,15,15,bbr1
0.593,27469,19,23040,46.3,48.1,20.2,104.8,1.9,343829,18025,15,15,bbr1
0.597,27469,19,21600,46.6,48.9,20.2,104.8,2.1,343829,18026,15,15,bbr1
0.606,27469,19,21600,46.9,49.3,20.2,104.8,2.2,343829,18028,15,15,bbr1
0.610,27469,19,20160,46.4,42.3,20.2,104.8,2.8,343829,18029,15,15,bbr1
0.623,19430,13,17280,46.1,47.8,20.2,104.8,2.8,343829,18031,15,15,bbr1
0.630,22278,15,17280,46.5,49.4,20.2,104.8,2.9,458439,18033,15,15,bbr1
0.640,25126,17,20160,47.1,50.9,20.2,104.8,3.3,458439,18037,15,15,bbr1
0.646,27469,19,20160,47.8,53.2,20.2,104.8,4.0,458439,18039,15,15,bbr1
0.653,27469,19,20160,48.3,51.6,20.2,104.8,3.9,458439,18041,15,15,bbr1
0.658,27469,19,20160,48.5,49.8,20.2,104.8,3.3,458439,18043,15,15,bbr1
0.665,27469,19,20160,48.5,48.6,20.2,104.8,2.5,458439,18045,15,15,bbr1
0.671,27469,19,20160,47.6,41.0,20.2,104.8,3.8,458439,18047,15,15,bbr1
0.683,19430,13,17280,46.5,44.8,20.2,104.8,3.8,458439,18049,15,15,bbr1
0.690,22278,15,17280,46.3,45.2,20.2,104.8,3.2,458439,18051,15,15,bbr1
0.700,25126,17,20160,46.3,45.9,20.2,104.8,2.5,458439,18055,15,15,bbr1
0.706,27469,19,20160,46.2,46.0,20.2,104.8,1.9,458439,18057,15,15,bbr1
0.712,27469,19,20160,46.4,47.1,20.2,104.8,1.7,458439,18059,15,15,bbr1
0.718,27469,19,20160,46.5,47.7,20.2,104.8,1.6,458439,18061,15,15,bbr1
0.724,27469,19,20160,46.7,48.3,20.2,104.8,1.6,458439,18063,15,15,bbr1
0.738,19430,13,17280,45.8,42.8,20.2,104.8,2.5,573048,18065,15,15,bbr1
0.745,22278,15,17280,45.9,46.8,20.2,104.8,2.1,573048,18067,15,15,bbr1
0.753,25126,17,20160,46.0,46.8,20.2,104.8,1.8,573048,18071,15,15,bbr1
0.760,27469,19,21600,46.2,47.7,20.2,104.8,1.8,573048,18074,15,15,bbr1
0.769,27469,19,23040,46.5,48.5,20.2,104.8,1.9,343829,18077,15,15,bbr1
0.773,27469,19,21600,46.8,48.8,20.2,104.8,2.0,343829,18078,15,15,bbr1
0.782,27469,19,21600,47.2,49.8,20.2,104.8,2.2,343829,18080,15,15,bbr1
0.793,19430,13,17280,46.1,42.7,20.2,104.8,3.1,343829,18081,15,15,bbr1
0.799,22278,15,17280,46.4,48.0,20.2,104.8,2.8,458439,18083,15,15,bbr1
0.809,25126,17,20160,46.8,49.7,20.2,104.8,2.9,458439,18087,15,15,bbr1
0.815,27469,19,20160,47.3,51.1,20.2,104.8,3.3,458439,18089,15,15,bbr1
0.821,27469,19,20160,48.1,53.4,20.2,104.8,4.0,458439,18091,15,15,bbr1
0.828,26438,18,18720,48.2,49.4,20.2,104.8,3.3,433322,18093,15,15,bbr1
0.846,20339,14,15840,46.6,41.2,20.2,104.8,4.7,433322,18096,15,15,bbr1
0.853,23187,16,17280,46.4,45.3,20.2,104.8,3.9,433322,18099,15,15,bbr1
0.860,26035,18,17280,46.3,45.8,20.2,104.8,3.1,541652,18101,15,15,bbr1
0.867,26438,18,18720,46.3,46.2,20.2,104.8,2.3,541652,18104,15,15,bbr1
0.875,26438,18,20160,46.4,46.9,20.2,104.8,1.9,541652,18107,15,15,bbr1
0.882,26438,18,21600,46.5,47.1,20.2,104.8,1.6,541652,18110,15,15,bbr1
0.897,20339,14,17280,45.2,42.4,20.2,104.8,3.0,324991,18112,15,15,bbr1
0.906,23187,16,18720,44.8,42.4,20.2,104.8,3.0,324991,18115,15,15,bbr1
0.915,26035,18,18720,44.9,45.1,20.2,104.8,2.3,324991,18117,15,15,bbr1
0.920,26438,18,17280,45.1,46.6,20.2,104.8,2.2,324991,18118,15,15,bbr1
0.927,26438,18,17280,45.5,48.1,20.2,104.8,2.4,433322,18120,15,15,bbr1
0.934,26438,18,17280,46.0,49.6,20.2,104.8,2.8,433322,18122,15,15,bbr1
0.940,26438,18,17280,46.6,50.6,20.2,104.8,3.3,433322,18124,15,15,bbr1
0.952,18915,13,14400,45.8,44.0,20.2,104.8,3.1,433322,18126,15,15,bbr1
0.962,21763,15,17280,45.3,42.0,20.2,104.8,3.3,433322,18130,15,15,bbr1
0.968,24611,17,17280,44.4,38.1,20.2,104.8,4.3,433322,18132,15,15,bbr1
0.975,26438,18,17280,43.9,40.0,20.2,104.8,4.3,541652,18134,15,15,bbr1
0.980,26438,18,17280,43.4,40.4,20.2,104.8,4.1,541652,18136,15,15,bbr1
0.988,26438,18,17280,42.3,34.2,20.2,104.8,5.4,541652,18139,15,15,bbr1
0.993,26438,18,18720,41.3,34.2,20.2,104.8,6.1,541652,18141,15,15,bbr1
1.005,18915,13,15840,40.5,38.0,20.2,104.8,4.8,541652,18143,15,15,bbr1
1.012,21763,15,17280,40.2,38.2,20.2,104.8,4.2,541652,18146,15,15,bbr1
1.021,24611,17,20160,40.1,39.7,20.2,104.8,3.2,541652,18150,15,15,bbr1
1.028,26438,18,20160,40.3,41.2,20.2,104.8,2.7,324991,18152,15,15,bbr1
0.005,27088,18,0,42.9,47.2,20.2,104.8,3.9,561431,18153,15,15,bbr1
0.012,27088,18,0,41.0,27.6,20.2,104.8,6.8,561431,18155,15,15,bbr1
0.040,27088,18,14400,39.0,25.1,20.2,104.8,9.1,561431,18169,15,15,bbr1
0.051,27088,18,17280,37.9,30.1,20.2,104.8,9.0,561431,18173,15,15,bbr1
0.056,27088,18,17280,37.1,31.3,20.2,104.8,8.4,561431,18175,15,15,bbr1
0.064,27088,18,18720,36.6,33.6,20.2,104.8,7.2,561431,18178,15,15,bbr1
0.071,27088,18,20160,36.4,35.2,20.2,104.8,5.8,561431,18181,15,15,bbr1
0.076,27088,18,20160,36.4,36.4,20.2,104.8,4.3,561431,18183,15,15,bbr1
0.084,27088,18,21600,36.7,38.7,20.2,104.8,3.8,561431,18186,15,15,bbr1
0.093,27088,18,23040,37.2,40.4,20.2,104.8,3.8,336858,18189,15,15,bbr1
0.098,27088,18,21600,37.8,41.8,20.2,104.8,4.0,336858,18190,15,15,bbr1
0.106,27088,18,21600,38.5,43.9,20.2,104.8,4.5,336858,18192,15,15,bbr1
0.115,27088,18,21600,39.3,45.1,20.2,104.8,5.0,336858,18194,15,15,bbr1
0.119,27088,18,20160,40.3,47.3,20.2,104.8,5.8,336858,18195,15,15,bbr1
0.128,27088,18,20160,41.4,49.0,20.2,104.8,6.5,336858,18197,15,15,bbr1
0.132,27088,18,18720,42.6,50.7,20.2,104.8,7.2,336858,18198,15,15,bbr1
0.140,27088,18,18720,43.8,51.9,20.2,104.8,7.7,336858,18200,15,15,bbr1
0.149,27088,18,18720,45.1,54.2,20.2,104.8,8.4,336858,18202,15,15,bbr1
0.159,19240,13,14400,46.6,50.8,20.2,104.8,7.3,449145,18203,15,15,bbr1
0.169,22088,15,17280,46.9,49.0,20.2,104.8,6.1,449145,18207,15,15,bbr1
0.175,24936,17,17280,46.9,47.3,20.2,104.8,4.7,449145,18209,15,15,bbr1
0.181,27088,18,17280,46.7,45.2,20.2,104.8,4.0,449145,18211,15,15,bbr1
0.188,27088,18,17280,46.4,43.9,20.2,104.8,3.7,449145,18213,15,15,bbr1
0.194,27088,18,15840,44.8,34.1,20.2,104.8,5.8,449145,18215,15,15,bbr1
0.200,27088,18,17280,43.5,34.1,20.2,104.8,7.0,449145,18217,15,15,bbr1
0.212,19240,13,14400,42.2,38.2,20.2,104.8,6.1,561431,18219,15,15,bbr1
0.220,22088,15,17280,41.8,38.9,20.2,104.8,5.4,561431,18223,15,15,bbr1
0.227,24936,17,18720,41.5,39.1,20.2,104.8,4.8,561431,18226,15,15,bbr1
0.232,27088,18,18720,41.2,39.3,20.2,104.8,4.1,561431,18228,15,15,bbr1
0.240,27088,18,20160,41.1,40.1,20.2,104.8,3.4,561431,18231,15,15,bbr1
0.248,27088,18,21600,41.0,40.6,20.2,104.8,2.6,561431,18234,15,15,bbr1
0.255,27088,18,21600,40.4,35.9,20.2,104.8,3.3,336858,18236,15,15,bbr1
0.267,19240,13,18720,40.7,42.7,20.2,104.8,2.5,336858,18238,15,15,bbr1
0.273,22088,15,17280,41.1,44.1,20.2,104.8,2.7,336858,18239,15,15,bbr1
0.281,24936,17,18720,41.8,46.2,20.2,104.8,3.3,449145,18242,15,15,bbr1
0.287,27088,18,18720,42.5,47.9,20.2,104.8,4.0,449145,18244,15,15,bbr1
0.297,27088,18,20160,43.4,49.6,20.2,104.8,4.8,449145,18247,15,15,bbr1
0.304,27088,18,20160,44.4,50.9,20.2,104.8,5.5,449145,18249,15,15,bbr1
0.309,27088,18,20160,45.2,51.0,20.2,104.8,5.7,561431,18251,15,15,bbr1
0.320,19240,13,18720,44.6,41.0,20.2,104.8,4.4,336858,18254,15,15,bbr1
0.326,20664,14,18720,44.5,43.6,20.2,104.8,3.5,336858,18255,15,15,bbr1
0.332,26360,18,15840,44.0,41.1,20.2,104.8,3.5,336858,18257,15,15,bbr1
0.343,27088,18,17280,43.7,41.4,20.2,104.8,3.3,449145,18260,15,15,bbr1
0.350,27088,18,15840,43.5,41.6,20.2,104.8,3.0,449145,18262,15,15,bbr1
0.359,27088,18,17280,43.4,43.3,20.2,104.8,2.3,449145,18265,15,15,bbr1
0.365,27088,18,17280,43.3,42.7,20.2,104.8,1.9,449145,18267,15,15,bbr1
0.378,19240,13,14400,42.8,40.2,20.2,104.8,2.1,561431,18269,15,15,bbr1
0.386,22088,15,17280,42.4,39.8,20.2,104.8,2.3,561431,18273,15,15,bbr1
0.393,24936,17,18720,42.1,39.9,20.2,104.8,2.4,561431,18276,15,15,bbr1
0.398,27088,18,18720,41.9,40.5,20.2,104.8,2.2,561431,18278,15,15,bbr1
0.406,27088,18,20160,41.7,40.8,20.2,104.8,1.9,561431,18281,15,15,bbr1
0.414,27088,18,21600,41.7,41.5,20.2,104.8,1.5,561431,18284,15,15,bbr1
0.421,27088,18,21600,41.0,35.9,20.2,104.8,2.6,336858,18286,15,15,bbr1
0.433,19240,13,18720,41.2,42.7,20.2,104.8,2.0,336858,18288,15,15,bbr1
0.439,22088,15,17280,41.5,44.2,20.2,104.8,2.2,336858,18289,15,15,bbr1
0.447,24936,17,18720,42.1,46.2,20.2,104.8,2.8,449145,18292,15,15,bbr1
0.453,27088,18,18720,42.8,47.8,20.2,104.8,3.5,449145,18294,15,15,bbr1
0.463,27088,18,20160,43.7,49.6,20.2,104.8,4.4,449145,18297,15,15,bbr1
0.469,27088,18,20160,44.6,51.1,20.2,104.8,5.1,561431,18299,15,15,bbr1
0.474,27088,18,20160,45.4,51.0,20.2,104.8,5.4,561431,18301,15,15,bbr1
0.487,19240,13,18720,45.2,42.8,20.2,104.8,3.8,336858,18304,15,15,bbr1
0.494,22088,15,17280,45.2,45.2,20.2,104.8,2.9,336858,18305,15,15,bbr1
0.503,24936,17,18720,45.3,46.0,20.2,104.8,2.4,336858,18308,15,15,bbr1
0.512,27088,18,17280,45.2,44.8,20.2,104.8,1.9,336858,18310,15,15,bbr1
0.519,27088,18,17280,45.3,45.8,20.2,104.8,1.6,449145,18312,15,15,bbr1
0.525,27088,18,17280,45.6,47.8,20.2,104.8,1.8,449145,18314,15,15,bbr1
0.532,27088,18,17280,46.1,49.5,20.2,104.8,2.3,449145,18316,15,15,bbr1
0.538,17816,12,15840,45.4,41.0,20.2,104.8,3.0,449145,18318,15,15,bbr1
0.547,20664,14,15840,45.1,42.4,20.2,104.8,3.0,449145,18320,15,15,bbr1
0.554,23512,16,17280,44.5,40.5,20.2,104.8,3.4,449145,18323,15,15,bbr1
0.563,26360,18,18720,44.0,40.4,20.2,104.8,3.6,561431,18326,15,15,bbr1
0.568,26368,18,18720,43.6,40.8,20.2,104.8,3.5,539521,18328,15,15,bbr1
0.577,26368,18,20160,43.3,41.2,20.2,104.8,3.2,539521,18331,15,15,bbr1
0.588,18880,13,17280,42.6,39.2,20.2,104.8,3.1,323712,18333,15,15,bbr1
0.595,21728,15,17280,42.6,42.7,20.2,104.8,2.3,323712,18335,15,15,bbr1
0.606,24576,17,18720,42.6,42.9,20.2,104.8,1.8,323712,18338,15,15,bbr1
0.611,26368,18,17280,42.8,44.0,20.2,104.8,1.7,323712,18339,15,15,bbr1
0.619,26368,18,17280,43.1,45.6,20.2,104.8,2.0,431617,18341,15,15,bbr1
0.626,26368,18,17280,43.7,47.2,20.2,104.8,2.5,431617,18343,15,15,bbr1
0.632,26368,18,17280,44.3,48.7,20.2,104.8,3.1,431617,18345,15,15,bbr1
0.643,18880,13,14400,44.1,44.1,20.2,104.8,2.0,431617,18347,15,15,bbr1
0.653,21728,15,17280,43.8,42.0,20.2,104.8,2.0,431617,18351,15,15,bbr1
0.660,24576,17,17280,43.4,39.9,20.2,104.8,2.5,431617,18353,15,15,bbr1
0.667,26368,18,17280,42.9,40.0,20.2,104.8,2.7,431617,18355,15,15,bbr1
0.674,26368,18,15840,42.4,38.8,20.2,104.8,3.1,431617,18357,15,15,bbr1
0.679,17456,12,14400,41.4,34.2,20.2,104.8,4.4,539521,18359,15,15,bbr1
0.689,20304,14,15840,40.9,37.7,20.2,104.8,4.2,539521,18362,15,15,bbr1
0.698,23152,16,18720,40.5,37.8,20.2,104.8,3.9,539521,18366,15,15,bbr1
0.703,26000,18,18720,40.2,38.1,20.2,104.8,3.6,539521,18368,15,15,bbr1
0.711,26368,18,20160,40.0,38.0,20.2,104.8,3.2,539521,18371,15,15,bbr1
0.721,26368,18,21600,39.7,38.2,20.2,104.8,2.8,323712,18374,15,15,bbr1
0.730,18880,13,17280,39.7,39.4,20.2,104.8,1.7,323712,18375,15,15,bbr1
0.737,21728,15,17280,40.1,43.0,20.2,104.8,2.1,431617,18377,15,15,bbr1
0.747,24576,17,20160,40.6,44.0,20.2,104.8,2.6,431617,18381,15,15,bbr1
0.754,26368,18,20160,41.2,45.9,20.2,104.8,3.3,431617,18383,15,15,bbr1
0.761,26368,18,20160,42.0,47.5,20.2,104.8,4.0,431617,18385,15,15,bbr1
0.768,26368,18,20160,42.8,48.5,20.2,104.8,4.6,431617,18387,15,15,bbr1
0.774,26368,18,20160,43.6,48.8,20.2,104.8,5.0,431617,18389,15,15,bbr1
0.781,26368,18,20160,43.5,42.8,20.2,104.8,3.9,431617,18391,15,15,bbr1
0.792,18880,13,17280,43.8,46.5,20.2,104.8,3.1,431617,18393,15,15,bbr1
0.799,21728,15,17280,44.1,46.7,20.2,104.8,3.1,431617,18395,15,15,bbr1
0.806,24576,17,18720,44.5,46.8,20.2,104.8,3.0,431617,18398,15,15,bbr1
0.816,26368,18,20160,44.8,46.9,20.2,104.8,2.8,431617,18401,15,15,bbr1
0.823,26064,18,20160,45.0,46.6,20.2,104.8,2.6,424215,18403,15,15,bbr1
0.830,26064,18,20160,45.3,47.3,20.2,104.8,2.5,424215,18405,15,15,bbr1
0.838,18728,13,17280,44.2,40.7,20.2,104.8,3.3,530268,18407,15,15,bbr1
0.845,21576,14,17280,43.8,40.7,20.2,104.8,3.3,530268,18409,15,15,bbr1
0.852,24424,16,18720,43.9,44.4,20.2,104.8,2.6,530268,18412,15,15,bbr1
0.862,26064,18,21600,43.9,44.5,20.2,104.8,2.2,530268,18416,15,15,bbr1
0.869,26064,18,21600,44.0,44.8,20.2,104.8,1.8,318161,18418,15,15,bbr1
0.874,26064,18,20160,44.1,44.7,20.2,104.8,1.5,318161,18419,15,15,bbr1
0.883,26064,18,20160,44.2,44.8,20.2,104.8,1.3,318161,18421,15,15,bbr1
0.887,26064,18,18720,44.0,42.7,20.2,104.8,1.4,318161,18422,15,15,bbr1
0.900,18728,13,15840,44.1,46.1,20.2,104.8,1.5,318161,18424,15,15,bbr1
0.908,21576,14,17280,44.7,48.5,20.2,104.8,2.2,424215,18427,15,15,bbr1
0.915,24424,16,17280,45.3,49.9,20.2,104.8,3.0,424215,18429,15,15,bbr1
0.922,26064,18,17280,45.9,49.9,20.2,104.8,3.4,424215,18431,15,15,bbr1
0.929,26064,18,17280,46.1,47.7,20.2,104.8,3.0,424215,18433,15,15,bbr1
0.935,26064,18,17280,46.0,45.0,20.2,104.8,2.5,424215,18435,15,15,bbr1
0.948,18728,13,14400,44.7,41.2,20.2,104.8,3.7,424215,18437,15,15,bbr1
0.958,21576,14,17280,44.2,41.2,20.2,104.8,3.6,424215,18441,15,15,bbr1
0.965,24424,16,17280,43.9,41.3,20.2,104.8,3.4,530268,18443,15,15,bbr1
0.969,26064,18,17280,43.5,41.4,20.2,104.8,3.2,530268,18445,15,15,bbr1
0.978,26064,18,18720,43.3,41.5,20.2,104.8,2.9,530268,18448,15,15,bbr1
0.006,26294,18,0,41.3,42.0,20.2,104.8,2.0,537266,18449,15,15,bbr1
0.007,26294,18,0,39.5,27.3,20.2,104.8,5.0,537266,18451,15,15,bbr1
0.034,26294,18,12960,37.7,24.5,20.2,104.8,7.5,537266,18464,15,15,bbr1
0.045,26294,18,15840,36.6,29.3,20.2,104.8,7.7,537266,18468,15,15,bbr1
0.053,26294,18,17280,35.9,30.9,20.2,104.8,7.2,537266,18471,15,15,bbr1
0.058,26294,18,17280,35.5,32.4,20.2,104.8,6.3,537266,18473,15,15,bbr1
0.066,26294,18,18720,35.3,33.9,20.2,104.8,5.1,537266,18476,15,15,bbr1
0.071,26294,18,18720,35.2,34.8,20.2,104.8,3.9,537266,18478,15,15,bbr1
0.080,26294,18,20160,35.4,36.4,20.2,104.8,3.2,537266,18481,15,15,bbr1
0.087,26294,18,20160,35.7,38.4,20.2,104.8,3.2,322359,18483,15,15,bbr1
0.096,26294,18,20160,36.2,39.8,20.2,104.8,3.4,322359,18485,15,15,bbr1
0.100,26294,18,18720,36.8,40.8,20.2,104.8,3.7,322359,18486,15,15,bbr1
0.109,26294,18,18720,37.6,42.8,20.2,104.8,4.3,322359,18488,15,15,bbr1
0.113,26294,18,17280,38.4,44.2,20.2,104.8,4.9,322359,18489,15,15,bbr1
0.121,26294,18,17280,39.3,45.7,20.2,104.8,5.5,429813,18491,15,15,bbr1
0.128,26294,18,17280,40.3,47.3,20.2,104.8,6.1,429813,18493,15,15,bbr1
0.135,26294,18,17280,41.4,48.7,20.2,104.8,6.7,429813,18495,15,15,bbr1
0.142,26294,18,17280,42.0,46.6,20.2,104.8,6.3,429813,18497,15,15,bbr1
0.153,18843,13,14400,42.2,42.0,20.2,104.8,4.0,429813,18499,15,15,bbr1
0.163,21691,15,17280,42.0,40.4,20.2,104.8,3.5,429813,18503,15,15,bbr1
0.170,24539,17,17280,41.8,40.6,20.2,104.8,2.9,429813,18505,15,15,bbr1
0.177,26294,18,17280,41.7,40.7,20.2,104.8,2.5,429813,18507,15,15,bbr1
0.184,26294,18,17280,41.6,40.8,20.2,104.8,2.1,429813,18509,15,15,bbr1
0.190,26294,18,17280,41.5,40.9,20.2,104.8,1.7,429813,18511,15,15,bbr1
0.194,26294,18,15840,40.6,34.1,20.2,104.8,3.1,429813,18512,15,15,bbr1
0.199,15995,11,15840,40.2,37.7,20.2,104.8,3.1,537266,18514,15,15,bbr1
0.206,18843,13,14400,39.9,37.8,20.2,104.8,2.9,537266,18515,15,15,bbr1
0.214,21691,15,17280,39.7,38.0,20.2,104.8,2.7,537266,18519,15,15,bbr1
0.222,24539,17,18720,39.4,37.7,20.2,104.8,2.5,537266,18522,15,15,bbr1
0.228,26294,18,18720,39.2,37.8,20.2,104.8,2.3,537266,18524,15,15,bbr1
0.236,26294,18,20160,39.1,38.3,20.2,104.8,1.9,537266,18527,15,15,bbr1
0.243,26294,18,20160,39.1,39.2,20.2,104.8,1.5,322359,18529,15,15,bbr1
0.247,17419,12,17280,39.0,37.9,20.2,104.8,1.4,325258,18530,15,15,bbr1
0.256,20267,14,15840,39.1,39.9,20.2,104.8,1.3,433678,18531,15,15,bbr1
0.266,21691,15,20160,39.2,40.1,20.2,104.8,1.2,433678,18535,15,15,bbr1
0.269,27387,19,15840,39.3,40.0,20.2,104.8,1.1,484494,18536,15,15,bbr1
0.281,28540,19,18720,39.6,41.6,20.2,104.8,1.4,484494,18540,15,15,bbr1
0.287,28540,19,18720,40.2,44.3,20.2,104.8,2.2,484494,18542,15,15,bbr1
0.293,28540,19,18720,40.5,42.8,20.2,104.8,2.3,484494,18544,15,15,bbr1
0.305,19966,13,17280,40.3,41.3,20.2,104.8,2.1,484494,18547,15,15,bbr1
0.312,22814,15,17280,40.4,41.6,20.2,104.8,1.9,484494,18549,15,15,bbr1
0.321,25662,17,20160,40.7,42.2,20.2,104.8,1.9,605617,18553,15,15,bbr1
0.328,28510,19,21600,41.0,43.1,20.2,104.8,2.0,605617,18556,15,15,bbr1
0.335,28540,19,23040,41.4,44.2,20.2,104.8,2.3,605617,18559,15,15,bbr1
0.344,28540,19,24480,41.8,45.1,20.2,104.8,2.7,363370,18562,15,15,bbr1
0.359,22814,15,17280,41.6,41.2,20.2,104.8,1.5,363370,18563,15,15,bbr1
0.366,25662,17,18720,42.0,45.0,20.2,104.8,2.0,484494,18566,15,15,bbr1
0.374,28510,19,20160,42.7,47.4,20.2,104.8,2.8,484494,18569,15,15,bbr1
0.380,28540,19,20160,43.5,49.2,20.2,104.8,3.8,484494,18571,15,15,bbr1
0.386,28540,19,20160,44.5,51.7,20.2,104.8,4.9,484494,18573,15,15,bbr1
0.395,28540,19,21600,45.7,53.7,20.2,104.8,5.9,484494,18576,15,15,bbr1
0.402,28540,19,21600,46.7,54.0,20.2,104.8,6.5,484494,18578,15,15,bbr1
0.413,19966,13,18720,46.2,46.0,20.2,104.8,4.5,605617,18580,15,15,bbr1
0.420,22814,15,17280,46.2,46.6,20.2,104.8,3.5,605617,18581,15,15,bbr1
0.427,25662,17,20160,46.4,47.8,20.2,104.8,3.0,605617,18585,15,15,bbr1
0.434,28510,19,21600,46.7,48.6,20.2,104.8,2.8,605617,18588,15,15,bbr1
0.443,28540,19,23040,47.1,49.6,20.2,104.8,2.8,363370,18591,15,15,bbr1
0.451,28540,19,23040,47.5,50.6,20.2,104.8,3.0,363370,18593,15,15,bbr1
0.456,28540,19,21600,47.9,51.0,20.2,104.8,3.1,363370,18594,15,15,bbr1
0.468,19966,13,18720,47.1,42.8,20.2,104.8,3.3,363370,18596,15,15,bbr1
0.475,22814,15,17280,47.3,48.3,20.2,104.8,2.8,363370,18597,15,15,bbr1
0.482,25662,17,18720,47.6,50.4,20.2,104.8,2.9,484494,18600,15,15,bbr1
0.491,28510,19,20160,48.2,52.4,20.2,104.8,3.3,484494,18603,15,15,bbr1
0.497,28540,19,20160,49.0,54.5,20.2,104.8,4.1,484494,18605,15,15,bbr1
0.503,28540,19,20160,49.6,53.3,20.2,104.8,4.1,484494,18607,15,15,bbr1
0.509,28540,19,20160,49.6,50.1,20.2,104.8,3.2,605617,18609,15,15,bbr1
0.515,28540,19,21600,49.0,44.3,20.2,104.8,3.8,605617,18612,15,15,bbr1
0.535,22814,15,17335,47.2,45.0,20.2,104.8,4.0,363370,18616,15,15,bbr1
0.543,25662,17,18775,47.0,45.9,20.2,104.8,3.3,363370,18619,15,15,bbr1
0.551,28510,19,18775,47.0,46.9,20.2,104.8,2.5,363370,18621,15,15,bbr1
0.559,28540,19,18775,47.1,47.8,20.2,104.8,2.1,363370,18623,15,15,bbr1
0.563,28540,19,17335,47.5,49.8,20.2,104.8,2.2,363370,18624,15,15,bbr1
0.570,28540,19,17335,48.0,51.9,20.2,104.8,2.8,484494,18626,15,15,bbr1
0.576,28540,19,17335,48.8,54.2,20.2,104.8,3.6,484494,18628,15,15,bbr1
0.590,20005,13,15840,47.7,45.2,20.2,104.8,3.9,605617,18631,15,15,bbr1
0.597,22853,15,17280,47.2,44.1,20.2,104.8,3.8,605617,18634,15,15,bbr1
0.605,25701,17,20160,46.7,43.1,20.2,104.8,3.9,605617,18638,15,15,bbr1
0.611,28540,19,21600,46.1,41.8,20.2,104.8,4.2,605617,18641,15,15,bbr1
0.620,28540,19,23040,45.7,42.7,20.2,104.8,4.0,363370,18644,15,15,bbr1
0.624,28540,19,21600,45.4,43.7,20.2,104.8,3.5,363370,18645,15,15,bbr1
0.641,21390,14,17335,44.4,42.7,20.2,104.8,3.6,363370,18648,15,15,bbr1
0.648,24238,16,18775,44.7,46.9,20.2,104.8,3.3,484494,18651,15,15,bbr1
0.657,27086,18,20215,45.2,48.4,20.2,104.8,3.4,484494,18654,15,15,bbr1
0.663,28540,19,20215,45.9,51.0,20.2,104.8,4.0,484494,18656,15,15,bbr1
0.669,28540,19,20215,46.9,53.4,20.2,104.8,4.9,484494,18658,15,15,bbr1
0.678,28540,19,21655,47.7,53.3,20.2,104.8,5.3,484494,18661,15,15,bbr1
0.681,28540,19,20215,48.0,50.7,20.2,104.8,4.7,484494,18662,15,15,bbr1
0.698,21429,14,17335,47.2,44.8,20.2,104.8,4.1,605617,18666,15,15,bbr1
0.705,24277,16,18775,47.0,45.8,20.2,104.8,3.4,605617,18669,15,15,bbr1
0.712,27125,18,21655,47.0,46.7,20.2,104.8,2.6,605617,18673,15,15,bbr1
0.721,28540,19,23095,47.0,47.7,20.2,104.8,2.1,363370,18676,15,15,bbr1
0.729,28540,19,23095,47.2,48.2,20.2,104.8,1.9,363370,18678,15,15,bbr1
0.733,28540,19,21655,47.5,49.4,20.2,104.8,2.0,363370,18679,15,15,bbr1
0.741,28540,19,21655,47.8,50.1,20.2,104.8,2.1,363370,18681,15,15,bbr1
0.753,20005,13,18775,47.1,46.3,20.2,104.8,2.3,363370,18684,15,15,bbr1
0.759,22853,15,17335,47.5,50.4,20.2,104.8,2.6,363370,18685,15,15,bbr1
0.766,25701,17,18775,48.1,52.1,20.2,104.8,3.1,484494,18688,15,15,bbr1
0.775,28540,19,20215,48.9,54.7,20.2,104.8,4.0,484494,18691,15,15,bbr1
0.781,28540,19,20215,49.5,53.5,20.2,104.8,4.2,484494,18693,15,15,bbr1
0.788,26698,18,20215,49.8,52.0,20.2,104.8,3.7,439657,18695,15,15,bbr1
0.794,26698,18,20215,50.0,51.1,20.2,104.8,3.1,549571,18697,15,15,bbr1
0.807,19084,13,18775,48.7,42.9,20.2,104.8,4.1,329742,18701,15,15,bbr1
0.814,21932,15,17335,48.4,46.2,20.2,104.8,3.7,329742,18702,15,15,bbr1
0.822,24780,17,18775,48.2,46.8,20.2,104.8,3.2,439657,18705,15,15,bbr1
0.829,26698,18,18775,48.1,47.9,20.2,104.8,2.4,439657,18707,15,15,bbr1
0.835,26698,18,18775,48.2,49.0,20.2,104.8,2.0,439657,18709,15,15,bbr1
0.845,26698,18,20215,48.3,49.0,20.2,104.8,1.7,549571,18712,15,15,bbr1
0.850,26698,18,20215,48.7,50.9,20.2,104.8,1.9,549571,18714,15,15,bbr1
0.862,19084,13,18775,47.7,42.9,20.2,104.8,2.9,329742,18718,15,15,bbr1
0.869,21932,15,17335,47.4,45.2,20.2,104.8,2.8,329742,18719,15,15,bbr1
0.877,26204,18,17335,47.0,44.1,20.2,104.8,2.9,439657,18722,15,15,bbr1
0.887,26698,18,18775,46.7,44.5,20.2,104.8,2.8,439657,18725,15,15,bbr1
0.894,26698,18,18775,46.4,44.9,20.2,104.8,2.5,439657,18727,15,15,bbr1
0.900,26698,18,18775,46.5,46.7,20.2,104.8,2.0,439657,18729,15,15,bbr1
0.906,26698,18,18775,46.7,48.1,20.2,104.8,1.9,439657,18731,15,15,bbr1
0.912,17660,12,17280,46.0,41.1,20.2,104.8,2.8,549571,18733,15,15,bbr1
0.922,20508,14,15840,45.7,43.5,20.2,104.8,2.7,549571,18734,15,15,bbr1
0.930,23356,16,18720,45.5,44.0,20.2,104.8,2.5,549571,18738,15,15,bbr1
0.936,26204,18,18720,45.3,44.2,20.2,104.8,2.2,549571,18740,15,15,bbr1
0.943,26698,18,20160,45.2,44.5,20.2,104.8,1.8,549571,18743,15,15,bbr1
0.953,26698,18,21600,45.1,44.4,20.2,104.8,1.5,329742,18746,15,15,bbr1
0.958,26698,18,20160,45.1,45.2,20.2,104.8,1.2,329742,18747,15,15,bbr1
0.974,20469,14,15840,44.4,44.4,20.2,104.8,1.8,329742,18749,15,15,bbr1
0.982,23317,16,17280,44.6,46.0,20.2,104.8,1.7,439657,18752,15,15,bbr1
0.989,26165,18,17280,45.0,47.5,20.2,104.8,2.0,439657,18754,15,15,bbr1
0.995,26698,18,17280,45.5,49.1,20.2,104.8,2.6,439657,18756,15,15,bbr1
1.001,26698,18,17280,46.1,50.7,20.2,104.8,3.2,439657,18758,15,15,bbr1
1.011,26698,18,18720,46.4,48.5,20.2,104.8,3.0,439657,18761,15,15,bbr1
1.018,17621,12,17280,45.5,39.3,20.2,104.8,4.0,439657,18763,15,15,bbr1
1.025,20469,14,15840,45.1,41.7,20.2,104.8,4.0,439657,18764,15,15,bbr1
1.035,23317,16,18720,44.6,41.6,20.2,104.8,3.8,439657,18768,15,15,bbr1
1.041,26165,18,18720,44.4,42.4,20.2,104.8,3.4,549571,18770,15,15,bbr1
1.046,26698,18,18720,44.1,42.7,20.2,104.8,3.0,549571,18772,15,15,bbr1
1.054,26698,18,18720,43.8,41.4,20.2,104.8,2.9,549571,18775,15,15,bbr1
1.068,19045,13,17280,42.8,37.6,20.2,104.8,3.6,329742,18778,15,15,bbr1
1.075,21893,15,17280,42.6,41.3,20.2,104.8,3.1,329742,18780,15,15,bbr1
1.086,24741,17,18720,42.4,41.6,20.2,104.8,2.5,329742,18783,15,15,bbr1
1.090,26698,18,17280,42.5,42.6,20.2,104.8,1.9,329742,18784,15,15,bbr1
1.097,26698,18,17280,42.7,44.3,20.2,104.8,1.9,439657,18786,15,15,bbr1
1.104,26698,18,17280,43.2,46.4,20.2,104.8,2.4,439657,18788,15,15,bbr1
0.006,3072,2,0,42.8,40.6,20.2,104.8,2.5,549571,18790,16,16,bbr1
0.006,5760,4,0,41.0,28.4,20.2,104.8,5.4,439657,18792,16,16,bbr1
0.033,5760,4,2880,38.9,24.6,20.2,104.8,8.2,439657,18797,16,16,bbr1
0.040,5760,4,4320,37.5,28.0,20.2,104.8,8.8,439657,18800,16,16,bbr1
0.059,5760,4,2880,35.4,20.7,20.2,104.8,10.9,439657,18802,16,16,bbr1
0.065,5760,4,4320,33.6,20.9,20.2,104.8,11.8,439657,18805,16,16,bbr1
0.084,5760,4,2880,32.0,20.7,20.2,104.8,12.1,430107,18807,16,16,bbr1
0.091,5760,4,4320,30.6,20.9,20.2,104.8,11.8,430107,18810,16,16,bbr1
0.110,5760,4,2880,29.4,20.5,20.2,104.8,11.4,430107,18812,16,16,bbr1
0.117,5760,4,4320,28.3,20.7,20.2,104.8,10.7,430107,18815,16,16,bbr1
0.136,5760,4,2880,27.3,20.6,20.2,104.8,9.9,430107,18817,16,16,bbr1
0.143,5760,4,4320,26.5,20.8,20.2,104.8,9.1,430107,18820,16,16,bbr1
0.162,5760,4,2880,25.8,20.6,20.2,104.8,8.3,430107,18822,16,16,bbr1
0.169,5760,4,4320,25.1,20.8,20.2,104.8,7.5,430107,18825,16,16,bbr1
0.188,10032,6,2880,24.6,20.6,20.2,104.8,6.7,430107,18827,16,16,bbr1
0.198,12880,8,5760,24.1,20.7,20.2,104.8,6.0,430107,18831,16,16,bbr1
0.214,17152,11,8640,23.7,20.7,20.2,104.8,5.4,430107,18836,16,16,bbr1
0.221,20000,13,8640,23.3,20.8,20.2,104.8,4.7,430107,18838,16,16,bbr1
0.228,22848,15,8640,23.0,20.9,20.2,104.8,4.2,430107,18840,16,16,bbr1
0.235,25696,17,8640,22.7,21.0,20.2,104.8,3.6,430107,18842,16,16,bbr1
0.242,26276,18,8640,22.6,21.2,20.2,104.8,3.1,430107,18844,16,16,bbr1
0.248,26276,18,8640,22.4,21.4,20.2,104.8,2.6,430107,18846,16,16,bbr1
0.254,26276,18,8640,22.3,21.3,20.2,104.8,2.2,430107,18848,16,16,bbr1
0.261,26276,18,8640,22.2,21.4,20.2,104.8,1.9,537633,18850,16,16,bbr1
0.269,26276,18,10080,22.1,21.5,20.2,104.8,1.6,537633,18853,16,16,bbr1
0.277,26276,18,11520,22.1,22.0,20.2,104.8,1.2,537633,18856,16,16,bbr1
0.282,26276,18,11520,22.1,22.1,20.2,104.8,0.9,537633,18858,16,16,bbr1
0.290,26276,18,12960,22.3,23.6,20.2,104.8,1.1,537633,18861,16,16,bbr1
0.298,25753,17,14400,22.5,24.6,20.2,104.8,1.4,521687,18864,16,16,bbr1
0.304,25753,17,14400,23.0,26.1,20.2,104.8,1.9,521687,18866,16,16,bbr1
0.309,25753,17,14400,23.6,28.1,20.2,104.8,2.7,521687,18868,16,16,bbr1
0.317,25753,17,15840,24.3,29.1,20.2,104.8,3.4,521687,18871,16,16,bbr1
0.323,25753,17,15840,25.1,31.0,20.2,104.8,4.2,521687,18873,16,16,bbr1
0.331,25753,17,17280,26.1,32.6,20.2,104.8,5.0,521687,18876,16,16,bbr1
0.337,25753,17,17280,27.0,33.8,20.2,104.8,5.7,521687,18878,16,16,bbr1
0.345,25753,17,18720,28.0,34.7,20.2,104.8,6.2,521687,18881,16,16,bbr1
0.351,25753,17,18720,29.0,36.1,20.2,104.8,6.7,521687,18883,16,16,bbr1
0.359,25753,17,20160,30.1,37.8,20.2,104.8,7.2,521687,18886,16,16,bbr1
0.366,25753,17,20160,31.3,39.2,20.2,104.8,7.7,313012,18888,16,16,bbr1
0.371,27179,18,17280,32.3,39.4,20.2,104.8,7.8,339088,18889,16,16,bbr1
0.383,27179,18,18720,33.3,40.7,20.2,104.8,8.0,339088,18892,16,16,bbr1
0.387,27179,18,17280,34.4,42.0,20.2,104.8,8.1,339088,18893,16,16,bbr1
0.395,27179,18,17280,35.5,43.4,20.2,104.8,8.4,452118,18895,16,16,bbr1
0.407,19285,13,14400,37.8,45.8,20.2,104.8,8.7,452118,18897,16,16,bbr1
0.417,22133,15,17280,38.8,45.6,20.2,104.8,8.4,452118,18901,16,16,bbr1
0.423,24981,17,17280,39.4,43.8,20.2,104.8,7.6,452118,18903,16,16,bbr1
0.429,27179,18,17280,39.7,42.2,20.2,104.8,6.4,452118,18905,16,16,bbr1
0.435,27179,18,17280,39.9,40.6,20.2,104.8,5.0,452118,18907,16,16,bbr1
0.441,27179,18,17280,40.0,41.0,20.2,104.8,4.1,565147,18909,16,16,bbr1
0.455,19285,13,15840,39.5,39.8,20.2,104.8,3.1,565147,18912,16,16,bbr1
0.462,22133,15,17280,39.6,40.0,20.2,104.8,2.4,565147,18915,16,16,bbr1
0.470,24981,17,20160,39.7,40.8,20.2,104.8,2.1,565147,18919,16,16,bbr1
0.478,27179,18,21600,39.9,41.0,20.2,104.8,1.9,565147,18922,16,16,bbr1
0.484,27179,18,21600,40.1,41.7,20.2,104.8,1.9,339088,18924,16,16,bbr1
0.493,27179,18,21600,40.6,43.5,20.2,104.8,2.3,339088,18926,16,16,bbr1
0.506,20709,14,15895,40.7,42.7,20.2,104.8,2.1,339088,18928,16,16,bbr1
0.514,23557,16,17335,41.4,46.3,20.2,104.8,3.0,452118,18931,16,16,bbr1
0.520,26405,18,17335,42.1,47.5,20.2,104.8,3.7,452118,18933,16,16,bbr1
0.530,27179,18,17335,43.0,48.9,20.2,104.8,4.5,452118,18936,16,16,bbr1
0.536,27179,18,17335,43.7,49.0,20.2,104.8,4.9,452118,18938,16,16,bbr1
0.542,27179,18,17335,44.2,47.3,20.2,104.8,4.5,452118,18940,16,16,bbr1
0.552,27179,18,18720,43.4,37.6,20.2,104.8,5.0,452118,18943,16,16,bbr1
0.563,19285,13,15895,42.7,41.1,20.2,104.8,3.9,452118,18946,16,16,bbr1
0.569,22133,15,17335,42.6,41.5,20.2,104.8,3.2,452118,18949,16,16,bbr1
0.579,24981,17,18775,42.5,41.8,20.2,104.8,2.6,452118,18952,16,16,bbr1
0.585,27179,18,18775,42.4,42.1,20.2,104.8,2.1,452118,18954,16,16,bbr1
0.591,27179,18,18775,42.5,42.9,20.2,104.8,1.7,452118,18956,16,16,bbr1
0.597,27179,18,18775,42.6,43.2,20.2,104.8,1.4,565147,18958,16,16,bbr1
0.614,20748,14,15840,42.3,42.9,20.2,104.8,1.6,565147,18961,16,16,bbr1
0.622,23596,16,18720,42.4,43.4,20.2,104.8,1.5,565147,18965,16,16,bbr1
0.630,26444,18,20160,42.6,44.2,20.2,104.8,1.5,565147,18968,16,16,bbr1
0.635,27179,18,20160,42.9,44.5,20.2,104.8,1.6,565147,18970,16,16,bbr1
0.642,27179,18,21600,43.2,45.2,20.2,104.8,1.8,565147,18973,16,16,bbr1
0.651,27179,18,23040,43.6,47.0,20.2,104.8,2.3,339088,18976,16,16,bbr1
0.665,20709,14,17280,43.2,43.8,20.2,104.8,2.3,339088,18977,16,16,bbr1
0.673,23557,16,18720,43.6,46.2,20.2,104.8,2.5,452118,18980,16,16,bbr1
0.679,26405,18,18720,44.1,47.5,20.2,104.8,2.9,452118,18982,16,16,bbr1
0.689,27179,18,20160,44.8,49.6,20.2,104.8,3.5,452118,18985,16,16,bbr1
0.695,27179,18,20160,45.6,51.4,20.2,104.8,4.3,452118,18987,16,16,bbr1
0.702,27179,18,20160,46.5,53.2,20.2,104.8,5.2,452118,18989,16,16,bbr1
0.708,27179,18,20160,47.4,53.3,20.2,104.8,5.5,452118,18991,16,16,bbr1
0.723,20709,14,15840,46.5,43.7,20.2,104.8,4.6,452118,18993,16,16,bbr1
0.730,23557,16,17280,46.3,44.6,20.2,104.8,4.0,452118,18996,16,16,bbr1
0.736,26405,18,17280,46.1,44.8,20.2,104.8,3.3,452118,18998,16,16,bbr1
0.745,27179,18,18720,46.0,45.5,20.2,104.8,2.7,452118,19001,16,16,bbr1
0.752,27179,18,18720,46.0,45.8,20.2,104.8,2.0,452118,19003,16,16,bbr1
0.758,27179,18,18720,46.0,46.5,20.2,104.8,1.6,452118,19005,16,16,bbr1
0.764,17861,12,17280,45.1,38.3,20.2,104.8,3.2,565147,19007,16,16,bbr1
0.773,20709,14,15840,44.6,41.7,20.2,104.8,3.2,565147,19008,16,16,bbr1
0.781,23557,16,18720,44.4,42.7,20.2,104.8,2.9,565147,19012,16,16,bbr1
0.789,26405,18,20160,44.2,43.1,20.2,104.8,2.5,565147,19015,16,16,bbr1
0.796,27179,18,21600,44.1,43.4,20.2,104.8,2.1,565147,19018,16,16,bbr1
0.803,27179,18,21600,44.1,44.1,20.2,104.8,1.6,339088,19020,16,16,bbr1
0.812,27179,18,21600,44.2,44.4,20.2,104.8,1.3,339088,19022,16,16,bbr1
0.825,20709,14,15840,43.7,44.5,20.2,104.8,1.8,334119,19023,16,16,bbr1
0.833,23557,16,17280,44.0,46.3,20.2,104.8,2.0,445492,19026,16,16,bbr1
0.839,26405,18,17280,44.4,47.5,20.2,104.8,2.4,445492,19028,16,16,bbr1
0.845,26907,18,17280,45.1,49.7,20.2,104.8,3.1,445492,19030,16,16,bbr1
0.855,26907,18,18720,45.9,51.5,20.2,104.8,3.9,445492,19033,16,16,bbr1
0.861,26907,18,18720,46.4,49.9,20.2,104.8,3.9,445492,19035,16,16,bbr1
0.868,17725,12,17280,45.5,39.4,20.2,104.8,4.7,445492,19037,16,16,bbr1
0.874,20573,14,15840,44.8,39.9,20.2,104.8,4.9,445492,19038,16,16,bbr1
0.884,23421,16,18720,44.3,40.7,20.2,104.8,4.7,445492,19042,16,16,bbr1
0.891,26269,18,18720,43.9,41.0,20.2,104.8,4.4,445492,19044,16,16,bbr1
0.897,26907,18,18720,43.6,41.5,20.2,104.8,3.9,445492,19046,16,16,bbr1
0.904,26907,18,18720,43.4,41.8,20.2,104.8,3.4,445492,19048,16,16,bbr1
0.910,26907,18,18720,43.2,42.2,20.2,104.8,2.8,556865,19050,16,16,bbr1
0.926,20573,14,15840,42.8,43.1,20.2,104.8,2.4,556865,19053,16,16,bbr1
0.933,23421,16,18720,42.8,43.3,20.2,104.8,1.9,556865,19057,16,16,bbr1
0.941,26269,18,20160,42.9,43.4,20.2,104.8,1.6,556865,19060,16,16,bbr1
0.948,26907,18,20160,43.1,44.2,20.2,104.8,1.5,334119,19062,16,16,bbr1
0.957,26907,18,20160,43.2,44.2,20.2,104.8,1.4,334119,19064,16,16,bbr1
0.961,26907,18,18720,43.6,46.2,20.2,104.8,1.8,334119,19065,16,16,bbr1
0.970,17725,12,17280,43.0,39.3,20.2,104.8,2.4,332638,19067,16,16,bbr1
0.977,20573,14,15840,43.2,44.3,20.2,104.8,2.1,443518,19068,16,16,bbr1
0.987,23421,16,18720,43.5,46.0,20.2,104.8,2.3,443518,19072,16,16,bbr1
0.993,26269,18,18720,44.0,47.5,20.2,104.8,2.7,443518,19074,16,16,bbr1
1.000,26826,18,18720,44.5,47.5,20.2,104.8,2.9,443518,19076,16,16,bbr1
1.006,26826,18,18720,44.6,45.5,20.2,104.8,2.4,443518,19078,16,16,bbr1
1.013,26826,18,18720,44.5,44.2,20.2,104.8,1.9,443518,19080,16,16,bbr1
1.019,17685,12,17280,43.9,39.4,20.2,104.8,2.7,442828,19082,16,16,bbr1
1.028,21957,15,14400,43.6,41.4,20.2,104.8,2.7,442828,19083,16,16,bbr1
1.038,24805,17,17280,43.4,42.0,20.2,104.8,2.4,442828,19087,16,16,bbr1
1.044,26798,18,17280,43.3,42.4,20.2,104.8,2.1,553535,19089,16,16,bbr1
1.052,26798,18,18720,43.1,42.4,20.2,104.8,1.8,553535,19092,16,16,bbr1
1.059,26798,18,20160,43.1,43.1,20.2,104.8,1.3,553535,19095,16,16,bbr1
1.071,19095,13,17280,42.5,37.6,20.2,104.8,2.2,332121,19097,16,16,bbr1
1.078,21943,15,17280,42.3,41.4,20.2,104.8,1.9,332121,19099,16,16,bbr1
1.088,24791,17,18720,42.3,41.7,20.2,104.8,1.6,442828,19102,16,16,bbr1
1.094,26798,18,18720,42.3,42.8,20.2,104.8,1.3,442828,19104,16,16,bbr1
1.100,26798,18,18720,42.7,45.0,20.2,104.8,1.7,442828,19106,16,16,bbr1
1.107,26798,18,18720,43.2,46.6,20.2,104.8,2.2,442828,19108,16,16,bbr1
1.113,26798,18,18720,43.7,47.8,20.2,104.8,2.8,442828,19110,16,16,bbr1
1.120,26798,18,18720,43.6,42.8,20.2,104.8,2.4,442828,19112,16,16,bbr1
1.140,21943,15,17280,43.7,44.0,20.2,104.8,1.2,442828,19117,16,16,bbr1
0.006,19497,13,0,43.4,42.7,20.2,104.8,1.7,553535,19118,16,16,bbr1
0.006,22074,15,0,41.5,28.4,20.2,104.8,5.0,553535,19120,16,16,bbr1
0.032,26798,18,12960,39.3,24.2,20.2,104.8,8.1,553535,19133,16,16,bbr1
0.042,26798,18,15840,38.1,29.2,20.2,104.8,8.6,553535,19137,16,16,bbr1
0.050,26798,18,17280,37.2,30.9,20.2,104.8,8.2,553535,19140,16,16,bbr1
0.058,26798,18,18720,36.5,32.0,20.2,104.8,7.5,553535,19143,16,16,bbr1
0.063,26798,18,18720,36.2,34.1,20.2,104.8,6.2,553535,19145,16,16,bbr1
0.071,26798,18,20160,36.2,35.8,20.2,104.8,4.7,553535,19148,16,16,bbr1
0.081,26798,18,21600,36.3,37.3,20.2,104.8,3.8,332121,19151,16,16,bbr1
0.085,26798,18,20160,36.7,39.2,20.2,104.8,3.6,332121,19152,16,16,bbr1
0.094,26798,18,20160,37.2,40.7,20.2,104.8,3.7,332121,19154,16,16,bbr1
0.098,26798,18,18720,37.8,41.8,20.2,104.8,3.9,332121,19155,16,16,bbr1
0.107,26798,18,18720,38.5,44.0,20.2,104.8,4.5,332121,19157,16,16,bbr1
0.111,26798,18,17280,39.4,45.7,20.2,104.8,5.2,332121,19158,16,16,bbr1
0.119,26798,18,17280,40.4,47.3,20.2,104.8,5.9,442828,19160,16,16,bbr1
0.126,26798,18,17280,41.4,48.5,20.2,104.8,6.4,442828,19162,16,16,bbr1
0.132,26798,18,17280,42.4,48.9,20.2,104.8,6.7,442828,19164,16,16,bbr1
0.138,26798,18,17280,42.9,46.8,20.2,104.8,6.1,442828,19166,16,16,bbr1
0.152,19095,13,15840,43.2,43.1,20.2,104.8,3.9,442828,19169,16,16,bbr1
0.159,21943,15,17280,43.0,41.6,20.2,104.8,3.3,442828,19172,16,16,bbr1
0.169,24791,17,18720,42.9,41.9,20.2,104.8,2.7,442828,19175,16,16,bbr1
0.175,26798,18,18720,42.7,41.9,20.2,104.8,2.3,442828,19177,16,16,bbr1
0.181,26798,18,18720,42.7,42.6,20.2,104.8,1.7,442828,19179,16,16,bbr1
0.188,26798,18,17280,42.6,41.4,20.2,104.8,1.6,442828,19181,16,16,bbr1
0.201,19095,13,15895,41.8,41.1,20.2,104.8,2.1,442828,19185,16,16,bbr1
0.208,21943,15,17335,41.8,41.7,20.2,104.8,1.6,442828,19188,16,16,bbr1
0.218,24791,17,18775,41.8,41.5,20.2,104.8,1.3,442828,19191,16,16,bbr1
0.224,26798,18,18775,41.9,42.5,20.2,104.8,1.1,553535,19193,16,16,bbr1
0.231,26798,18,20215,42.0,42.6,20.2,104.8,1.0,553535,19196,16,16,bbr1
0.237,26798,18,20215,42.0,42.7,20.2,104.8,1.0,553535,19198,16,16,bbr1
0.247,26798,18,20160,41.7,39.4,20.2,104.8,1.4,332121,19201,16,16,bbr1
0.260,19095,13,17335,42.0,43.4,20.2,104.8,1.4,332121,19204,16,16,bbr1
0.267,21943,15,17335,42.2,43.4,20.2,104.8,1.4,442828,19206,16,16,bbr1
0.277,24791,17,20215,42.6,45.4,20.2,104.8,1.8,442828,19210,16,16,bbr1
0.283,26798,18,20215,43.2,47.3,20.2,104.8,2.5,442828,19212,16,16,bbr1
0.289,26798,18,20215,43.9,48.7,20.2,104.8,3.3,442828,19214,16,16,bbr1
0.296,26798,18,20215,44.6,50.0,20.2,104.8,4.0,442828,19216,16,16,bbr1
0.303,26798,18,20215,45.1,48.3,20.2,104.8,3.9,442828,19218,16,16,bbr1
0.309,26798,18,20160,44.8,42.8,20.2,104.8,3.5,442828,19220,16,16,bbr1
0.321,20519,14,15840,44.6,44.9,20.2,104.8,2.4,433404,19222,16,16,bbr1
0.332,24791,17,17280,44.1,40.3,20.2,104.8,2.9,433404,19226,16,16,bbr1
0.338,26412,18,17280,43.7,40.8,20.2,104.8,3.0,541755,19228,16,16,bbr1
0.346,26412,18,15840,42.9,37.6,20.2,104.8,3.8,541755,19231,16,16,bbr1
0.351,26530,18,15840,41.9,34.9,20.2,104.8,4.8,545373,19233,16,16,bbr1
0.359,17537,12,15840,40.7,32.5,20.2,104.8,6.0,545373,19236,16,16,bbr1
0.366,21809,15,14400,39.5,31.0,20.2,104.8,6.9,545373,19238,16,16,bbr1
0.375,23233,16,18720,38.3,29.6,20.2,104.8,7.7,545373,19242,16,16,bbr1
0.380,26530,18,17280,37.5,31.8,20.2,104.8,7.4,545373,19244,16,16,bbr1
0.390,27263,18,17280,36.8,31.9,20.2,104.8,6.9,567717,19248,16,16,bbr1
0.400,28401,19,18720,36.2,32.4,20.2,104.8,6.3,602405,19252,16,16,bbr1
0.410,28401,19,20160,36.2,36.2,20.2,104.8,4.7,602405,19256,16,16,bbr1
0.417,28401,19,23040,36.1,35.5,20.2,104.8,3.7,602405,19259,16,16,bbr1
0.424,28401,19,21600,36.1,35.9,20.2,104.8,2.8,361443,19261,16,16,bbr1
0.436,21320,14,17335,37.0,40.6,20.2,104.8,3.2,361443,19264,16,16,bbr1
0.444,24168,16,18775,37.6,42.3,20.2,104.8,3.7,481924,19267,16,16,bbr1
0.452,28401,19,18775,38.4,43.9,20.2,104.8,4.3,481924,19270,16,16,bbr1
0.464,28401,19,21655,39.6,47.8,20.2,104.8,5.6,481924,19274,16,16,bbr1
0.470,28401,19,21655,40.8,49.3,20.2,104.8,6.6,481924,19276,16,16,bbr1
0.476,28401,19,21655,41.9,49.9,20.2,104.8,7.2,481924,19278,16,16,bbr1
0.485,28401,19,21600,42.2,44.5,20.2,104.8,6.1,481924,19281,16,16,bbr1
0.506,22744,15,17335,44.2,49.0,20.2,104.8,5.6,481924,19285,16,16,bbr1
0.515,25592,17,20215,44.9,50.2,20.2,104.8,5.7,602405,19289,16,16,bbr1
0.522,28401,19,20215,45.5,49.4,20.2,104.8,5.4,602405,19292,16,16,bbr1
0.530,28401,19,21655,46.1,50.4,20.2,104.8,5.3,602405,19295,16,16,bbr1
0.538,28401,19,23095,46.8,51.6,20.2,104.8,5.3,361443,19298,16,16,bbr1
0.546,28401,19,23095,47.5,52.6,20.2,104.8,5.4,361443,19300,16,16,bbr1
0.559,21359,14,17335,46.5,45.1,20.2,104.8,4.7,361443,19302,16,16,bbr1
0.566,24207,16,18775,46.6,47.2,20.2,104.8,3.7,481924,19305,16,16,bbr1
0.575,27055,18,20215,46.9,49.3,20.2,104.8,3.4,481924,19308,16,16,bbr1
0.582,28401,19,20215,47.5,51.4,20.2,104.8,3.7,481924,19310,16,16,bbr1
0.588,28401,19,20215,48.2,53.4,20.2,104.8,4.3,481924,19312,16,16,bbr1
0.597,28401,19,21655,48.9,54.0,20.2,104.8,4.6,481924,19315,16,16,bbr1
0.603,28401,19,21655,49.4,52.4,20.2,104.8,4.3,481924,19317,16,16,bbr1
0.608,28401,19,21600,48.6,42.8,20.2,104.8,4.9,481924,19319,16,16,bbr1
0.621,19896,13,18720,48.1,46.7,20.2,104.8,3.6,481924,19321,16,16,bbr1
0.628,22744,15,17280,48.0,47.7,20.2,104.8,2.8,481924,19322,16,16,bbr1
0.637,25592,17,20160,48.1,48.7,20.2,104.8,2.3,481924,19326,16,16,bbr1
0.643,28401,19,20160,48.3,49.6,20.2,104.8,2.1,481924,19328,16,16,bbr1
0.649,28401,19,20160,48.5,50.1,20.2,104.8,2.0,481924,19330,16,16,bbr1
0.659,28401,19,21600,48.8,51.1,20.2,104.8,2.1,481924,19333,16,16,bbr1
0.663,28401,19,21600,49.2,52.0,20.2,104.8,2.4,602405,19335,16,16,bbr1
0.683,22744,15,17280,47.9,46.7,20.2,104.8,2.9,361443,19338,16,16,bbr1
0.690,25592,17,18720,47.9,47.8,20.2,104.8,2.2,481924,19341,16,16,bbr1
0.699,28401,19,18720,47.9,47.6,20.2,104.8,1.7,481924,19344,16,16,bbr1
0.705,28401,19,18720,47.9,48.1,20.2,104.8,1.4,481924,19346,16,16,bbr1
0.714,28401,19,20160,48.1,49.3,20.2,104.8,1.4,481924,19349,16,16,bbr1
0.720,28401,19,20160,48.5,51.3,20.2,104.8,1.8,481924,19351,16,16,bbr1
0.736,21320,14,15840,47.1,44.2,20.2,104.8,3.2,481924,19353,16,16,bbr1
0.745,24168,16,18720,46.9,44.9,20.2,104.8,3.0,481924,19357,16,16,bbr1
0.751,27016,18,18720,46.7,45.9,20.2,104.8,2.5,602405,19359,16,16,bbr1
0.757,28401,19,20160,46.7,46.5,20.2,104.8,1.9,602405,19362,16,16,bbr1
0.764,28401,19,21600,46.8,47.6,20.2,104.8,1.7,602405,19365,16,16,bbr1
0.773,28401,19,23040,47.0,48.5,20.2,104.8,1.7,361443,19368,16,16,bbr1
0.787,21320,14,17335,45.7,43.5,20.2,104.8,3.0,361443,19370,16,16,bbr1
0.794,24168,16,18775,45.6,44.4,20.2,104.8,2.6,481924,19373,16,16,bbr1
0.803,27016,18,20215,45.7,46.5,20.2,104.8,2.2,481924,19376,16,16,bbr1
0.809,28401,19,20215,46.1,48.6,20.2,104.8,2.4,481924,19378,16,16,bbr1
0.815,28401,19,20215,46.6,50.7,20.2,104.8,2.9,481924,19380,16,16,bbr1
0.825,28401,19,21655,47.4,52.8,20.2,104.8,3.8,481924,19383,16,16,bbr1
0.830,28401,19,21655,48.1,53.3,20.2,104.8,4.3,481924,19385,16,16,bbr1
0.836,28401,19,21600,47.5,42.8,20.2,104.8,4.5,481924,19387,16,16,bbr1
0.849,19896,13,18720,47.2,46.4,20.2,104.8,3.0,602405,19389,16,16,bbr1
0.856,22744,15,17280,47.3,47.7,20.2,104.8,2.4,602405,19390,16,16,bbr1
0.863,25592,17,20160,47.4,48.6,20.2,104.8,2.1,602405,19394,16,16,bbr1
0.870,28401,19,20160,47.5,48.0,20.2,104.8,1.7,602405,19397,16,16,bbr1
0.880,28401,19,23040,47.7,49.1,20.2,104.8,1.7,602405,19401,16,16,bbr1
0.889,28401,19,24480,47.9,49.6,20.2,104.8,1.8,361443,19404,16,16,bbr1
0.893,28401,19,23040,48.3,50.5,20.2,104.8,2.0,361443,19405,16,16,bbr1
0.901,28401,19,21600,47.4,41.0,20.2,104.8,3.3,361443,19407,16,16,bbr1
0.916,19896,13,18720,47.4,48.6,20.2,104.8,2.3,361443,19409,16,16,bbr1
0.923,22744,15,17280,47.8,50.3,20.2,104.8,2.5,361443,19410,16,16,bbr1
0.930,25592,17,18720,48.4,52.7,20.2,104.8,3.1,481924,19413,16,16,bbr1
0.938,28401,19,20160,49.1,54.4,20.2,104.8,3.8,481924,19416,16,16,bbr1
0.944,28401,19,20160,50.1,56.9,20.2,104.8,4.8,481924,19418,16,16,bbr1
0.951,27385,19,20160,50.8,55.4,20.2,104.8,4.9,457134,19420,16,16,bbr1
0.957,27385,19,20160,51.2,54.4,20.2,104.8,4.6,457134,19422,16,16,bbr1
0.971,19388,13,18720,49.6,42.8,20.2,104.8,5.5,457134,19425,16,16,bbr1
0.977,22236,15,17280,49.2,46.0,20.2,104.8,5.0,457134,19426,16,16,bbr1
0.986,25084,17,20160,48.8,46.6,20.2,104.8,4.4,571417,19430,16,16,bbr1
0.991,27385,19,20160,48.7,47.7,20.2,104.8,3.6,571417,19432,16,16,bbr1
0.999,27385,19,21600,48.7,48.5,20.2,104.8,2.7,571417,19435,16,16,bbr1
1.007,26295,18,23040,48.7,48.8,20.2,104.8,2.1,538196,19438,16,16,bbr1
1.014,26295,18,23040,48.8,49.8,20.2,104.8,1.8,322917,19440,16,16,bbr1
1.032,23115,16,15840,47.5,45.7,20.2,104.8,2.7,322917,19442,16,16,bbr1
1.041,25963,18,17280,47.5,47.7,20.2,104.8,2.1,430836,19445,16,16,bbr1
1.050,26306,18,18720,47.8,49.5,20.2,104.8,2.1,430836,19448,16,16,bbr1
1.057,26306,18,18720,48.2,51.3,20.2,104.8,2.4,430836,19450,16,16,bbr1
1.063,26306,18,18720,48.8,52.7,20.2,104.8,2.9,430836,19452,16,16,bbr1
1.070,26306,18,18720,49.3,52.7,20.2,104.8,3.2,430836,19454,16,16,bbr1
1.076,17425,12,17280,48.2,41.1,20.2,104.8,4.4,538545,19456,16,16,bbr1
1.085,20273,14,15840,47.5,42.8,20.2,104.8,4.7,538545,19457,16,16,bbr1
1.093,23121,16,18720,47.0,43.5,20.2,104.8,4.5,538545,19461,16,16,bbr1
0.006,23082,16,0,44.9,45.3,20.2,104.8,2.4,538545,19464,17,17,bbr1
0.006,25660,17,0,42.8,28.2,20.2,104.8,6.0,538545,19466,17,17,bbr1
0.036,26306,18,12960,40.5,24.4,20.2,104.8,9.1,538545,19479,17,17,bbr1
0.044,26306,18,15840,39.1,29.3,20.2,104.8,9.6,538545,19483,17,17,bbr1
0.052,26306,18,17280,38.1,30.7,20.2,104.8,9.3,538545,19486,17,17,bbr1
0.058,26306,18,17280,37.3,32.2,20.2,104.8,8.5,538545,19488,17,17,bbr1
0.065,26306,18,18720,36.9,33.7,20.2,104.8,7.2,538545,19491,17,17,bbr1
0.071,26306,18,18720,36.4,32.6,20.2,104.8,6.5,538545,19493,17,17,bbr1
0.079,26306,18,20160,36.4,36.3,20.2,104.8,4.9,538545,19496,17,17,bbr1
0.086,26306,18,20160,36.6,38.2,20.2,104.8,4.1,323127,19498,17,17,bbr1
0.095,26306,18,20160,37.0,39.7,20.2,104.8,3.9,323127,19500,17,17,bbr1
0.100,26306,18,18720,37.5,40.8,20.2,104.8,3.9,323127,19501,17,17,bbr1
0.109,26306,18,18720,38.1,42.8,20.2,104.8,4.2,323127,19503,17,17,bbr1
0.113,26306,18,17280,38.9,44.1,20.2,104.8,4.7,323127,19504,17,17,bbr1
0.120,26306,18,17280,39.7,45.8,20.2,104.8,5.2,430836,19506,17,17,bbr1
0.127,26306,18,17280,40.7,47.3,20.2,104.8,5.8,430836,19508,17,17,bbr1
0.134,26306,18,17280,41.7,48.7,20.2,104.8,6.4,430836,19510,17,17,bbr1
0.141,26306,18,17280,42.3,46.7,20.2,104.8,6.0,430836,19512,17,17,bbr1
0.152,18849,13,14400,42.5,42.0,20.2,104.8,3.8,430836,19514,17,17,bbr1
0.162,21697,15,17280,42.2,40.5,20.2,104.8,3.4,430836,19518,17,17,bbr1
0.169,24545,17,17280,42.0,40.6,20.2,104.8,2.9,430836,19520,17,17,bbr1
0.175,26306,18,17280,41.9,40.8,20.2,104.8,2.5,538545,19522,17,17,bbr1
0.181,26306,18,17280,41.8,41.0,20.2,104.8,2.1,538545,19524,17,17,bbr1
0.189,26306,18,17280,40.8,34.2,20.2,104.8,3.5,538545,19527,17,17,bbr1
0.194,26306,18,18720,40.0,34.2,20.2,104.8,4.3,538545,19529,17,17,bbr1
0.205,18849,13,15840,39.5,37.9,20.2,104.8,3.3,538545,19531,17,17,bbr1
0.212,21697,15,17280,39.3,38.1,20.2,104.8,2.8,538545,19534,17,17,bbr1
0.221,24545,17,20160,39.3,39.1,20.2,104.8,2.2,538545,19538,17,17,bbr1
0.229,26363,18,20160,39.5,41.1,20.2,104.8,2.1,324169,19540,17,17,bbr1
0.233,26363,18,18720,39.9,42.3,20.2,104.8,2.3,324169,19541,17,17,bbr1
0.242,26363,18,18720,40.4,44.1,20.2,104.8,2.8,324169,19543,17,17,bbr1
0.251,17453,12,17280,40.3,39.4,20.2,104.8,2.3,337892,19545,17,17,bbr1
0.257,20301,14,15840,40.6,42.8,20.2,104.8,2.4,450523,19546,17,17,bbr1
0.267,23149,16,18720,41.2,45.3,20.2,104.8,3.0,450523,19550,17,17,bbr1
0.273,25997,18,18720,41.9,47.3,20.2,104.8,3.8,450523,19552,17,17,bbr1
0.279,27114,18,17280,42.2,44.2,20.2,104.8,3.4,450523,19554,17,17,bbr1
0.289,27114,18,18720,42.2,42.3,20.2,104.8,2.6,450523,19557,17,17,bbr1
0.296,27114,18,20160,42.1,41.2,20.2,104.8,2.2,450523,19559,17,17,bbr1
0.298,19253,13,15840,41.5,37.5,20.2,104.8,2.8,563153,19560,17,17,bbr1
0.308,22101,15,17280,41.1,38.0,20.2,104.8,3.0,563153,19563,17,17,bbr1
0.316,24949,17,20160,41.0,40.2,20.2,104.8,2.4,563153,19567,17,17,bbr1
0.324,27114,18,21600,40.9,40.7,20.2,104.8,1.9,563153,19570,17,17,bbr1
0.331,27114,18,21600,41.0,41.1,20.2,104.8,1.5,337892,19572,17,17,bbr1
0.339,27114,18,21600,41.0,41.6,20.2,104.8,1.3,337892,19574,17,17,bbr1
0.347,19253,13,17280,41.4,42.5,20.2,104.8,1.3,337892,19575,17,17,bbr1
0.354,22101,15,17280,41.4,41.1,20.2,104.8,1.1,450523,19577,17,17,bbr1
0.364,24949,17,20160,42.0,46.1,20.2,104.8,2.0,450523,19581,17,17,bbr1
0.370,27114,18,20160,42.7,47.9,20.2,104.8,3.0,450523,19583,17,17,bbr1
0.377,27114,18,20160,43.5,49.2,20.2,104.8,3.9,450523,19585,17,17,bbr1
0.383,27114,18,20160,44.2,49.2,20.2,104.8,4.3,450523,19587,17,17,bbr1
0.390,27114,18,20160,44.7,47.9,20.2,104.8,4.2,450523,19589,17,17,bbr1
0.396,27114,18,20160,44.4,42.7,20.2,104.8,3.6,450523,19591,17,17,bbr1
0.409,19253,13,17280,44.5,46.5,20.2,104.8,2.9,450523,19593,17,17,bbr1
0.416,22101,15,17280,44.8,46.8,20.2,104.8,2.8,450523,19595,17,17,bbr1
0.425,24949,17,20160,45.1,47.5,20.2,104.8,2.8,563153,19599,17,17,bbr1
0.430,27114,18,20160,45.5,47.8,20.2,104.8,2.7,563153,19601,17,17,bbr1
0.438,27114,18,21600,45.8,48.4,20.2,104.8,2.8,563153,19604,17,17,bbr1
0.447,27114,18,23040,46.2,48.8,20.2,104.8,2.8,337892,19607,17,17,bbr1
0.451,27114,18,21600,46.6,48.9,20.2,104.8,2.8,337892,19608,17,17,bbr1
0.460,27114,18,21600,46.1,42.8,20.2,104.8,3.1,337892,19610,17,17,bbr1
0.471,19253,13,17280,45.8,46.6,20.2,104.8,2.6,337892,19611,17,17,bbr1
0.478,22101,15,17280,46.0,47.7,20.2,104.8,2.4,450523,19613,17,17,bbr1
0.488,24949,17,20160,46.4,49.4,20.2,104.8,2.7,450523,19617,17,17,bbr1
0.494,27114,18,20160,47.1,51.7,20.2,104.8,3.3,450523,19619,17,17,bbr1
0.500,27114,18,20160,47.9,53.3,20.2,104.8,4.1,450523,19621,17,17,bbr1
0.506,27114,18,18720,48.0,49.2,20.2,104.8,3.4,450523,19623,17,17,bbr1
0.524,20677,14,15840,46.4,41.0,20.2,104.8,4.8,450523,19626,17,17,bbr1
0.534,23525,16,18720,46.2,44.8,20.2,104.8,4.0,450523,19630,17,17,bbr1
0.540,26373,18,18720,46.1,45.1,20.2,104.8,3.2,450523,19632,17,17,bbr1
0.546,27114,18,18720,46.0,45.5,20.2,104.8,2.6,450523,19634,17,17,bbr1
0.553,27114,18,18720,46.0,46.0,20.2,104.8,1.9,450523,19636,17,17,bbr1
0.558,27114,18,18720,46.1,46.6,20.2,104.8,1.6,563153,19638,17,17,bbr1
0.575,20677,14,15840,45.0,43.2,20.2,104.8,2.7,563153,19641,17,17,bbr1
0.583,23525,16,18720,44.8,43.4,20.2,104.8,2.4,563153,19645,17,17,bbr1
0.591,26373,18,20160,44.7,44.1,20.2,104.8,2.0,563153,19648,17,17,bbr1
0.596,27114,18,20160,44.7,44.3,20.2,104.8,1.6,563153,19650,17,17,bbr1
0.604,27114,18,21600,44.7,44.9,20.2,104.8,1.2,563153,19653,17,17,bbr1
0.613,27114,18,23040,44.9,46.1,20.2,104.8,1.3,337892,19656,17,17,bbr1
0.627,20677,14,17280,44.2,44.4,20.2,104.8,1.8,337892,19657,17,17,bbr1
0.634,23525,16,18720,44.4,46.2,20.2,104.8,1.9,450523,19660,17,17,bbr1
0.640,26373,18,18720,44.8,47.5,20.2,104.8,2.2,450523,19662,17,17,bbr1
0.650,27114,18,20160,45.4,49.7,20.2,104.8,2.8,450523,19665,17,17,bbr1
0.656,27114,18,20160,46.1,50.9,20.2,104.8,3.5,450523,19667,17,17,bbr1
0.663,27114,18,20160,47.0,53.1,20.2,104.8,4.4,450523,19669,17,17,bbr1
0.673,19253,13,17280,45.6,41.0,20.2,104.8,4.9,450523,19671,17,17,bbr1
0.006,14881,10,0,42.2,20.4,20.2,104.8,7.3,563153,19673,17,17,bbr1
0.007,17459,12,0,40.5,28.3,20.2,104.8,9.0,563153,19675,17,17,bbr1
0.033,23155,16,12960,38.4,23.9,20.2,104.8,10.9,563153,19688,17,17,bbr1
0.043,26003,18,15840,37.2,29.0,20.2,104.8,10.5,563153,19692,17,17,bbr1
0.051,26994,18,17280,36.4,30.6,20.2,104.8,9.5,563153,19695,17,17,bbr1
0.059,26994,18,18720,35.8,31.9,20.2,104.8,8.2,563153,19698,17,17,bbr1
0.066,26994,18,20160,35.6,34.2,20.2,104.8,6.6,563153,19701,17,17,bbr1
0.073,26994,18,20160,35.7,35.9,20.2,104.8,5.0,337892,19703,17,17,bbr1
0.081,26994,18,20160,35.8,37.1,20.2,104.8,4.1,337892,19705,17,17,bbr1
0.085,26994,18,18720,36.3,39.4,20.2,104.8,4.0,337892,19706,17,17,bbr1
0.094,26994,18,18720,36.9,40.9,20.2,104.8,4.2,337892,19708,17,17,bbr1
0.099,26994,18,17280,37.6,42.9,20.2,104.8,4.6,337892,19709,17,17,bbr1
0.106,26994,18,17280,38.4,44.1,20.2,104.8,5.1,450523,19711,17,17,bbr1
0.112,26994,18,17280,39.4,46.3,20.2,104.8,5.8,450523,19713,17,17,bbr1
0.118,26994,18,17280,40.4,47.5,20.2,104.8,6.4,450523,19715,17,17,bbr1
0.128,26889,18,18720,41.2,46.4,20.2,104.8,6.3,447949,19718,17,17,bbr1
0.135,26889,18,18720,41.6,44.7,20.2,104.8,5.6,447949,19720,17,17,bbr1
0.141,26889,18,18720,41.8,43.1,20.2,104.8,4.6,447949,19722,17,17,bbr1
0.153,19140,13,15840,41.7,41.9,20.2,104.8,2.8,447949,19724,17,17,bbr1
0.159,21988,15,17280,41.8,42.1,20.2,104.8,2.1,447949,19727,17,17,bbr1
0.169,24836,17,18720,41.9,42.7,20.2,104.8,1.9,447949,19730,17,17,bbr1
0.175,26209,18,18720,42.0,43.2,20.2,104.8,1.7,431261,19732,17,17,bbr1
0.182,26209,18,18720,42.2,43.1,20.2,104.8,1.6,431261,19734,17,17,bbr1
0.188,26209,18,17280,42.2,42.6,20.2,104.8,1.3,539076,19736,17,17,bbr1
0.196,26209,18,18720,41.6,37.6,20.2,104.8,2.1,539076,19739,17,17,bbr1
0.209,18800,13,17280,41.6,41.7,20.2,104.8,1.4,323445,19742,17,17,bbr1
0.216,21648,15,17280,41.7,42.3,20.2,104.8,1.2,323445,19744,17,17,bbr1
0.224,24496,17,17280,41.8,42.4,20.2,104.8,1.1,323445,19746,17,17,bbr1
0.232,26209,18,17280,41.9,42.6,20.2,104.8,1.0,431261,19748,17,17,bbr1
0.238,26209,18,17280,42.1,43.5,20.2,104.8,1.2,431261,19750,17,17,bbr1
0.245,26209,18,17280,42.5,45.2,20.2,104.8,1.7,431261,19752,17,17,bbr1
0.251,26209,18,17280,43.0,46.7,20.2,104.8,2.3,431261,19754,17,17,bbr1
0.264,18800,13,14400,43.2,43.0,20.2,104.8,1.7,431261,19756,17,17,bbr1
0.274,21648,15,17280,42.9,41.0,20.2,104.8,1.8,431261,19760,17,17,bbr1
0.280,24496,17,17280,42.7,40.9,20.2,104.8,1.9,431261,19762,17,17,bbr1
0.287,26209,18,17280,42.4,40.8,20.2,104.8,1.9,431261,19764,17,17,bbr1
0.294,26209,18,17280,42.3,41.5,20.2,104.8,1.6,431261,19766,17,17,bbr1
0.301,26209,18,17280,42.2,41.6,20.2,104.8,1.4,431261,19768,17,17,bbr1
0.307,26209,18,17280,41.5,36.1,20.2,104.8,2.6,431261,19770,17,17,bbr1
0.319,18800,13,14400,41.0,39.6,20.2,104.8,2.2,539076,19772,17,17,bbr1
0.327,23072,16,15840,40.7,38.0,20.2,104.8,2.4,539076,19776,17,17,bbr1
0.335,25920,18,17280,40.3,38.0,20.2,104.8,2.5,539076,19779,17,17,bbr1
0.343,26209,18,20160,40.0,38.1,20.2,104.8,2.4,539076,19782,17,17,bbr1
0.350,26209,18,18720,39.7,37.0,20.2,104.8,2.6,323445,19784,17,17,bbr1
0.354,26209,18,17280,38.8,32.4,20.2,104.8,3.7,323445,19785,17,17,bbr1
0.363,17376,12,14455,37.9,37.3,20.2,104.8,3.5,431261,19787,17,17,bbr1
0.370,20224,14,15895,37.7,36.6,20.2,104.8,2.9,431261,19790,17,17,bbr1
0.380,23072,16,17335,38.0,39.9,20.2,104.8,2.7,433485,19793,17,17,bbr1
0.387,25920,18,17335,38.4,41.5,20.2,104.8,2.9,433485,19795,17,17,bbr1
0.393,27316,18,17335,39.0,43.3,20.2,104.8,3.4,458430,19797,17,17,bbr1
0.399,27316,18,17335,39.3,41.3,20.2,104.8,3.1,458430,19799,17,17,bbr1
0.405,27316,18,17280,38.9,36.0,20.2,104.8,3.2,458430,19801,17,17,bbr1
0.418,19354,13,14455,39.1,39.9,20.2,104.8,2.1,458430,19804,17,17,bbr1
0.428,22202,15,17335,39.0,38.3,20.2,104.8,1.8,458430,19808,17,17,bbr1
0.433,25050,17,17335,39.1,40.1,20.2,104.8,1.6,573037,19810,17,17,bbr1
0.441,27316,18,18775,39.3,40.9,20.2,104.8,1.6,573037,19813,17,17,bbr1
0.446,27316,18,18775,39.6,41.0,20.2,104.8,1.7,573037,19815,17,17,bbr1
0.453,27316,18,20215,39.8,41.8,20.2,104.8,1.8,573037,19818,17,17,bbr1
0.461,27316,18,21600,39.4,36.0,20.2,104.8,2.3,573037,19821,17,17,bbr1
0.480,22202,15,17335,39.9,42.4,20.2,104.8,1.9,343822,19825,17,17,bbr1
0.487,25050,17,18775,40.4,44.1,20.2,104.8,2.5,458430,19828,17,17,bbr1
0.496,27316,18,20215,41.1,46.1,20.2,104.8,3.3,458430,19831,17,17,bbr1
0.503,27316,18,20215,42.0,47.9,20.2,104.8,4.2,458430,19833,17,17,bbr1
0.509,27316,18,20215,42.9,49.7,20.2,104.8,5.1,458430,19835,17,17,bbr1
0.515,27316,18,20215,44.0,51.6,20.2,104.8,5.9,458430,19837,17,17,bbr1
0.522,27316,18,20215,45.2,53.3,20.2,104.8,6.8,458430,19839,17,17,bbr1
0.528,27316,18,20160,44.9,43.0,20.2,104.8,5.6,458430,19841,17,17,bbr1
0.541,20778,14,17280,45.0,44.8,20.2,104.8,3.4,573037,19844,17,17,bbr1
0.550,23626,16,18720,45.0,45.5,20.2,104.8,2.7,573037,19847,17,17,bbr1
0.558,26474,18,21600,45.2,45.9,20.2,104.8,2.2,573037,19851,17,17,bbr1
0.567,27316,18,23040,45.3,46.6,20.2,104.8,2.0,343822,19854,17,17,bbr1
0.571,27316,18,21600,45.5,46.9,20.2,104.8,1.9,343822,19855,17,17,bbr1
0.579,27316,18,21600,45.8,47.7,20.2,104.8,2.0,343822,19857,17,17,bbr1
0.588,27316,18,21600,46.1,48.3,20.2,104.8,2.1,343822,19859,17,17,bbr1
0.598,20778,14,15840,46.0,46.4,20.2,104.8,1.6,343822,19860,17,17,bbr1
0.609,23626,16,18720,46.7,51.4,20.2,104.8,2.6,458430,19864,17,17,bbr1
0.616,26474,18,18720,47.5,53.3,20.2,104.8,3.6,458430,19866,17,17,bbr1
0.622,27316,18,18720,48.2,53.4,20.2,104.8,4.2,458430,19868,17,17,bbr1
0.632,27316,18,20160,48.7,51.9,20.2,104.8,4.0,458430,19871,17,17,bbr1
0.638,27316,18,20160,48.9,50.3,20.2,104.8,3.4,458430,19873,17,17,bbr1
0.653,20778,14,15840,47.7,44.6,20.2,104.8,4.0,573037,19875,17,17,bbr1
0.661,23626,16,18720,47.4,45.2,20.2,104.8,3.6,573037,19879,17,17,bbr1
0.668,26474,18,20160,47.1,45.5,20.2,104.8,3.2,573037,19882,17,17,bbr1
0.675,27316,18,21600,47.0,46.3,20.2,104.8,2.6,573037,19885,17,17,bbr1
0.682,27316,18,21600,47.0,46.5,20.2,104.8,2.1,343822,19887,17,17,bbr1
0.691,27316,18,21600,47.0,47.4,20.2,104.8,1.7,343822,19889,17,17,bbr1
0.695,27316,18,18720,46.1,39.4,20.2,104.8,3.2,343822,19890,17,17,bbr1
0.709,19354,13,15840,45.5,44.6,20.2,104.8,2.6,343822,19892,17,17,bbr1
0.717,22202,15,17280,45.6,46.4,20.2,104.8,2.2,458430,19895,17,17,bbr1
0.726,25050,17,18720,46.0,48.3,20.2,104.8,2.3,458430,19898,17,17,bbr1
0.733,27316,18,18720,46.5,50.1,20.2,104.8,2.8,458430,19900,17,17,bbr1
0.738,27316,18,18720,46.7,48.5,20.2,104.8,2.6,573037,19902,17,17,bbr1
0.745,27316,18,20160,46.7,46.7,20.2,104.8,1.9,573037,19905,17,17,bbr1
0.761,20778,14,15895,45.3,41.7,20.2,104.8,3.5,573037,19908,17,17,bbr1
0.768,23626,16,18775,45.0,42.8,20.2,104.8,3.2,573037,19912,17,17,bbr1
0.776,26474,18,20215,44.8,43.4,20.2,104.8,2.8,573037,19915,17,17,bbr1
0.783,27316,18,21655,44.6,43.5,20.2,104.8,2.5,573037,19918,17,17,bbr1
0.790,27316,18,21655,44.8,45.8,20.2,104.8,2.1,343822,19920,17,17,bbr1
0.798,27316,18,21655,45.1,47.6,20.2,104.8,2.3,343822,19922,17,17,bbr1
0.812,20817,14,15840,44.4,44.7,20.2,104.8,2.4,343822,19923,17,17,bbr1
0.820,23665,16,17280,44.7,46.5,20.2,104.8,2.3,458430,19926,17,17,bbr1
0.826,26513,18,17280,45.1,48.3,20.2,104.8,2.7,458430,19928,17,17,bbr1
0.835,27316,18,18720,45.8,50.2,20.2,104.8,3.2,458430,19931,17,17,bbr1
0.841,27316,18,18720,46.5,51.9,20.2,104.8,4.0,573037,19933,17,17,bbr1
0.848,27316,18,20160,47.0,50.4,20.2,104.8,3.9,573037,19936,17,17,bbr1
0.863,20778,14,15840,45.5,41.7,20.2,104.8,4.7,333652,19938,17,17,bbr1
0.872,25050,17,15840,45.0,41.5,20.2,104.8,4.6,333652,19941,17,17,bbr1
0.006,15483,10,0,43.3,38.9,20.2,104.8,4.1,556087,19942,17,17,bbr1
0.008,18060,12,0,41.6,29.5,20.2,104.8,6.5,556087,19944,17,17,bbr1
0.034,23756,16,12960,39.4,24.1,20.2,104.8,9.2,556087,19957,17,17,bbr1
0.044,26604,18,15840,38.1,29.1,20.2,104.8,9.5,556087,19961,17,17,bbr1
0.052,26764,18,17280,37.1,30.3,20.2,104.8,9.1,556087,19964,17,17,bbr1
0.060,26764,18,18720,36.5,32.5,20.2,104.8,8.0,556087,19967,17,17,bbr1
0.065,26764,18,18720,36.2,34.0,20.2,104.8,6.6,556087,19969,17,17,bbr1
0.073,26764,18,20160,36.2,35.8,20.2,104.8,5.1,556087,19972,17,17,bbr1
0.082,26764,18,21600,36.3,37.4,20.2,104.8,4.1,333652,19975,17,17,bbr1
0.086,26764,18,20160,36.7,39.1,20.2,104.8,3.8,333652,19976,17,17,bbr1
0.095,26764,18,20160,37.2,40.7,20.2,104.8,3.8,333652,19978,17,17,bbr1
0.100,26764,18,18720,37.8,42.0,20.2,104.8,4.1,333652,19979,17,17,bbr1
0.108,26764,18,18720,38.6,44.2,20.2,104.8,4.7,333652,19981,17,17,bbr1
0.117,26764,18,18720,39.5,45.8,20.2,104.8,5.3,333652,19983,17,17,bbr1
0.121,26764,18,17280,40.5,47.4,20.2,104.8,6.0,333652,19984,17,17,bbr1
0.128,26764,18,17280,41.5,48.7,20.2,104.8,6.5,444870,19986,17,17,bbr1
0.135,26764,18,17280,42.4,49.0,20.2,104.8,6.8,444870,19988,17,17,bbr1
0.142,26764,18,17280,43.0,47.3,20.2,104.8,6.3,444870,19990,17,17,bbr1
0.154,19078,13,14400,43.4,43.8,20.2,104.8,4.0,444870,19992,17,17,bbr1
0.163,21926,15,17280,43.2,42.0,20.2,104.8,3.4,444870,19996,17,17,bbr1
0.170,24774,17,17280,42.8,40.0,20.2,104.8,3.3,444870,19998,17,17,bbr1
0.176,26764,18,17280,42.5,40.5,20.2,104.8,3.1,444870,20000,17,17,bbr1
0.183,26764,18,17280,42.3,40.9,20.2,104.8,2.7,444870,20002,17,17,bbr1
0.189,26764,18,15840,41.3,34.1,20.2,104.8,4.1,556087,20004,17,17,bbr1
0.194,26764,18,17280,40.4,34.2,20.2,104.8,4.8,556087,20006,17,17,bbr1
0.206,19078,13,15840,39.9,38.3,20.2,104.8,3.6,556087,20009,17,17,bbr1
0.213,21926,15,17280,39.7,38.2,20.2,104.8,3.1,556087,20012,17,17,bbr1
0.222,24774,17,20160,39.6,39.0,20.2,104.8,2.5,556087,20016,17,17,bbr1
0.229,26764,18,20160,39.5,39.2,20.2,104.8,2.0,333652,20018,17,17,bbr1
0.238,26764,18,20160,39.7,41.1,20.2,104.8,1.9,333652,20020,17,17,bbr1
0.242,26764,18,18720,40.1,42.8,20.2,104.8,2.2,333652,20021,17,17,bbr1
0.251,26984,18,17280,40.0,39.4,20.2,104.8,1.8,337703,20023,17,17,bbr1
0.258,17764,12,15840,40.4,43.3,20.2,104.8,2.2,450271,20025,17,17,bbr1
0.266,20612,14,15840,41.0,45.2,20.2,104.8,2.8,450271,20027,17,17,bbr1
0.274,23460,16,17280,41.5,45.2,20.2,104.8,3.2,450271,20030,17,17,bbr1
0.280,27163,18,15840,41.4,40.3,20.2,104.8,2.7,454680,20032,17,17,bbr1
0.290,27163,18,17280,41.1,39.0,20.2,104.8,2.6,454680,20035,17,17,bbr1
0.297,27163,18,17280,40.6,37.2,20.2,104.8,2.9,454680,20037,17,17,bbr1
0.302,27163,18,17280,40.5,39.5,20.2,104.8,2.5,568350,20039,17,17,bbr1
0.316,19277,13,15895,40.3,39.9,20.2,104.8,1.6,568350,20043,17,17,bbr1
0.323,22125,15,17335,40.4,40.8,20.2,104.8,1.3,568350,20046,17,17,bbr1
0.332,24973,17,20215,40.5,41.4,20.2,104.8,1.3,568350,20050,17,17,bbr1
0.339,27163,18,21655,40.7,41.8,20.2,104.8,1.3,568350,20053,17,17,bbr1
0.346,27163,18,21655,40.8,42.0,20.2,104.8,1.3,341010,20055,17,17,bbr1
0.350,27163,18,20215,41.0,42.3,20.2,104.8,1.3,341010,20056,17,17,bbr1
0.366,20740,14,15840,40.7,41.1,20.2,104.8,1.5,341010,20058,17,17,bbr1
0.374,23588,16,17280,41.2,44.7,20.2,104.8,2.1,454680,20061,17,17,bbr1
0.380,26436,18,17280,41.7,45.9,20.2,104.8,2.8,454680,20063,17,17,bbr1
0.389,27163,18,18720,42.6,48.2,20.2,104.8,3.7,454680,20066,17,17,bbr1
0.395,27163,18,18720,43.5,50.0,20.2,104.8,4.6,568350,20068,17,17,bbr1
0.402,27163,18,20160,44.1,48.4,20.2,104.8,4.7,568350,20071,17,17,bbr1
0.417,20701,14,15840,43.3,41.6,20.2,104.8,4.0,568350,20073,17,17,bbr1
0.425,23549,16,18720,43.2,42.7,20.2,104.8,3.2,568350,20077,17,17,bbr1
0.432,26397,18,20160,43.2,43.2,20.2,104.8,2.4,568350,20080,17,17,bbr1
0.440,27163,18,21600,43.2,43.4,20.2,104.8,1.8,568350,20083,17,17,bbr1
0.447,27163,18,21600,43.5,45.3,20.2,104.8,1.9,341010,20085,17,17,bbr1
0.455,27163,18,21600,43.9,47.2,20.2,104.8,2.4,341010,20087,17,17,bbr1
0.469,20701,14,15840,43.5,44.5,20.2,104.8,2.5,341010,20088,17,17,bbr1
0.476,23549,16,17280,43.9,46.3,20.2,104.8,2.5,454680,20091,17,17,bbr1
0.482,26397,18,17280,44.4,48.0,20.2,104.8,3.0,454680,20093,17,17,bbr1
0.492,27163,18,18720,45.1,49.9,20.2,104.8,3.6,454680,20096,17,17,bbr1
0.498,27163,18,18720,45.9,51.7,20.2,104.8,4.3,454680,20098,17,17,bbr1
0.505,27163,18,18720,46.4,50.1,20.2,104.8,4.3,454680,20100,17,17,bbr1
0.511,17853,12,17280,45.5,39.3,20.2,104.8,5.0,568350,20102,17,17,bbr1
0.518,20701,14,15840,44.8,40.0,20.2,104.8,5.1,568350,20103,17,17,bbr1
0.526,23549,16,18720,44.4,41.0,20.2,104.8,4.8,568350,20107,17,17,bbr1
0.533,26397,18,20160,44.0,41.5,20.2,104.8,4.3,568350,20110,17,17,bbr1
0.541,27163,18,21600,43.7,41.7,20.2,104.8,3.8,568350,20113,17,17,bbr1
0.548,27163,18,21600,43.6,42.5,20.2,104.8,3.1,341010,20115,17,17,bbr1
0.556,27163,18,21600,43.5,42.7,20.2,104.8,2.6,341010,20117,17,17,bbr1
0.570,20701,14,15840,43.1,44.5,20.2,104.8,2.6,341010,20118,17,17,bbr1
0.577,23549,16,17280,43.5,46.3,20.2,104.8,2.8,454680,20121,17,17,bbr1
0.583,26397,18,17280,44.1,48.1,20.2,104.8,3.2,454680,20123,17,17,bbr1
0.593,27163,18,18720,44.8,49.9,20.2,104.8,3.9,454680,20126,17,17,bbr1
0.599,27163,18,18720,45.7,51.7,20.2,104.8,4.6,568350,20128,17,17,bbr1
0.606,27163,18,20160,46.2,50.1,20.2,104.8,4.5,568350,20131,17,17,bbr1
0.621,20701,14,15840,44.9,41.8,20.2,104.8,4.7,568350,20133,17,17,bbr1
0.629,23549,16,18720,44.7,42.8,20.2,104.8,4.1,568350,20137,17,17,bbr1
0.636,26397,18,20160,44.3,41.6,20.2,104.8,3.8,568350,20140,17,17,bbr1
0.644,27163,18,21600,44.2,43.3,20.2,104.8,3.1,568350,20143,17,17,bbr1
0.651,27163,18,21600,44.3,45.3,20.2,104.8,2.6,341010,20145,17,17,bbr1
0.659,27163,18,21600,44.7,47.3,20.2,104.8,2.7,341010,20147,17,17,bbr1
0.672,20701,14,15840,44.1,44.5,20.2,104.8,2.7,341010,20148,17,17,bbr1
0.680,24973,17,15840,44.2,45.4,20.2,104.8,2.3,454680,20151,17,17,bbr1
0.690,27163,18,17280,44.6,47.1,20.2,104.8,2.5,454680,20154,17,17,bbr1
0.696,27163,18,17280,45.1,48.9,20.2,104.8,2.9,454680,20156,17,17,bbr1
0.701,27163,18,17280,45.6,49.1,20.2,104.8,3.2,568350,20158,17,17,bbr1
0.709,27163,18,18720,45.8,47.2,20.2,104.8,2.8,568350,20161,17,17,bbr1
0.716,27163,18,20160,44.8,37.6,20.2,104.8,4.1,568350,20164,17,17,bbr1
0.729,19277,13,18720,43.8,41.0,20.2,104.8,4.0,341010,20167,17,17,bbr1
0.736,22125,15,17280,43.5,41.0,20.2,104.8,3.7,341010,20168,17,17,bbr1
0.744,24973,17,18720,43.3,41.8,20.2,104.8,3.2,341010,20171,17,17,bbr1
0.752,27163,18,18720,43.4,43.8,20.2,104.8,2.5,341010,20173,17,17,bbr1
0.757,27163,18,17280,43.6,45.1,20.2,104.8,2.3,341010,20174,17,17,bbr1
0.764,27163,18,17280,44.0,47.4,20.2,104.8,2.7,454680,20176,17,17,bbr1
0.771,26756,18,17280,44.7,49.1,20.2,104.8,3.3,444697,20178,17,17,bbr1
0.784,19074,13,14400,44.6,42.8,20.2,104.8,2.7,444697,20180,17,17,bbr1
0.793,21922,15,17280,44.5,44.1,20.2,104.8,2.1,444697,20184,17,17,bbr1
0.799,24770,17,17280,44.4,43.0,20.2,104.8,2.0,555871,20186,17,17,bbr1
0.804,26756,18,17280,43.9,41.1,20.2,104.8,2.3,555871,20188,17,17,bbr1
0.812,26756,18,18720,43.7,41.9,20.2,104.8,2.2,555871,20191,17,17,bbr1
0.820,26756,18,20160,43.5,42.0,20.2,104.8,2.1,555871,20194,17,17,bbr1
0.831,19074,13,17335,42.2,39.7,20.2,104.8,3.3,333522,20197,17,17,bbr1
0.838,21922,15,17335,41.7,38.2,20.2,104.8,3.5,333522,20199,17,17,bbr1
0.845,24770,17,17335,41.5,40.1,20.2,104.8,3.0,333522,20201,17,17,bbr1
0.852,26756,18,17335,41.4,41.1,20.2,104.8,2.3,444697,20203,17,17,bbr1
0.858,26756,18,17335,41.7,43.3,20.2,104.8,2.2,444697,20205,17,17,bbr1
0.865,26756,18,17335,42.1,44.9,20.2,104.8,2.5,444697,20207,17,17,bbr1
0.872,26711,18,17335,42.7,46.7,20.2,104.8,3.0,443587,20209,17,17,bbr1
0.878,26711,18,17280,42.5,41.2,20.2,104.8,2.6,443587,20211,17,17,bbr1
0.891,19051,13,15840,42.3,40.9,20.2,104.8,1.9,443587,20214,17,17,bbr1
0.006,3072,2,0,42.0,43.0,20.2,104.8,1.3,554483,20218,18,18,bbr1
0.006,5760,4,0,40.1,26.7,20.2,104.8,4.8,554483,20220,18,18,bbr1
0.033,11456,7,1440,38.2,25.1,20.2,104.8,7.3,554483,20225,18,18,bbr1
0.043,12880,8,7200,37.0,28.8,20.2,104.8,7.9,554483,20230,18,18,bbr1
0.059,17152,11,8640,35.0,20.9,20.2,104.8,9.9,554483,20234,18,18,bbr1
0.067,20000,13,11520,33.5,23.0,20.2,104.8,10.4,554483,20238,18,18,bbr1
0.075,22848,15,12960,32.3,24.1,20.2,104.8,10.2,554483,20241,18,18,bbr1
0.080,25696,17,12960,31.6,26.3,20.2,104.8,9.1,554483,20243,18,18,bbr1
0.087,26711,18,14400,30.4,22.2,20.2,104.8,9.2,554483,20246,18,18,bbr1
0.095,26711,18,15840,30.0,27.1,20.2,104.8,7.7,554483,20249,18,18,bbr1
0.101,26711,18,15840,29.8,28.8,20.2,104.8,6.1,554483,20251,18,18,bbr1
0.108,26711,18,17280,29.9,30.5,20.2,104.8,4.7,554483,20254,18,18,bbr1
0.114,26711,18,17280,30.2,32.2,20.2,104.8,4.1,554483,20256,18,18,bbr1
0.122,26711,18,18720,30.6,33.7,20.2,104.8,4.0,554483,20259,18,18,bbr1
0.129,26711,18,20160,31.2,34.9,20.2,104.8,4.0,554483,20262,18,18,bbr1
0.136,26711,18,20160,31.9,37.1,20.2,104.8,4.5,332690,20264,18,18,bbr1
0.145,26711,18,20160,32.7,38.2,20.2,104.8,5.0,332690,20266,18,18,bbr1
0.149,26711,18,18720,33.7,40.5,20.2,104.8,5.7,332690,20267,18,18,bbr1
0.158,26711,18,18720,34.7,41.5,20.2,104.8,6.2,332690,20269,18,18,bbr1
0.162,26711,18,17280,35.8,43.7,20.2,104.8,6.9,332690,20270,18,18,bbr1
0.169,26711,18,17280,36.9,45.1,20.2,104.8,7.5,443587,20272,18,18,bbr1
0.176,26711,18,17280,38.1,46.4,20.2,104.8,8.0,443587,20274,18,18,bbr1
0.182,26711,18,17280,39.5,48.7,20.2,104.8,8.6,443587,20276,18,18,bbr1
0.189,26711,18,17280,40.4,46.9,20.2,104.8,8.3,443587,20278,18,18,bbr1
0.203,19051,13,15840,41.2,43.1,20.2,104.8,6.1,443587,20281,18,18,bbr1
0.209,21899,15,17280,41.3,41.4,20.2,104.8,4.6,443587,20284,18,18,bbr1
0.219,26171,18,17280,41.1,40.0,20.2,104.8,3.8,443587,20287,18,18,bbr1
0.225,26711,18,17280,41.0,40.7,20.2,104.8,3.0,443587,20289,18,18,bbr1
0.232,26711,18,17280,41.0,41.0,20.2,104.8,2.2,443587,20291,18,18,bbr1
0.241,26711,18,18720,41.1,41.3,20.2,104.8,1.7,554483,20294,18,18,bbr1
0.246,26711,18,18720,40.6,37.6,20.2,104.8,2.2,554483,20296,18,18,bbr1
0.259,19051,13,17280,40.8,41.6,20.2,104.8,1.5,332690,20299,18,18,bbr1
0.266,23323,16,15840,40.6,38.8,20.2,104.8,1.6,325808,20301,18,18,bbr1
0.278,26171,18,17280,40.6,40.9,20.2,104.8,1.3,325808,20304,18,18,bbr1
0.281,26508,18,14400,40.6,40.4,20.2,104.8,1.0,438587,20305,18,18,bbr1
0.291,27149,18,15840,40.3,38.2,20.2,104.8,1.4,454329,20308,18,18,bbr1
0.297,27326,18,15840,40.4,41.5,20.2,104.8,1.3,458679,20310,18,18,bbr1
0.303,16511,11,15840,40.4,39.9,20.2,104.8,1.1,458679,20312,18,18,bbr1
0.309,19359,13,14400,40.1,37.9,20.2,104.8,1.5,458679,20313,18,18,bbr1
0.316,22207,15,15840,39.6,36.2,20.2,104.8,2.1,458679,20316,18,18,bbr1
0.325,25055,17,17280,39.1,36.2,20.2,104.8,2.4,458679,20319,18,18,bbr1
0.331,27326,18,17280,38.9,36.8,20.2,104.8,2.4,458679,20321,18,18,bbr1
0.338,27326,18,17280,38.6,37.2,20.2,104.8,2.2,458679,20323,18,18,bbr1
0.350,19359,13,14400,38.5,38.0,20.2,104.8,1.5,573348,20325,18,18,bbr1
0.358,22207,15,17280,38.6,39.1,20.2,104.8,1.3,573348,20329,18,18,bbr1
0.365,25055,17,18720,38.7,39.6,20.2,104.8,1.2,573348,20332,18,18,bbr1
0.372,27326,18,18720,38.7,38.8,20.2,104.8,0.9,573348,20335,18,18,bbr1
0.380,27326,18,20160,38.7,38.9,20.2,104.8,0.8,573348,20338,18,18,bbr1
0.388,27326,18,20160,38.2,34.2,20.2,104.8,1.7,573348,20341,18,18,bbr1
0.410,22207,15,17280,39.2,43.0,20.2,104.8,2.5,344009,20345,18,18,bbr1
0.419,25055,17,18720,39.9,44.9,20.2,104.8,3.3,344009,20348,18,18,bbr1
0.426,27326,18,18720,40.8,46.7,20.2,104.8,4.2,344009,20350,18,18,bbr1
0.431,27326,18,17280,41.7,48.5,20.2,104.8,5.1,344009,20351,18,18,bbr1
0.438,27326,18,17280,42.8,50.3,20.2,104.8,5.9,458679,20353,18,18,bbr1
0.444,27326,18,17280,44.0,52.1,20.2,104.8,6.8,458679,20355,18,18,bbr1
0.454,27326,18,18720,45.2,54.0,20.2,104.8,7.6,458679,20358,18,18,bbr1
0.464,19359,13,15840,44.8,44.2,20.2,104.8,4.9,458679,20360,18,18,bbr1
0.471,22207,15,17280,44.6,43.1,20.2,104.8,4.1,458679,20363,18,18,bbr1
0.480,25055,17,18720,44.2,41.6,20.2,104.8,3.8,573348,20366,18,18,bbr1
0.487,27326,18,20160,44.0,42.0,20.2,104.8,3.4,573348,20369,18,18,bbr1
0.492,27326,18,20160,43.8,42.7,20.2,104.8,2.9,573348,20371,18,18,bbr1
0.500,27326,18,21600,43.7,43.1,20.2,104.8,2.3,573348,20374,18,18,bbr1
0.516,20783,14,18720,43.1,42.8,20.2,104.8,2.2,344009,20377,18,18,bbr1
0.523,23631,16,18720,43.2,43.4,20.2,104.8,1.7,344009,20379,18,18,bbr1
0.533,27326,18,18720,43.4,44.8,20.2,104.8,1.7,344009,20382,18,18,bbr1
0.541,27326,18,18720,43.8,46.7,20.2,104.8,2.1,344009,20384,18,18,bbr1
0.545,27326,18,17280,44.4,48.5,20.2,104.8,2.8,344009,20385,18,18,bbr1
0.553,27326,18,17280,45.1,50.2,20.2,104.8,3.5,458679,20387,18,18,bbr1
0.559,27326,18,17280,46.0,52.1,20.2,104.8,4.4,458679,20389,18,18,bbr1
0.569,27326,18,18720,45.8,44.4,20.2,104.8,3.7,458679,20392,18,18,bbr1
0.579,19359,13,15840,45.7,44.7,20.2,104.8,2.5,458679,20394,18,18,bbr1
0.586,22207,15,17280,45.4,43.2,20.2,104.8,2.5,458679,20397,18,18,bbr1
0.595,25055,17,18720,44.9,41.7,20.2,104.8,2.8,458679,20400,18,18,bbr1
0.601,27326,18,18720,44.6,41.9,20.2,104.8,2.8,458679,20402,18,18,bbr1
0.608,27326,18,18720,44.3,42.8,20.2,104.8,2.6,458679,20404,18,18,bbr1
0.613,27326,18,18720,44.2,43.1,20.2,104.8,2.2,573348,20406,18,18,bbr1
0.631,20783,14,15840,43.5,42.6,20.2,104.8,2.4,573348,20409,18,18,bbr1
0.639,23631,16,18720,43.5,44.0,20.2,104.8,1.9,573348,20413,18,18,bbr1
0.646,26479,18,20160,43.6,44.5,20.2,104.8,1.7,573348,20416,18,18,bbr1
0.653,27326,18,21600,43.8,45.1,20.2,104.8,1.6,573348,20419,18,18,bbr1
0.660,27326,18,21600,44.0,45.4,20.2,104.8,1.6,344009,20421,18,18,bbr1
0.669,27326,18,21600,44.4,47.4,20.2,104.8,2.1,344009,20423,18,18,bbr1
0.682,20783,14,15840,43.9,44.5,20.2,104.8,2.3,344009,20424,18,18,bbr1
0.689,23631,16,17280,44.2,46.3,20.2,104.8,2.3,458679,20427,18,18,bbr1
0.696,26479,18,17280,44.5,46.4,20.2,104.8,2.3,458679,20429,18,18,bbr1
0.702,27326,18,17280,44.9,48.2,20.2,104.8,2.6,458679,20431,18,18,bbr1
0.709,27326,18,17280,45.6,50.1,20.2,104.8,3.3,458679,20433,18,18,bbr1
0.714,27326,18,17280,45.9,48.4,20.2,104.8,3.2,458679,20435,18,18,bbr1
0.724,17935,12,17280,44.9,37.7,20.2,104.8,4.4,458679,20438,18,18,bbr1
0.731,20783,14,15840,44.4,40.6,20.2,104.8,4.4,458679,20439,18,18,bbr1
0.741,23631,16,18720,43.9,40.7,20.2,104.8,4.2,450315,20443,18,18,bbr1
0.747,26479,18,18720,43.6,41.7,20.2,104.8,3.7,450315,20445,18,18,bbr1
0.754,26985,18,18720,43.4,41.7,20.2,104.8,3.2,450315,20447,18,18,bbr1
0.760,26985,18,18720,43.3,42.8,20.2,104.8,2.6,450315,20449,18,18,bbr1
0.766,26985,18,18720,43.3,43.4,20.2,104.8,2.0,562893,20451,18,18,bbr1
0.783,20612,14,15895,42.9,43.3,20.2,104.8,2.0,562893,20455,18,18,bbr1
0.791,23460,16,18775,42.9,43.3,20.2,104.8,1.6,562893,20459,18,18,bbr1
0.799,26308,18,20215,43.1,44.2,20.2,104.8,1.5,562893,20462,18,18,bbr1
0.805,26985,18,20215,43.3,44.4,20.2,104.8,1.5,337736,20464,18,18,bbr1
0.814,26985,18,20215,43.5,45.1,20.2,104.8,1.6,337736,20466,18,18,bbr1
0.818,26985,18,18775,43.9,46.3,20.2,104.8,1.9,337736,20467,18,18,bbr1
0.826,17803,12,17280,43.3,39.3,20.2,104.8,2.5,337736,20469,18,18,bbr1
0.834,20651,14,15840,43.4,43.9,20.2,104.8,2.1,450315,20470,18,18,bbr1
0.844,23499,16,18720,43.7,46.2,20.2,104.8,2.3,443751,20474,18,18,bbr1
0.850,26347,18,18720,44.2,47.6,20.2,104.8,2.7,443751,20476,18,18,bbr1
0.857,26718,18,18720,44.6,47.7,20.2,104.8,2.9,443751,20478,18,18,bbr1
0.864,26718,18,18720,44.6,44.5,20.2,104.8,2.2,443751,20480,18,18,bbr1
0.867,26718,18,17280,44.4,42.7,20.2,104.8,2.1,443751,20481,18,18,bbr1
0.877,17631,12,17280,43.5,37.6,20.2,104.8,3.3,443751,20484,18,18,bbr1
0.884,20479,14,15840,43.3,41.4,20.2,104.8,3.0,443751,20485,18,18,bbr1
0.894,23327,16,18720,43.4,44.7,20.2,104.8,2.6,443751,20489,18,18,bbr1
0.900,26175,18,18720,43.3,42.2,20.2,104.8,2.3,554688,20491,18,18,bbr1
0.905,26718,18,18720,43.2,42.5,20.2,104.8,1.9,554688,20493,18,18,bbr1
0.912,26718,18,20160,43.2,42.9,20.2,104.8,1.5,554688,20496,18,18,bbr1
0.922,26718,18,21600,43.2,43.2,20.2,104.8,1.1,332813,20499,18,18,bbr1
0.935,20479,14,15840,42.8,43.3,20.2,104.8,1.5,332813,20500,18,18,bbr1
0.943,23327,16,17280,42.9,43.5,20.2,104.8,1.3,443751,20503,18,18,bbr1
0.949,26175,18,17280,43.2,45.2,20.2,104.8,1.6,443751,20505,18,18,bbr1
0.956,26718,18,17280,43.5,46.3,20.2,104.8,2.0,443751,20507,18,18,bbr1
0.966,26718,18,18720,44.2,48.5,20.2,104.8,2.7,443751,20510,18,18,bbr1
0.973,26718,18,18720,44.9,50.1,20.2,104.8,3.5,443751,20512,18,18,bbr1
0.978,17631,12,17280,44.2,39.3,20.2,104.8,4.0,554688,20514,18,18,bbr1
0.987,20479,14,15840,43.9,41.8,20.2,104.8,3.6,546515,20515,18,18,bbr1
0.006,21490,14,0,40.7,26.9,20.2,104.8,5.8,546515,20519,18,18,bbr1
0.007,24067,16,0,39.1,28.1,20.2,104.8,7.5,546515,20521,18,18,bbr1
0.034,26452,18,12960,37.2,24.0,20.2,104.8,9.4,546515,20534,18,18,bbr1
0.044,26452,18,15840,36.2,28.8,20.2,104.8,9.2,546515,20538,18,18,bbr1
0.052,26452,18,17280,35.4,30.3,20.2,104.8,8.3,546515,20541,18,18,bbr1
0.057,26452,18,17280,35.0,32.0,20.2,104.8,7.1,546515,20543,18,18,bbr1
0.066,26452,18,18720,34.8,33.1,20.2,104.8,5.8,546515,20546,18,18,bbr1
0.071,26452,18,18720,34.8,34.8,20.2,104.8,4.4,546515,20548,18,18,bbr1
0.079,26452,18,20160,34.9,36.2,20.2,104.8,3.6,546515,20551,18,18,bbr1
0.088,26452,18,21600,35.4,38.3,20.2,104.8,3.6,327909,20554,18,18,bbr1
0.093,26452,18,20160,35.9,39.8,20.2,104.8,3.8,327909,20555,18,18,bbr1
0.101,26452,18,20160,36.5,40.9,20.2,104.8,4.1,327909,20557,18,18,bbr1
0.106,26452,18,18720,37.3,42.6,20.2,104.8,4.6,327909,20558,18,18,bbr1
0.115,26452,18,18720,38.2,44.1,20.2,104.8,5.2,327909,20560,18,18,bbr1
0.119,26452,18,17280,39.1,46.1,20.2,104.8,5.8,327909,20561,18,18,bbr1
0.127,26452,18,17280,40.2,47.3,20.2,104.8,6.4,437212,20563,18,18,bbr1
0.133,26452,18,17280,41.2,48.8,20.2,104.8,7.0,437212,20565,18,18,bbr1
0.140,26452,18,17280,42.2,49.0,20.2,104.8,7.2,437212,20567,18,18,bbr1
0.153,18922,13,14400,43.1,45.2,20.2,104.8,5.6,437212,20569,18,18,bbr1
0.163,21770,15,17280,43.1,43.1,20.2,104.8,4.2,437212,20573,18,18,bbr1
0.170,24618,17,17280,42.9,41.4,20.2,104.8,3.6,437212,20575,18,18,bbr1
0.176,26452,18,17280,42.8,41.7,20.2,104.8,3.0,437212,20577,18,18,bbr1
0.182,26452,18,17280,42.7,42.0,20.2,104.8,2.4,437212,20579,18,18,bbr1
0.188,26452,18,15840,41.6,34.2,20.2,104.8,3.9,546515,20581,18,18,bbr1
0.194,26452,18,17280,40.7,34.2,20.2,104.8,4.8,546515,20583,18,18,bbr1
0.206,18922,13,15840,40.1,38.3,20.2,104.8,3.7,546515,20586,18,18,bbr1
0.213,21770,15,17280,39.9,38.3,20.2,104.8,3.2,546515,20589,18,18,bbr1
0.220,24618,17,18720,39.7,38.3,20.2,104.8,2.8,546515,20592,18,18,bbr1
0.227,26452,18,20160,39.6,38.9,20.2,104.8,2.3,546515,20595,18,18,bbr1
0.237,26452,18,21600,39.7,40.5,20.2,104.8,2.0,327909,20598,18,18,bbr1
0.241,26452,18,20160,40.0,42.1,20.2,104.8,2.1,327909,20599,18,18,bbr1
0.257,20346,14,15895,40.2,42.5,20.2,104.8,2.0,339072,20602,18,18,bbr1
0.265,23194,16,17335,40.9,45.6,20.2,104.8,2.8,452096,20605,18,18,bbr1
0.271,26042,18,17335,41.7,47.2,20.2,104.8,3.7,452096,20607,18,18,bbr1
0.281,27058,18,17335,42.4,47.8,20.2,104.8,4.3,452096,20610,18,18,bbr1
0.288,27058,18,17335,43.0,47.2,20.2,104.8,4.4,452096,20612,18,18,bbr1
0.296,19264,13,15840,42.2,36.0,20.2,104.8,5.1,565120,20615,18,18,bbr1
0.305,22112,15,17280,41.5,36.6,20.2,104.8,5.2,565120,20618,18,18,bbr1
0.314,24960,17,20160,41.2,39.3,20.2,104.8,4.5,565120,20622,18,18,bbr1
0.321,27058,18,20160,41.0,39.7,20.2,104.8,3.7,339072,20624,18,18,bbr1
0.329,27058,18,20160,40.9,40.1,20.2,104.8,3.0,339072,20626,18,18,bbr1
0.334,27058,18,18720,40.9,40.7,20.2,104.8,2.3,339072,20627,18,18,bbr1
0.346,19225,13,15840,41.3,43.7,20.2,104.8,2.1,339072,20629,18,18,bbr1
0.354,23497,16,15840,41.7,44.4,20.2,104.8,2.4,452096,20632,18,18,bbr1
0.364,26345,18,17280,42.2,45.7,20.2,104.8,2.8,452096,20635,18,18,bbr1
0.370,27058,18,17280,42.7,46.0,20.2,104.8,3.0,452096,20637,18,18,bbr1
0.376,27058,18,17280,42.9,44.6,20.2,104.8,2.8,452096,20639,18,18,bbr1
0.382,27058,18,17280,42.9,42.7,20.2,104.8,2.1,452096,20641,18,18,bbr1
0.396,19225,13,15840,41.9,39.9,20.2,104.8,2.8,452096,20644,18,18,bbr1
0.403,22073,15,17280,41.7,40.5,20.2,104.8,2.4,452096,20647,18,18,bbr1
0.412,24921,17,18720,41.6,40.9,20.2,104.8,2.0,565120,20650,18,18,bbr1
0.419,27058,18,20160,41.7,41.9,20.2,104.8,1.6,565120,20653,18,18,bbr1
0.424,27058,18,20160,41.7,42.2,20.2,104.8,1.3,565120,20655,18,18,bbr1
0.433,27058,18,21600,41.9,42.8,20.2,104.8,1.2,339072,20658,18,18,bbr1
0.438,27058,18,18720,41.6,39.4,20.2,104.8,1.6,339072,20659,18,18,bbr1
0.455,19225,13,17280,41.9,43.5,20.2,104.8,1.6,339072,20662,18,18,bbr1
0.461,22073,15,17280,42.4,45.5,20.2,104.8,2.1,452096,20664,18,18,bbr1
0.468,24921,17,18720,43.0,47.4,20.2,104.8,2.8,452096,20667,18,18,bbr1
0.477,27058,18,20160,43.8,49.1,20.2,104.8,3.6,452096,20670,18,18,bbr1
0.484,27058,18,20160,44.6,50.3,20.2,104.8,4.4,452096,20672,18,18,bbr1
0.490,27058,18,20160,45.2,49.2,20.2,104.8,4.4,452096,20674,18,18,bbr1
0.497,27058,18,20160,45.5,47.6,20.2,104.8,3.9,452096,20676,18,18,bbr1
0.509,19225,13,17280,45.1,42.5,20.2,104.8,3.0,565120,20678,18,18,bbr1
0.516,23497,16,15840,45.1,44.8,20.2,104.8,2.3,565120,20680,18,18,bbr1
0.526,26345,18,20160,45.1,45.3,20.2,104.8,1.8,565120,20685,18,18,bbr1
0.533,27058,18,20160,45.1,45.4,20.2,104.8,1.4,339072,20687,18,18,bbr1
0.541,27058,18,20160,45.3,46.2,20.2,104.8,1.3,339072,20689,18,18,bbr1
0.546,27058,18,18720,45.4,46.6,20.2,104.8,1.3,339072,20690,18,18,bbr1
0.554,17801,12,17280,44.9,41.0,20.2,104.8,2.1,339072,20692,18,18,bbr1
0.562,20649,14,15840,44.4,41.0,20.2,104.8,2.6,452096,20693,18,18,bbr1
0.572,23497,16,18720,44.6,46.1,20.2,104.8,2.4,452096,20697,18,18,bbr1
0.578,26345,18,18720,45.0,47.5,20.2,104.8,2.5,452096,20699,18,18,bbr1
0.585,27058,18,18720,45.3,47.6,20.2,104.8,2.5,452096,20701,18,18,bbr1
0.591,27058,18,18720,45.4,46.3,20.2,104.8,2.1,452096,20703,18,18,bbr1
0.597,27058,18,18720,45.3,44.4,20.2,104.8,1.9,452096,20705,18,18,bbr1
0.603,17801,12,17280,44.5,39.3,20.2,104.8,2.9,452096,20707,18,18,bbr1
0.613,20649,14,15840,44.4,43.3,20.2,104.8,2.5,452096,20708,18,18,bbr1
0.623,23497,16,18720,44.3,43.5,20.2,104.8,2.1,452096,20712,18,18,bbr1
0.629,26345,18,18720,44.0,42.4,20.2,104.8,2.0,565120,20714,18,18,bbr1
0.634,27058,18,18720,44.1,44.2,20.2,104.8,1.6,565120,20716,18,18,bbr1
0.642,27058,18,20160,44.2,45.1,20.2,104.8,1.4,565120,20719,18,18,bbr1
0.651,27058,18,21600,44.3,45.3,20.2,104.8,1.4,339072,20722,18,18,bbr1
0.665,20649,14,15895,43.6,43.2,20.2,104.8,1.8,339072,20724,18,18,bbr1
0.672,23497,16,17335,43.6,43.3,20.2,104.8,1.5,452096,20727,18,18,bbr1
0.682,27058,18,17335,43.7,44.7,20.2,104.8,1.4,452096,20730,18,18,bbr1
0.688,27058,18,17335,44.1,46.4,20.2,104.8,1.7,452096,20732,18,18,bbr1
0.695,26804,18,17335,44.5,48.0,20.2,104.8,2.2,445873,20734,18,18,bbr1
0.701,26804,18,17335,45.0,48.1,20.2,104.8,2.6,445873,20736,18,18,bbr1
0.711,26804,18,18720,44.1,37.8,20.2,104.8,3.7,445873,20739,18,18,bbr1
0.721,19098,13,15895,43.3,41.1,20.2,104.8,3.4,445873,20742,18,18,bbr1
0.728,21946,15,17335,43.1,41.4,20.2,104.8,3.0,445873,20745,18,18,bbr1
0.737,24794,17,18775,43.0,42.1,20.2,104.8,2.5,445873,20748,18,18,bbr1
0.744,26804,18,18775,42.9,42.2,20.2,104.8,2.1,445873,20750,18,18,bbr1
0.750,26804,18,18775,42.9,42.9,20.2,104.8,1.6,445873,20752,18,18,bbr1
0.756,26804,18,18775,42.9,43.3,20.2,104.8,1.3,557341,20754,18,18,bbr1
0.773,20561,14,15840,42.6,43.1,20.2,104.8,1.5,557341,20757,18,18,bbr1
0.781,23409,16,18720,42.7,43.7,20.2,104.8,1.4,557341,20761,18,18,bbr1
0.789,26257,18,20160,42.9,44.2,20.2,104.8,1.4,557341,20764,18,18,bbr1
0.796,26804,18,20160,43.1,44.1,20.2,104.8,1.4,334404,20766,18,18,bbr1
0.804,26804,18,20160,43.3,44.8,20.2,104.8,1.5,334404,20768,18,18,bbr1
0.809,26804,18,18720,43.7,46.5,20.2,104.8,1.9,334404,20769,18,18,bbr1
0.817,17674,12,17280,43.1,39.0,20.2,104.8,2.6,334404,20771,18,18,bbr1
0.824,20522,14,15840,43.2,44.0,20.2,104.8,2.2,445873,20772,18,18,bbr1
0.834,23370,16,18720,43.5,45.7,20.2,104.8,2.2,445873,20776,18,18,bbr1
0.840,26218,18,18720,44.0,47.3,20.2,104.8,2.6,445873,20778,18,18,bbr1
0.847,26734,18,18720,44.4,47.3,20.2,104.8,2.8,444145,20780,18,18,bbr1
0.854,26734,18,18720,44.5,45.5,20.2,104.8,2.4,444145,20782,18,18,bbr1
0.860,26734,18,17280,44.1,41.2,20.2,104.8,2.6,444145,20784,18,18,bbr1
0.874,19063,13,15840,43.1,41.5,20.2,104.8,3.1,444145,20787,18,18,bbr1
0.881,21911,15,17280,42.9,41.7,20.2,104.8,2.7,444145,20790,18,18,bbr1
0.890,24759,17,18720,42.8,42.4,20.2,104.8,2.2,444145,20793,18,18,bbr1
0.896,26734,18,18720,42.8,42.6,20.2,104.8,1.7,444145,20795,18,18,bbr1
0.903,26734,18,18720,42.8,42.6,20.2,104.8,1.3,444145,20797,18,18,bbr1
0.910,26734,18,18720,42.8,43.2,20.2,104.8,1.1,444145,20799,18,18,bbr1
0.916,17639,12,17280,42.4,39.3,20.2,104.8,1.7,444145,20801,18,18,bbr1
0.925,20487,14,15840,42.4,42.7,20.2,104.8,1.4,444145,20802,18,18,bbr1
0.935,23335,16,18720,42.5,43.2,20.2,104.8,1.2,444145,20806,18,18,bbr1
0.941,26183,18,18720,42.7,43.9,20.2,104.8,1.3,555181,20808,18,18,bbr1
0.946,26320,18,18720,42.9,44.2,20.2,104.8,1.3,542481,20810,18,18,bbr1
0.954,26320,18,20160,43.1,44.4,20.2,104.8,1.4,542481,20813,18,18,bbr1
0.961,26320,18,20160,43.3,44.5,20.2,104.8,1.4,325488,20815,18,18,bbr1
0.977,20280,14,15840,42.8,43.3,20.2,104.8,1.7,325488,20817,18,18,bbr1
0.985,23128,16,17280,42.9,43.5,20.2,104.8,1.4,433985,20820,18,18,bbr1
0.992,25976,18,17280,43.2,45.4,20.2,104.8,1.7,433985,20822,18,18,bbr1
0.999,26320,18,17280,43.6,46.4,20.2,104.8,2.1,433985,20824,18,18,bbr1
1.005,26320,18,17280,44.2,48.4,20.2,104.8,2.7,433985,20826,18,18,bbr1
1.011,26320,18,17280,44.7,48.1,20.2,104.8,3.0,433985,20828,18,18,bbr1
1.018,17432,12,15840,43.8,37.6,20.2,104.8,4.0,433985,20830,18,18,bbr1
1.026,20280,14,15840,43.3,39.6,20.2,104.8,4.1,433985,20832,18,18,bbr1
1.035,23128,16,17280,42.8,39.3,20.2,104.8,4.0,433985,20835,18,18,bbr1
0.006,3072,2,0,41.4,40.9,20.2,104.8,1.6,433985,20837,19,19,bbr1
0.006,5760,4,0,39.7,28.0,20.2,104.8,4.5,542481,20839,19,19,bbr1
0.033,11456,7,1440,37.9,25.0,20.2,104.8,7.1,542481,20844,19,19,bbr1
0.045,12880,8,7200,36.7,28.6,20.2,104.8,7.6,542481,20849,19,19,bbr1
0.059,17152,11,8640,34.8,21.1,20.2,104.8,9.6,542481,20853,19,19,bbr1
0.067,20000,13,11520,33.2,22.6,20.2,104.8,10.2,542481,20857,19,19,bbr1
0.075,22848,15,12960,32.1,24.1,20.2,104.8,10.0,542481,20860,19,19,bbr1
0.081,25696,17,12960,31.3,25.7,20.2,104.8,9.1,542481,20862,19,19,bbr1
0.088,26320,18,14400,30.2,22.1,20.2,104.8,9.1,542481,20865,19,19,bbr1
0.094,26320,18,14400,29.8,27.1,20.2,104.8,7.6,542481,20867,19,19,bbr1
0.101,26320,18,15840,29.6,28.1,20.2,104.8,6.1,542481,20870,19,19,bbr1
0.107,26320,18,15840,29.6,30.2,20.2,104.8,4.7,542481,20872,19,19,bbr1
0.115,26320,18,17280,29.9,31.3,20.2,104.8,4.0,542481,20875,19,19,bbr1
0.123,26320,18,18720,30.2,32.7,20.2,104.8,3.7,542481,20878,19,19,bbr1
0.128,26299,18,18720,30.8,34.8,20.2,104.8,3.9,541843,20880,19,19,bbr1
0.136,26299,18,20160,31.4,35.8,20.2,104.8,4.2,541843,20883,19,19,bbr1
0.143,26299,18,20160,32.2,37.8,20.2,104.8,4.8,325106,20885,19,19,bbr1
0.152,26299,18,20160,33.1,39.3,20.2,104.8,5.3,325106,20887,19,19,bbr1
0.157,26299,18,18720,34.1,40.9,20.2,104.8,5.9,325106,20888,19,19,bbr1
0.166,26299,18,18720,35.1,42.0,20.2,104.8,6.4,325106,20890,19,19,bbr1
0.170,26299,18,17280,36.2,44.0,20.2,104.8,7.1,325106,20891,19,19,bbr1
0.177,26299,18,17280,37.3,45.1,20.2,104.8,7.5,433475,20893,19,19,bbr1
0.184,26299,18,17280,38.5,46.5,20.2,104.8,8.0,433475,20895,19,19,bbr1
0.191,26299,18,17280,39.7,48.7,20.2,104.8,8.5,433475,20897,19,19,bbr1
0.203,18845,13,14400,41.0,44.1,20.2,104.8,6.9,433475,20899,19,19,bbr1
0.213,21693,15,17280,41.1,42.1,20.2,104.8,5.5,433475,20903,19,19,bbr1
0.219,25965,18,15840,40.9,38.8,20.2,104.8,4.7,428607,20905,19,19,bbr1
0.226,26101,18,15840,40.6,39.0,20.2,104.8,4.0,428607,20907,19,19,bbr1
0.233,26101,18,15840,40.4,38.9,20.2,104.8,3.4,428607,20909,19,19,bbr1
0.240,17322,12,14400,39.6,34.2,20.2,104.8,4.1,428607,20911,19,19,bbr1
0.250,20170,14,15840,39.4,37.8,20.2,104.8,3.5,428607,20914,19,19,bbr1
0.257,23018,15,15840,39.2,38.0,20.2,104.8,3.0,428607,20916,19,19,bbr1
0.263,25866,17,15840,39.1,38.1,20.2,104.8,2.5,428607,20918,19,19,bbr1
0.270,26101,18,15840,39.0,38.3,20.2,104.8,2.1,428607,20920,19,19,bbr1
0.280,26101,18,17280,38.9,38.7,20.2,104.8,1.7,428607,20923,19,19,bbr1
0.283,26101,18,15840,38.9,38.5,20.2,104.8,1.4,535758,20924,19,19,bbr1
0.297,18746,13,14400,38.7,38.3,20.2,104.8,1.0,535758,20927,19,19,bbr1
0.305,21594,14,17280,38.8,38.9,20.2,104.8,0.8,535758,20931,19,19,bbr1
0.313,24442,16,18720,38.8,39.0,20.2,104.8,0.7,535758,20934,19,19,bbr1
0.319,26101,18,18720,38.8,39.1,20.2,104.8,0.6,535758,20936,19,19,bbr1
0.326,26101,18,20160,38.9,39.5,20.2,104.8,0.6,535758,20939,19,19,bbr1
0.334,26101,18,20160,39.2,40.9,20.2,104.8,0.9,321455,20941,19,19,bbr1
0.338,26101,18,18720,38.8,35.9,20.2,104.8,1.5,321455,20942,19,19,bbr1
0.352,18746,13,15840,39.4,41.8,20.2,104.8,1.9,312699,20944,19,19,bbr1
0.357,23018,15,14400,39.5,40.5,20.2,104.8,1.7,460801,20946,19,19,bbr1
0.367,25866,17,17280,40.1,44.2,20.2,104.8,2.5,460801,20950,19,19,bbr1
0.377,27413,19,17280,40.4,42.5,20.2,104.8,2.5,460801,20953,19,19,bbr1
0.384,27413,19,17280,40.5,40.8,20.2,104.8,2.0,460801,20955,19,19,bbr1
0.396,19402,13,14400,39.4,37.5,20.2,104.8,2.8,460801,20957,19,19,bbr1
0.406,22250,15,17280,39.5,40.0,20.2,104.8,2.2,460801,20961,19,19,bbr1
0.412,25098,17,17280,39.6,40.6,20.2,104.8,2.0,460801,20963,19,19,bbr1
0.418,27413,19,17280,39.8,41.2,20.2,104.8,1.9,460801,20965,19,19,bbr1
0.425,27413,19,17280,40.0,41.7,20.2,104.8,1.9,460801,20967,19,19,bbr1
0.430,27413,19,17280,40.3,42.5,20.2,104.8,2.0,576001,20969,19,19,bbr1
0.444,19402,13,15840,39.8,39.9,20.2,104.8,2.0,576001,20972,19,19,bbr1
0.451,22250,15,17280,39.8,40.0,20.2,104.8,1.6,576001,20975,19,19,bbr1
0.459,25098,17,20160,40.0,40.9,20.2,104.8,1.4,576001,20979,19,19,bbr1
0.467,27413,19,21600,40.2,41.6,20.2,104.8,1.5,576001,20982,19,19,bbr1
0.474,27413,19,21600,40.4,41.9,20.2,104.8,1.5,345600,20984,19,19,bbr1
0.482,27413,19,21600,40.8,44.0,20.2,104.8,2.0,345600,20986,19,19,bbr1
0.495,20826,14,15895,40.9,42.7,20.2,104.8,1.9,345600,20988,19,19,bbr1
0.503,23674,16,17335,41.6,46.3,20.2,104.8,2.8,460801,20991,19,19,bbr1
0.512,26522,18,18775,42.4,48.3,20.2,104.8,3.8,460801,20994,19,19,bbr1
0.518,27413,19,18775,43.4,50.2,20.2,104.8,4.8,460801,20996,19,19,bbr1
0.525,27413,19,18775,44.5,52.0,20.2,104.8,5.7,460801,20998,19,19,bbr1
0.531,27413,19,17335,44.9,48.1,20.2,104.8,5.2,460801,21000,19,19,bbr1
0.540,18017,12,17280,44.4,40.5,20.2,104.8,5.0,460801,21003,19,19,bbr1
0.549,20865,14,15840,43.9,41.1,20.2,104.8,4.6,460801,21004,19,19,bbr1
0.559,23713,16,18720,43.7,41.6,20.2,104.8,4.0,460801,21008,19,19,bbr1
0.564,26561,18,18720,43.5,42.2,20.2,104.8,3.4,576001,21010,19,19,bbr1
0.571,27413,19,20160,43.4,42.5,20.2,104.8,2.8,576001,21013,19,19,bbr1
0.576,27413,19,20160,43.4,43.5,20.2,104.8,2.1,576001,21015,19,19,bbr1
0.584,27413,19,21600,43.5,44.1,20.2,104.8,1.8,576001,21018,19,19,bbr1
0.600,20826,14,18720,43.0,43.2,20.2,104.8,1.8,345600,21021,19,19,bbr1
0.607,23674,16,18720,43.0,43.4,20.2,104.8,1.5,345600,21023,19,19,bbr1
0.617,26522,18,20160,43.4,45.7,20.2,104.8,1.8,345600,21026,19,19,bbr1
0.621,27413,19,18720,43.9,47.6,20.2,104.8,2.4,345600,21027,19,19,bbr1
0.629,27413,19,18720,44.6,49.5,20.2,104.8,3.2,345600,21029,19,19,bbr1
0.637,27413,19,18720,45.4,51.3,20.2,104.8,4.1,345600,21031,19,19,bbr1
0.642,27413,19,17280,46.4,53.1,20.2,104.8,5.0,345600,21032,19,19,bbr1
0.649,17978,12,15840,46.4,46.2,20.2,104.8,3.8,460801,21034,19,19,bbr1
0.658,20826,14,15840,46.6,48.2,20.2,104.8,3.3,460801,21036,19,19,bbr1
0.668,23674,16,18720,46.6,46.4,20.2,104.8,2.5,460801,21040,19,19,bbr1
0.674,26522,18,18720,46.4,45.2,20.2,104.8,2.2,460801,21042,19,19,bbr1
0.680,27413,19,18720,46.0,43.4,20.2,104.8,2.4,460801,21044,19,19,bbr1
0.687,27413,19,18720,45.5,41.7,20.2,104.8,2.9,460801,21046,19,19,bbr1
0.692,27413,19,18720,45.0,41.7,20.2,104.8,3.1,576001,21048,19,19,bbr1
0.706,20826,14,15840,43.9,41.5,20.2,104.8,3.5,576001,21051,19,19,bbr1
0.715,23674,16,18720,43.7,41.8,20.2,104.8,3.2,576001,21055,19,19,bbr1
0.724,26522,18,21600,43.5,42.6,20.2,104.8,2.7,576001,21059,19,19,bbr1
0.730,27413,19,21600,43.5,43.3,20.2,104.8,2.1,345600,21061,19,19,bbr1
0.739,27413,19,21600,43.5,43.6,20.2,104.8,1.6,345600,21063,19,19,bbr1
0.743,27413,19,20160,43.8,45.6,20.2,104.8,1.7,345600,21064,19,19,bbr1
0.759,20826,14,15840,43.8,46.3,20.2,104.8,2.2,345600,21066,19,19,bbr1
0.766,23674,16,17280,44.3,48.1,20.2,104.8,2.7,460801,21069,19,19,bbr1
0.776,26522,18,18720,45.0,49.9,20.2,104.8,3.4,460801,21072,19,19,bbr1
0.782,27413,19,18720,45.9,51.8,20.2,104.8,4.3,460801,21074,19,19,bbr1
0.788,27413,19,18720,46.4,50.2,20.2,104.8,4.3,576001,21076,19,19,bbr1
0.795,27413,19,20160,46.7,48.6,20.2,104.8,3.8,576001,21079,19,19,bbr1
0.811,20826,14,15840,45.3,42.4,20.2,104.8,4.4,576001,21081,19,19,bbr1
0.819,23674,16,18720,45.0,42.8,20.2,104.8,3.9,576001,21085,19,19,bbr1
0.826,26522,18,20160,44.8,43.4,20.2,104.8,3.3,576001,21088,19,19,bbr1
0.833,27413,19,21600,44.7,44.1,20.2,104.8,2.7,576001,21091,19,19,bbr1
0.840,27413,19,21600,44.9,45.9,20.2,104.8,2.3,345600,21093,19,19,bbr1
0.848,26784,18,21600,45.2,47.5,20.2,104.8,2.4,334028,21095,19,19,bbr1
0.862,21936,15,14400,44.3,43.1,20.2,104.8,2.8,334028,21096,19,19,bbr1
0.871,24784,17,15840,44.5,45.6,20.2,104.8,2.4,445371,21099,19,19,bbr1
0.879,26784,18,17280,44.8,47.4,20.2,104.8,2.5,445371,21102,19,19,bbr1
0.886,26784,18,17280,45.4,49.3,20.2,104.8,3.0,445371,21104,19,19,bbr1
0.892,26784,18,17280,45.9,49.3,20.2,104.8,3.2,445371,21106,19,19,bbr1
0.899,26784,18,17280,46.1,47.8,20.2,104.8,2.9,445371,21108,19,19,bbr1
0.905,26784,18,17280,45.1,37.6,20.2,104.8,4.3,445371,21110,19,19,bbr1
0.918,19088,13,14400,43.9,40.8,20.2,104.8,4.4,556713,21112,19,19,bbr1
0.926,21936,15,17280,43.5,41.0,20.2,104.8,4.0,556713,21116,19,19,bbr1
0.934,24784,17,18720,43.3,41.4,20.2,104.8,3.5,556713,21119,19,19,bbr1
0.939,26784,18,18720,43.1,41.8,20.2,104.8,3.0,556713,21121,19,19,bbr1
0.947,26784,18,20160,42.9,41.9,20.2,104.8,2.6,556713,21124,19,19,bbr1
0.957,26784,18,21600,42.9,42.5,20.2,104.8,2.0,334028,21127,19,19,bbr1
0.966,19088,13,17280,41.8,40.3,20.2,104.8,2.9,334028,21128,19,19,bbr1
0.973,21936,15,17280,41.9,42.6,20.2,104.8,2.4,445371,21130,19,19,bbr1
0.983,24784,17,20160,42.1,44.0,20.2,104.8,2.3,445371,21134,19,19,bbr1
0.989,26784,18,20160,42.6,46.0,20.2,104.8,2.7,445371,21136,19,19,bbr1
0.996,26784,18,20160,43.2,47.6,20.2,104.8,3.3,445371,21138,19,19,bbr1
1.003,26784,18,20160,43.9,48.6,20.2,104.8,3.8,445371,21140,19,19,bbr1
1.009,26784,18,20160,44.5,49.0,20.2,104.8,4.1,445371,21142,19,19,bbr1
0.011,26784,18,0,45.1,46.5,20.2,104.8,1.6,556713,21143,19,19,bbr1
0.006,26784,18,0,43.6,33.6,20.2,104.8,4.0,556713,21145,19,19,bbr1
0.032,26784,18,12960,41.2,24.1,20.2,104.8,7.9,556713,21158,19,19,bbr1
0.043,26784,18,15840,39.7,29.0,20.2,104.8,9.0,556713,21162,19,19,bbr1
0.051,26784,18,17280,38.6,30.8,20.2,104.8,8.9,556713,21165,19,19,bbr1
0.058,26784,18,18720,37.8,32.5,20.2,104.8,8.2,556713,21168,19,19,bbr1
0.063,26784,18,18720,37.4,34.2,20.2,104.8,7.0,556713,21170,19,19,bbr1
0.071,26784,18,20160,37.2,35.7,20.2,104.8,5.7,556713,21173,19,19,bbr1
0.081,26784,18,21600,37.2,37.5,20.2,104.8,4.4,334028,21176,19,19,bbr1
0.085,26784,18,20160,37.4,39.1,20.2,104.8,3.8,334028,21177,19,19,bbr1
0.093,26784,18,20160,37.9,40.8,20.2,104.8,3.7,334028,21179,19,19,bbr1
0.098,26784,18,18720,38.4,42.5,20.2,104.8,3.9,334028,21180,19,19,bbr1
0.106,26784,18,18720,39.1,44.0,20.2,104.8,4.3,334028,21182,19,19,bbr1
0.115,26784,18,18720,40.0,45.8,20.2,104.8,4.9,334028,21184,19,19,bbr1
0.119,26784,18,17280,40.9,47.5,20.2,104.8,5.6,334028,21185,19,19,bbr1
0.127,26784,18,17280,41.9,48.7,20.2,104.8,6.1,445371,21187,19,19,bbr1
0.133,26784,18,17280,42.8,48.9,20.2,104.8,6.3,445371,21189,19,19,bbr1
0.140,26784,18,17280,43.4,47.4,20.2,104.8,5.9,445371,21191,19,19,bbr1
0.152,19088,13,14400,43.6,43.8,20.2,104.8,3.7,445371,21193,19,19,bbr1
0.162,21936,15,17280,43.4,42.0,20.2,104.8,3.2,445371,21197,19,19,bbr1
0.169,24784,17,17280,43.0,40.2,20.2,104.8,3.2,445371,21199,19,19,bbr1
0.175,26774,18,17280,42.7,40.7,20.2,104.8,3.0,445129,21201,19,19,bbr1
0.181,26774,18,17280,42.5,40.9,20.2,104.8,2.7,445129,21203,19,19,bbr1
0.187,26774,18,15840,41.4,34.2,20.2,104.8,4.1,445129,21205,19,19,bbr1
0.198,17659,12,14455,40.2,38.0,20.2,104.8,4.3,556411,21208,19,19,bbr1
0.205,20507,14,15895,40.0,38.3,20.2,104.8,3.7,556411,21211,19,19,bbr1
0.214,23355,16,18775,39.8,38.4,20.2,104.8,3.2,556411,21215,19,19,bbr1
0.219,26203,18,18775,39.7,39.3,20.2,104.8,2.5,556411,21217,19,19,bbr1
0.227,26774,18,20215,39.7,39.2,20.2,104.8,2.0,556411,21220,19,19,bbr1
0.237,26774,18,21655,39.7,40.0,20.2,104.8,1.6,333846,21223,19,19,bbr1
0.246,19122,13,17280,39.3,39.4,20.2,104.8,1.6,333846,21224,19,19,bbr1
0.253,21970,15,17280,39.7,42.5,20.2,104.8,2.0,445129,21226,19,19,bbr1
0.263,24818,17,20160,40.2,44.0,20.2,104.8,2.6,445129,21230,19,19,bbr1
0.270,26774,18,20160,40.9,45.9,20.2,104.8,3.4,445129,21232,19,19,bbr1
0.276,26774,18,20160,41.8,47.5,20.2,104.8,4.2,445129,21234,19,19,bbr1
0.283,26774,18,20160,42.7,49.4,20.2,104.8,5.0,445129,21236,19,19,bbr1
0.289,26774,18,20160,43.5,48.7,20.2,104.8,5.3,445129,21238,19,19,bbr1
0.301,19083,13,17280,43.3,42.5,20.2,104.8,3.3,445129,21240,19,19,bbr1
0.308,21931,15,17280,43.7,46.5,20.2,104.8,3.3,445129,21242,19,19,bbr1
0.317,26203,18,18720,43.8,44.8,20.2,104.8,2.8,556411,21246,19,19,bbr1
0.325,26774,18,20160,43.8,43.8,20.2,104.8,2.1,556411,21249,19,19,bbr1
0.330,26774,18,20160,44.0,45.6,20.2,104.8,2.0,556411,21251,19,19,bbr1
0.339,26774,18,20160,43.9,42.6,20.2,104.8,1.8,333846,21254,19,19,bbr1
0.352,20507,14,15840,43.0,41.2,20.2,104.8,2.4,333846,21256,19,19,bbr1
0.361,23355,16,17280,42.9,42.1,20.2,104.8,2.0,445129,21259,19,19,bbr1
0.370,26203,18,18720,43.0,43.7,20.2,104.8,1.7,445129,21262,19,19,bbr1
0.376,26774,18,18720,43.3,44.9,20.2,104.8,1.8,445129,21264,19,19,bbr1
0.383,26774,18,18720,43.8,47.2,20.2,104.8,2.3,445129,21266,19,19,bbr1
0.389,26774,18,18720,44.2,47.2,20.2,104.8,2.6,445129,21268,19,19,bbr1
0.395,17659,12,17280,43.8,41.0,20.2,104.8,2.7,556411,21270,19,19,bbr1
0.405,20507,14,15840,43.7,42.8,20.2,104.8,2.3,556411,21271,19,19,bbr1
0.413,23355,16,18720,43.7,44.1,20.2,104.8,1.8,556411,21275,19,19,bbr1
0.421,26203,18,20160,43.8,44.5,20.2,104.8,1.6,556411,21278,19,19,bbr1
0.428,26774,18,20160,43.9,44.4,20.2,104.8,1.3,333846,21280,19,19,bbr1
0.437,26774,18,20160,44.0,45.2,20.2,104.8,1.3,333846,21282,19,19,bbr1
0.441,26774,18,18720,44.2,45.4,20.2,104.8,1.3,333846,21283,19,19,bbr1
0.449,17659,12,17280,43.6,39.4,20.2,104.8,2.2,333846,21285,19,19,bbr1
0.457,20507,14,15840,43.7,44.0,20.2,104.8,1.7,445129,21286,19,19,bbr1
0.467,23355,16,18720,44.0,46.1,20.2,104.8,1.9,445129,21290,19,19,bbr1
0.473,26203,18,18720,44.4,47.5,20.2,104.8,2.3,445129,21292,19,19,bbr1
0.479,26774,18,18720,44.8,47.5,20.2,104.8,2.5,556411,21294,19,19,bbr1
0.484,26774,18,18720,44.9,45.5,20.2,104.8,2.1,556411,21296,19,19,bbr1
0.492,26774,18,20160,44.8,44.2,20.2,104.8,1.7,556411,21299,19,19,bbr1
0.508,20507,14,17280,44.0,43.1,20.2,104.8,2.3,332399,21302,19,19,bbr1
0.517,24779,17,17280,43.7,41.6,20.2,104.8,2.3,332399,21305,19,19,bbr1
0.525,26695,18,17280,43.5,42.5,20.2,104.8,2.0,443199,21307,19,19,bbr1
0.531,26695,18,17280,43.7,44.7,20.2,104.8,1.8,443199,21309,19,19,bbr1
0.538,26695,18,17280,44.0,46.3,20.2,104.8,2.0,443199,21311,19,19,bbr1
0.544,26695,18,17280,44.5,47.9,20.2,104.8,2.4,443199,21313,19,19,bbr1
0.554,17619,12,17280,44.0,40.9,20.2,104.8,2.7,443742,21316,19,19,bbr1
0.561,20467,14,15840,43.8,42.0,20.2,104.8,2.6,443742,21317,19,19,bbr1
0.571,23315,16,18720,43.4,41.2,20.2,104.8,2.6,443742,21321,19,19,bbr1
0.577,26163,18,18720,43.3,42.0,20.2,104.8,2.3,554677,21323,19,19,bbr1
0.582,26718,18,18720,43.1,42.4,20.2,104.8,1.9,554677,21325,19,19,bbr1
0.590,26718,18,20160,43.1,42.6,20.2,104.8,1.6,554677,21328,19,19,bbr1
0.599,26718,18,21600,43.1,43.1,20.2,104.8,1.2,332806,21331,19,19,bbr1
0.612,20479,14,15840,42.7,43.1,20.2,104.8,1.5,332806,21332,19,19,bbr1
0.620,23327,16,17280,42.8,43.4,20.2,104.8,1.3,443742,21335,19,19,bbr1
0.626,26175,18,17280,43.1,45.1,20.2,104.8,1.6,443742,21337,19,19,bbr1
0.633,26718,18,17280,43.4,46.2,20.2,104.8,2.0,443742,21339,19,19,bbr1
0.642,26718,18,18720,44.1,48.5,20.2,104.8,2.7,554677,21342,19,19,bbr1
0.647,26718,18,18720,44.8,50.2,20.2,104.8,3.6,554677,21344,19,19,bbr1
0.664,20479,14,15895,43.9,41.7,20.2,104.8,3.6,554677,21348,19,19,bbr1
0.672,23327,16,18775,43.7,42.4,20.2,104.8,3.1,554677,21352,19,19,bbr1
0.679,26718,18,18775,43.4,41.2,20.2,104.8,2.9,554677,21355,19,19,bbr1
0.687,26718,18,20215,43.2,42.2,20.2,104.8,2.5,554677,21358,19,19,bbr1
0.697,26718,18,21655,43.3,43.9,20.2,104.8,2.0,332806,21361,19,19,bbr1
0.701,26718,18,20215,43.6,45.5,20.2,104.8,2.1,332806,21362,19,19,bbr1
0.710,26718,18,20160,42.8,37.6,20.2,104.8,3.1,332806,21364,19,19,bbr1
0.720,19055,13,15895,43.0,44.5,20.2,104.8,2.2,332806,21366,19,19,bbr1
0.728,21903,15,17335,43.4,45.9,20.2,104.8,2.3,443742,21369,19,19,bbr1
0.734,24751,17,17335,43.9,47.3,20.2,104.8,2.7,443742,21371,19,19,bbr1
0.744,26718,18,18775,44.5,49.1,20.2,104.8,3.3,443742,21374,19,19,bbr1
0.750,26718,18,18775,45.1,48.9,20.2,104.8,3.6,554677,21376,19,19,bbr1
0.756,26718,18,18775,45.4,47.6,20.2,104.8,3.3,554677,21378,19,19,bbr1
0.772,20518,14,15840,44.3,41.8,20.2,104.8,3.7,554677,21381,19,19,bbr1
0.780,23366,16,18720,44.1,42.5,20.2,104.8,3.2,554677,21385,19,19,bbr1
0.786,26214,18,18720,43.9,42.9,20.2,104.8,2.7,554677,21387,19,19,bbr1
0.793,26718,18,20160,43.8,43.2,20.2,104.8,2.2,554677,21390,19,19,bbr1
0.802,26718,18,21600,43.9,44.2,20.2,104.8,1.8,332806,21393,19,19,bbr1
0.807,26718,18,20160,44.1,45.8,20.2,104.8,1.8,332806,21394,19,19,bbr1
0.823,20479,14,15840,43.6,44.2,20.2,104.8,2.1,332806,21396,19,19,bbr1
0.831,23327,16,17280,43.9,45.9,20.2,104.8,2.1,443742,21399,19,19,bbr1
0.838,26175,18,17280,44.3,47.4,20.2,104.8,2.5,443742,21401,19,19,bbr1
0.844,26718,18,17280,44.9,49.2,20.2,104.8,3.1,443742,21403,19,19,bbr1
0.853,26718,18,18720,45.7,50.8,20.2,104.8,3.8,554677,21406,19,19,bbr1
0.859,26718,18,17280,45.8,46.4,20.2,104.8,3.0,554677,21408,19,19,bbr1
0.866,26718,18,18720,44.7,37.4,20.2,104.8,4.4,554677,21411,19,19,bbr1
0.880,19055,13,17280,43.6,40.1,20.2,104.8,4.4,332806,21414,19,19,bbr1
0.887,21903,15,17280,43.3,40.9,20.2,104.8,4.0,332806,21416,19,19,bbr1
0.898,24751,17,18720,43.0,41.2,20.2,104.8,3.5,332806,21419,19,19,bbr1
0.902,26718,18,17280,42.9,42.3,20.2,104.8,2.8,332806,21420,19,19,bbr1
0.909,26718,18,17280,43.1,44.6,20.2,104.8,2.5,443742,21422,19,19,bbr1
0.916,26718,18,17280,43.5,46.2,20.2,104.8,2.7,443742,21424,19,19,bbr1
0.922,26718,18,17280,44.0,47.3,20.2,104.8,2.9,443742,21426,19,19,bbr1
0.934,19055,13,14400,44.2,44.0,20.2,104.8,2.1,443742,21428,19,19,bbr1
0.944,21903,15,17280,43.9,41.8,20.2,104.8,2.2,443742,21432,19,19,bbr1
0.950,24751,17,17280,43.5,40.6,20.2,104.8,2.5,554677,21434,19,19,bbr1
0.955,26718,18,17280,43.2,40.9,20.2,104.8,2.5,554677,21436,19,19,bbr1
0.963,26718,18,18720,42.9,40.8,20.2,104.8,2.5,554677,21439,19,19,bbr1
0.971,26718,18,20160,42.7,41.6,20.2,104.8,2.2,554677,21442,19,19,bbr1
0.982,19055,13,17280,41.6,39.7,20.2,104.8,3.0,332806,21444,19,19,bbr1
0.989,21903,15,17280,41.4,40.0,20.2,104.8,2.7,332806,21446,19,19,bbr1
0.999,24751,17,18720,41.4,41.7,20.2,104.8,2.1,443742,21449,19,19,bbr1
1.005,26718,18,18720,41.6,42.9,20.2,104.8,1.9,443742,21451,19,19,bbr1
1.012,26718,18,18720,42.0,45.1,20.2,104.8,2.3,443742,21453,19,19,bbr1
1.018,26718,18,18720,42.4,44.9,20.2,104.8,2.4,554677,21455,19,19,bbr1
1.023,26718,18,18720,42.9,46.6,20.2,104.8,2.9,554677,21457,19,19,bbr1
1.036,19055,13,17280,42.6,42.3,20.2,104.8,2.1,332806,21460,19,19,bbr1
1.042,21903,15,17280,42.5,41.5,20.2,104.8,1.8,332806,21462,19,19,bbr1
1.049,24751,17,17280,42.5,42.2,20.2,104.8,1.5,332806,21464,19,19,bbr1
1.057,26372,18,17280,42.5,42.5,20.2,104.8,1.1,435249,21466,19,19,bbr1
0.011,3072,2,0,43.1,41.8,20.2,104.8,1.6,544061,21469,20,20,bbr1
0.006,5760,4,0,41.8,32.9,20.2,104.8,3.8,544061,21471,20,20,bbr1
0.033,11456,7,1440,39.7,25.0,20.2,104.8,7.0,544061,21476,20,20,bbr1
0.044,12880,8,7200,38.4,28.7,20.2,104.8,8.0,544061,21481,20,20,bbr1
0.059,17152,11,8640,36.2,20.8,20.2,104.8,10.4,544061,21485,20,20,bbr1
0.067,20000,13,11520,34.4,22.4,20.2,104.8,11.2,544061,21489,20,20,bbr1
0.075,22848,15,12960,33.1,24.0,20.2,104.8,11.1,544061,21492,20,20,bbr1
0.081,25696,17,12960,32.2,25.6,20.2,104.8,10.2,544061,21494,20,20,bbr1
0.088,26372,18,14400,30.9,22.2,20.2,104.8,10.1,544061,21497,20,20,bbr1
0.093,26372,18,14400,30.5,27.2,20.2,104.8,8.5,544061,21499,20,20,bbr1
0.101,26372,18,15840,30.2,28.2,20.2,104.8,7.0,544061,21502,20,20,bbr1
0.109,26372,18,17280,30.2,30.3,20.2,104.8,5.2,544061,21505,20,20,bbr1
0.115,26372,18,17280,30.3,31.4,20.2,104.8,4.2,544061,21507,20,20,bbr1
0.123,26372,18,18720,30.7,32.9,20.2,104.8,3.8,544061,21510,20,20,bbr1
0.128,26372,18,18720,31.2,35.0,20.2,104.8,3.9,544061,21512,20,20,bbr1
0.136,26372,18,20160,31.8,36.0,20.2,104.8,4.2,544061,21515,20,20,bbr1
0.145,26372,18,21600,32.6,38.1,20.2,104.8,4.7,326436,21518,20,20,bbr1
0.150,26372,18,20160,33.5,39.7,20.2,104.8,5.3,326436,21519,20,20,bbr1
0.159,26372,18,20160,34.4,40.7,20.2,104.8,5.8,326436,21521,20,20,bbr1
0.163,26372,18,18720,35.4,42.8,20.2,104.8,6.4,326436,21522,20,20,bbr1
0.172,26372,18,18720,36.5,44.2,20.2,104.8,7.0,326436,21524,20,20,bbr1
0.176,26372,18,17280,37.7,45.9,20.2,104.8,7.6,326436,21525,20,20,bbr1
0.184,26372,18,17280,38.9,47.4,20.2,104.8,8.1,435249,21527,20,20,bbr1
0.191,26372,18,17280,40.1,48.5,20.2,104.8,8.5,435249,21529,20,20,bbr1
0.203,18882,13,14400,41.9,46.8,20.2,104.8,7.8,544061,21531,20,20,bbr1
0.211,21730,15,17280,42.2,44.8,20.2,104.8,6.6,544061,21535,20,20,bbr1
0.219,26002,18,17280,41.9,39.9,20.2,104.8,5.5,539568,21538,20,20,bbr1
0.227,26225,18,18720,41.6,39.0,20.2,104.8,4.9,539568,21541,20,20,bbr1
0.232,26225,18,18720,41.2,39.0,20.2,104.8,4.3,539568,21543,20,20,bbr1
0.247,20232,14,15840,39.6,35.6,20.2,104.8,5.2,539568,21546,20,20,bbr1
0.255,23080,16,18720,39.2,36.7,20.2,104.8,4.6,539568,21550,20,20,bbr1
0.263,25928,18,20160,39.4,40.5,20.2,104.8,3.8,539568,21553,20,20,bbr1
0.271,26225,18,20160,39.7,42.0,20.2,104.8,3.5,323741,21555,20,20,bbr1
0.275,26225,18,18720,40.2,43.5,20.2,104.8,3.6,323741,21556,20,20,bbr1
0.284,26225,18,18720,40.7,44.5,20.2,104.8,3.8,323741,21558,20,20,bbr1
0.292,17384,12,17280,40.6,39.4,20.2,104.8,3.2,337432,21560,20,20,bbr1
0.299,20232,14,15840,41.0,44.3,20.2,104.8,3.3,449910,21561,20,20,bbr1
0.308,23080,16,18720,41.5,45.2,20.2,104.8,3.5,449910,21565,20,20,bbr1
0.315,25928,18,18720,42.3,47.3,20.2,104.8,4.1,449910,21567,20,20,bbr1
0.321,26969,18,18720,42.8,46.5,20.2,104.8,4.1,449910,21569,20,20,bbr1
0.327,26969,18,18720,43.1,45.0,20.2,104.8,3.7,562387,21571,20,20,bbr1
0.335,26969,18,20160,43.1,43.0,20.2,104.8,2.8,562387,21574,20,20,bbr1
0.346,19180,13,17280,42.6,42.7,20.2,104.8,2.4,337432,21576,20,20,bbr1
0.353,22028,15,17280,42.7,43.2,20.2,104.8,1.9,337432,21578,20,20,bbr1
0.362,24876,17,18720,42.7,43.1,20.2,104.8,1.6,449910,21581,20,20,bbr1
0.369,26969,18,18720,42.9,44.3,20.2,104.8,1.6,449910,21583,20,20,bbr1
0.375,26969,18,17280,43.1,44.3,20.2,104.8,1.5,449910,21585,20,20,bbr1
0.385,26969,18,18720,43.5,46.0,20.2,104.8,1.9,449910,21588,20,20,bbr1
0.391,26969,18,17280,43.2,41.2,20.2,104.8,2.0,449910,21590,20,20,bbr1
0.406,19180,13,15840,43.0,42.2,20.2,104.8,1.4,562387,21593,20,20,bbr1
0.413,22028,15,17280,42.9,42.0,20.2,104.8,1.3,562387,21596,20,20,bbr1
0.422,24876,17,20160,42.9,43.1,20.2,104.8,1.0,562387,21600,20,20,bbr1
0.429,26969,18,20160,43.0,43.6,20.2,104.8,0.9,337432,21602,20,20,bbr1
0.437,26969,18,20160,43.1,44.0,20.2,104.8,1.0,337432,21604,20,20,bbr1
0.442,26969,18,18720,43.3,44.4,20.2,104.8,1.0,337432,21605,20,20,bbr1
0.450,17756,12,17280,42.8,39.4,20.2,104.8,1.7,337432,21607,20,20,bbr1
0.458,20604,14,15840,42.8,42.7,20.2,104.8,1.3,449910,21608,20,20,bbr1
0.468,23452,16,18720,43.2,46.2,20.2,104.8,1.8,449910,21612,20,20,bbr1
0.474,26300,18,18720,43.7,47.5,20.2,104.8,2.5,449910,21614,20,20,bbr1
0.480,26969,18,18720,44.2,47.5,20.2,104.8,2.8,449910,21616,20,20,bbr1
0.486,26969,18,18720,44.5,46.2,20.2,104.8,2.6,449910,21618,20,20,bbr1
0.493,26969,18,18720,44.5,44.5,20.2,104.8,1.9,449910,21620,20,20,bbr1
0.499,17756,12,17280,43.8,39.4,20.2,104.8,2.7,449910,21622,20,20,bbr1
0.509,20604,14,15840,43.8,43.3,20.2,104.8,2.2,449910,21623,20,20,bbr1
0.519,23452,16,18720,43.7,43.5,20.2,104.8,1.7,449910,21627,20,20,bbr1
0.525,26300,18,18720,43.8,44.1,20.2,104.8,1.4,562387,21629,20,20,bbr1
0.530,26969,18,17280,43.7,43.1,20.2,104.8,1.2,562387,21631,20,20,bbr1
0.540,26969,18,20160,43.7,43.4,20.2,104.8,1.0,562387,21635,20,20,bbr1
0.552,19180,13,17280,43.0,37.6,20.2,104.8,2.2,337432,21637,20,20,bbr1
0.559,22028,15,17280,42.8,41.5,20.2,104.8,2.0,337432,21639,20,20,bbr1
0.568,24876,17,18720,42.6,41.6,20.2,104.8,1.8,449910,21642,20,20,bbr1
0.575,26969,18,18720,42.7,43.6,20.2,104.8,1.6,449910,21644,20,20,bbr1
0.581,26969,18,18720,43.1,45.4,20.2,104.8,1.8,449910,21646,20,20,bbr1
0.587,26969,18,18720,43.6,47.0,20.2,104.8,2.4,449910,21648,20,20,bbr1
0.594,26969,18,18720,44.2,48.8,20.2,104.8,3.1,449910,21650,20,20,bbr1
0.607,19180,13,15840,44.0,44.0,20.2,104.8,2.0,449910,21652,20,20,bbr1
0.613,22028,15,17280,44.0,43.8,20.2,104.8,1.6,449910,21655,20,20,bbr1
0.623,24876,17,18720,44.0,44.1,20.2,104.8,1.2,449910,21658,20,20,bbr1
0.629,26969,18,18720,44.1,44.8,20.2,104.8,1.1,449910,21660,20,20,bbr1
0.635,26969,18,18720,44.2,45.1,20.2,104.8,1.1,449910,21662,20,20,bbr1
0.641,26969,18,18720,44.3,45.1,20.2,104.8,1.0,562387,21664,20,20,bbr1
0.649,26969,18,18720,43.7,39.3,20.2,104.8,2.0,562387,21667,20,20,bbr1
0.665,19180,13,18720,43.5,43.1,20.2,104.8,1.4,337432,21671,20,20,bbr1
0.672,22028,15,17280,43.6,44.0,20.2,104.8,1.2,337432,21672,20,20,bbr1
0.681,24876,17,18720,43.7,44.3,20.2,104.8,1.1,337432,21675,20,20,bbr1
0.689,26969,18,18720,43.8,45.0,20.2,104.8,1.1,337432,21677,20,20,bbr1
0.693,26969,18,17280,44.2,46.6,20.2,104.8,1.5,337432,21678,20,20,bbr1
0.697,26969,18,15840,44.5,46.7,20.2,104.8,1.8,449910,21679,20,20,bbr1
0.706,26969,18,17280,45.0,48.4,20.2,104.8,2.3,449910,21682,20,20,bbr1
0.718,19180,13,14400,44.5,41.2,20.2,104.8,2.3,449910,21684,20,20,bbr1
0.006,26893,18,0,41.8,35.8,20.2,104.8,3.7,448050,21686,20,20,bbr1
0.006,26893,18,0,40.1,27.8,20.2,104.8,6.3,448050,21688,20,20,bbr1
0.035,26893,18,12960,38.1,24.6,20.2,104.8,8.6,560062,21700,20,20,bbr1
0.040,26893,18,12960,36.9,27.8,20.2,104.8,9.0,560062,21702,20,20,bbr1
0.048,26893,18,14400,35.8,28.3,20.2,104.8,8.9,560062,21705,20,20,bbr1
0.053,26893,18,14400,34.9,28.8,20.2,104.8,8.4,560062,21707,20,20,bbr1
0.060,26893,18,15840,34.2,29.1,20.2,104.8,7.8,560062,21710,20,20,bbr1
0.068,26893,18,17280,33.7,30.2,20.2,104.8,6.8,560062,21713,20,20,bbr1
0.074,26893,18,17280,33.4,31.5,20.2,104.8,5.7,560062,21715,20,20,bbr1
0.081,26893,18,18720,33.4,33.6,20.2,104.8,4.3,560062,21718,20,20,bbr1
0.089,26893,18,20160,33.7,35.3,20.2,104.8,3.7,560062,21721,20,20,bbr1
0.098,26893,18,21600,34.1,37.0,20.2,104.8,3.6,336037,21724,20,20,bbr1
0.103,26893,18,20160,34.7,38.8,20.2,104.8,3.9,336037,21725,20,20,bbr1
0.111,26893,18,20160,35.4,40.3,20.2,104.8,4.3,336037,21727,20,20,bbr1
0.116,26893,18,18720,36.2,42.1,20.2,104.8,4.9,336037,21728,20,20,bbr1
0.124,26893,18,18720,37.2,43.8,20.2,104.8,5.6,336037,21730,20,20,bbr1
0.132,26893,18,18720,38.2,45.1,20.2,104.8,6.2,336037,21732,20,20,bbr1
0.137,26893,18,17280,39.2,46.7,20.2,104.8,6.8,336037,21733,20,20,bbr1
0.149,19142,13,14400,41.5,49.0,20.2,104.8,7.7,448050,21735,20,20,bbr1
0.159,21990,15,17280,42.2,46.8,20.2,104.8,7.1,448050,21739,20,20,bbr1
0.166,24838,17,17280,42.5,45.1,20.2,104.8,6.1,431748,21741,20,20,bbr1
0.172,26229,18,17280,42.7,43.7,20.2,104.8,4.9,431748,21743,20,20,bbr1
0.178,26229,18,17280,42.6,42.0,20.2,104.8,3.8,431748,21745,20,20,bbr1
0.185,26229,18,17280,42.3,40.0,20.2,104.8,3.5,431748,21747,20,20,bbr1
0.192,26229,18,17280,41.5,35.9,20.2,104.8,4.2,431748,21749,20,20,bbr1
0.195,15962,11,15840,41.0,38.0,20.2,104.8,4.0,431748,21750,20,20,bbr1
0.202,18810,13,14400,40.7,38.3,20.2,104.8,3.7,431748,21751,20,20,bbr1
0.212,21658,15,17280,40.4,38.3,20.2,104.8,3.4,431748,21755,20,20,bbr1
0.219,24506,17,17280,40.2,38.7,20.2,104.8,3.0,431748,21757,20,20,bbr1
0.226,26229,18,17280,40.0,38.9,20.2,104.8,2.5,431748,21759,20,20,bbr1
0.232,26229,18,17280,39.9,39.1,20.2,104.8,2.1,431748,21761,20,20,bbr1
0.239,26229,18,17280,39.8,39.2,20.2,104.8,1.8,431748,21763,20,20,bbr1
0.245,26229,18,17280,39.3,35.9,20.2,104.8,2.3,431748,21765,20,20,bbr1
0.257,18810,13,14400,39.4,39.7,20.2,104.8,1.4,539685,21767,20,20,bbr1
0.265,21658,15,17280,39.5,39.9,20.2,104.8,1.2,539685,21771,20,20,bbr1
0.273,24506,17,18720,39.5,40.0,20.2,104.8,1.0,539685,21774,20,20,bbr1
0.278,26229,18,18720,39.6,40.0,20.2,104.8,0.9,539685,21776,20,20,bbr1
0.286,26229,18,20160,39.6,40.1,20.2,104.8,0.8,539685,21779,20,20,bbr1
0.293,26229,18,20160,39.8,40.6,20.2,104.8,0.8,323811,21781,20,20,bbr1
0.302,26229,18,20160,39.3,35.9,20.2,104.8,1.6,323811,21783,20,20,bbr1
0.311,18810,13,15840,39.8,41.9,20.2,104.8,1.8,323811,21784,20,20,bbr1
0.319,21658,15,17280,40.3,43.9,20.2,104.8,2.4,431748,21787,20,20,bbr1
0.326,24506,17,17280,40.9,45.1,20.2,104.8,3.0,431748,21789,20,20,bbr1
0.333,26229,18,17280,41.6,46.4,20.2,104.8,3.6,431748,21791,20,20,bbr1
0.339,26229,18,17280,42.4,48.5,20.2,104.8,4.4,431748,21793,20,20,bbr1
0.346,26803,18,15840,42.6,43.6,20.2,104.8,3.6,445835,21795,20,20,bbr1
0.361,19097,13,14455,41.7,39.9,20.2,104.8,3.5,445835,21799,20,20,bbr1
0.371,21945,15,17335,41.5,40.0,20.2,104.8,3.0,445835,21803,20,20,bbr1
0.377,24793,17,17335,41.4,40.5,20.2,104.8,2.5,445835,21805,20,20,bbr1
0.384,26803,18,17335,41.3,40.6,20.2,104.8,2.1,445835,21807,20,20,bbr1
0.390,26803,18,17335,41.2,41.0,20.2,104.8,1.6,445835,21809,20,20,bbr1
0.397,26803,18,17335,41.2,41.3,20.2,104.8,1.3,445835,21811,20,20,bbr1
0.403,26803,18,17280,40.6,36.0,20.2,104.8,2.2,445835,21813,20,20,bbr1
0.416,19097,13,14455,40.4,40.0,20.2,104.8,1.5,445835,21816,20,20,bbr1
0.426,21945,15,17335,40.5,40.6,20.2,104.8,1.2,445835,21820,20,20,bbr1
0.432,24793,17,17335,40.5,41.0,20.2,104.8,1.0,557293,21822,20,20,bbr1
0.437,26803,18,17335,40.6,41.4,20.2,104.8,1.0,557293,21824,20,20,bbr1
0.444,26803,18,18775,40.8,41.8,20.2,104.8,1.0,557293,21827,20,20,bbr1
0.452,26803,18,20215,40.9,41.7,20.2,104.8,1.0,557293,21830,20,20,bbr1
0.464,19136,13,17280,40.2,39.8,20.2,104.8,1.6,334376,21832,20,20,bbr1
0.471,21984,15,17280,40.2,40.2,20.2,104.8,1.2,334376,21834,20,20,bbr1
0.481,24832,17,18720,40.4,41.9,20.2,104.8,1.3,445835,21837,20,20,bbr1
0.487,26803,18,18720,40.7,42.9,20.2,104.8,1.6,445835,21839,20,20,bbr1
0.493,26803,18,18720,41.3,45.2,20.2,104.8,2.3,445835,21841,20,20,bbr1
0.500,26803,18,18720,42.0,46.9,20.2,104.8,3.1,445835,21843,20,20,bbr1
0.506,26803,18,18720,42.8,48.6,20.2,104.8,4.0,445835,21845,20,20,bbr1
0.513,26803,18,18720,42.8,42.8,20.2,104.8,3.0,445835,21847,20,20,bbr1
0.526,19097,13,15895,43.0,43.1,20.2,104.8,2.0,445835,21850,20,20,bbr1
0.533,23369,16,15895,42.9,42.6,20.2,104.8,1.6,445835,21853,20,20,bbr1
0.542,26217,18,17335,42.9,42.6,20.2,104.8,1.3,445835,21856,20,20,bbr1
0.548,26803,18,17335,42.9,43.3,20.2,104.8,1.0,445835,21858,20,20,bbr1
0.555,26803,18,17335,43.0,43.6,20.2,104.8,0.9,445835,21860,20,20,bbr1
0.565,26803,18,18775,43.1,43.6,20.2,104.8,0.9,445835,21863,20,20,bbr1
0.571,26803,18,18720,42.4,37.7,20.2,104.8,2.0,445835,21865,20,20,bbr1
0.582,19097,13,15895,42.2,41.7,20.2,104.8,1.5,557293,21868,20,20,bbr1
0.589,21945,15,17335,42.2,42.1,20.2,104.8,1.2,557293,21871,20,20,bbr1
0.598,24793,17,20215,42.2,42.6,20.2,104.8,1.0,557293,21875,20,20,bbr1
0.605,26803,18,20215,42.3,43.1,20.2,104.8,1.0,334376,21877,20,20,bbr1
0.614,26803,18,20215,42.4,43.2,20.2,104.8,0.9,334376,21879,20,20,bbr1
0.618,26803,18,18775,42.6,43.8,20.2,104.8,1.0,334376,21880,20,20,bbr1
0.626,17712,12,17280,42.2,39.5,20.2,104.8,1.6,334376,21882,20,20,bbr1
0.634,20560,14,15840,42.3,42.8,20.2,104.8,1.3,445835,21883,20,20,bbr1
0.644,23408,16,18720,42.8,46.5,20.2,104.8,2.0,445835,21887,20,20,bbr1
0.650,26256,18,18720,43.4,47.6,20.2,104.8,2.7,445835,21889,20,20,bbr1
0.656,26803,18,18720,44.0,47.8,20.2,104.8,3.1,445835,21891,20,20,bbr1
0.663,26803,18,18720,44.2,45.6,20.2,104.8,2.8,445835,21893,20,20,bbr1
0.669,26803,18,18720,44.2,44.4,20.2,104.8,2.1,445835,21895,20,20,bbr1
0.676,17673,12,17280,43.6,39.4,20.2,104.8,2.8,445835,21897,20,20,bbr1
0.685,20521,14,15840,43.5,43.2,20.2,104.8,2.2,445835,21898,20,20,bbr1
0.695,23369,16,18720,43.5,43.3,20.2,104.8,1.7,445835,21902,20,20,bbr1
0.702,26217,18,18720,43.3,42.2,20.2,104.8,1.6,445835,21904,20,20,bbr1
0.708,26803,18,18720,43.5,44.3,20.2,104.8,1.4,445835,21906,20,20,bbr1
0.715,26803,18,18720,43.4,42.6,20.2,104.8,1.3,445835,21908,20,20,bbr1
0.718,26803,18,17280,43.4,43.3,20.2,104.8,1.0,445835,21909,20,20,bbr1
0.006,3072,2,0,42.5,43.3,20.2,104.8,0.9,557293,21913,21,21,bbr1
0.005,5760,4,0,40.6,27.7,20.2,104.8,4.4,557293,21915,21,21,bbr1
0.032,11456,7,1440,38.7,24.8,20.2,104.8,7.3,557293,21920,21,21,bbr1
0.042,12880,8,7200,37.4,28.4,20.2,104.8,8.0,557293,21925,21,21,bbr1
0.058,17152,11,8640,35.3,20.8,20.2,104.8,10.1,557293,21929,21,21,bbr1
0.066,20000,13,11520,33.8,23.0,20.2,104.8,10.7,557293,21933,21,21,bbr1
0.074,22848,15,12960,32.6,24.2,20.2,104.8,10.4,557293,21936,21,21,bbr1
0.079,25696,17,12960,31.8,26.4,20.2,104.8,9.4,557293,21938,21,21,bbr1
0.086,26803,18,14400,30.6,22.2,20.2,104.8,9.4,557293,21941,21,21,bbr1
0.094,26803,18,15840,30.2,27.3,20.2,104.8,7.9,557293,21944,21,21,bbr1
0.099,26803,18,15840,30.0,28.9,20.2,104.8,6.2,557293,21946,21,21,bbr1
0.107,26803,18,17280,30.1,30.4,20.2,104.8,4.8,557293,21949,21,21,bbr1
0.113,26803,18,17280,30.3,32.3,20.2,104.8,4.1,557293,21951,21,21,bbr1
0.120,26803,18,18720,30.8,33.9,20.2,104.8,4.0,557293,21954,21,21,bbr1
0.128,26038,18,20160,31.3,35.0,20.2,104.8,4.1,533835,21957,21,21,bbr1
0.135,26038,18,20160,32.1,37.3,20.2,104.8,4.5,320301,21959,21,21,bbr1
0.144,26038,18,20160,32.9,39.1,20.2,104.8,5.2,320301,21961,21,21,bbr1
0.149,26038,18,18720,33.9,40.7,20.2,104.8,5.8,320301,21962,21,21,bbr1
0.158,26038,18,18720,35.0,42.4,20.2,104.8,6.5,320301,21964,21,21,bbr1
0.162,26038,18,17280,36.1,44.1,20.2,104.8,7.1,320301,21965,21,21,bbr1
0.170,26038,18,17280,37.3,45.8,20.2,104.8,7.8,427068,21967,21,21,bbr1
0.177,26038,18,17280,38.6,47.4,20.2,104.8,8.3,427068,21969,21,21,bbr1
0.183,26038,18,17280,39.8,48.4,20.2,104.8,8.7,427068,21971,21,21,bbr1
0.190,26038,18,17280,40.7,46.8,20.2,104.8,8.3,427068,21973,21,21,bbr1
0.202,18715,12,14400,41.2,42.1,20.2,104.8,5.5,427068,21975,21,21,bbr1
0.209,21563,14,15840,41.1,40.4,20.2,104.8,4.4,427068,21978,21,21,bbr1
0.218,25835,17,15840,40.8,38.8,20.2,104.8,3.9,533835,21981,21,21,bbr1
0.226,26038,18,17280,40.6,38.8,20.2,104.8,3.4,533835,21984,21,21,bbr1
0.232,26038,18,17280,40.4,38.9,20.2,104.8,2.9,533835,21986,21,21,bbr1
0.240,26038,18,17280,39.6,34.3,20.2,104.8,3.7,533835,21989,21,21,bbr1
0.255,18715,12,17280,39.2,37.8,20.2,104.8,2.9,320301,21993,21,21,bbr1
0.262,21563,14,15840,39.1,38.9,20.2,104.8,2.2,320301,21994,21,21,bbr1
0.271,24411,16,17280,39.3,40.7,20.2,104.8,2.1,320301,21997,21,21,bbr1
0.279,26038,18,17280,39.6,41.7,20.2,104.8,2.1,427068,21999,21,21,bbr1
0.285,26038,18,17280,40.1,43.2,20.2,104.8,2.5,427068,22001,21,21,bbr1
0.292,26038,18,17280,40.7,45.1,20.2,104.8,3.1,427068,22003,21,21,bbr1
0.299,26038,18,17280,41.4,46.5,20.2,104.8,3.8,427068,22005,21,21,bbr1
0.305,17291,12,15840,41.2,39.3,20.2,104.8,3.4,564472,22007,21,21,bbr1
0.313,20139,13,15840,41.1,40.9,20.2,104.8,2.6,564472,22009,21,21,bbr1
0.320,22987,15,17280,40.9,39.5,20.2,104.8,2.4,564472,22012,21,21,bbr1
0.329,27037,18,18720,40.5,37.9,20.2,104.8,2.5,564472,22016,21,21,bbr1
0.336,27037,18,20160,40.2,38.0,20.2,104.8,2.5,564472,22019,21,21,bbr1
0.345,27037,18,23040,39.9,38.0,20.2,104.8,2.5,338683,22022,21,21,bbr1
0.350,19214,13,18720,39.2,34.0,20.2,104.8,3.3,338683,22023,21,21,bbr1
0.354,20638,14,18720,38.6,34.1,20.2,104.8,3.8,338683,22024,21,21,bbr1
0.363,23486,16,18720,38.4,37.5,20.2,104.8,3.1,338683,22026,21,21,bbr1
0.371,27758,19,17280,38.8,41.8,20.2,104.8,3.2,356996,22028,21,21,bbr1
0.374,28032,19,17280,39.1,40.5,20.2,104.8,2.8,475995,22029,21,21,bbr1
0.380,28032,19,17280,39.7,44.5,20.2,104.8,3.5,475995,22031,21,21,bbr1
0.389,28032,19,18720,40.5,46.2,20.2,104.8,4.2,475995,22034,21,21,bbr1
0.395,28032,19,18720,41.0,44.5,20.2,104.8,4.1,475995,22036,21,21,bbr1
0.407,19712,13,15840,41.5,42.5,20.2,104.8,3.2,594993,22038,21,21,bbr1
0.414,22560,15,17280,41.3,39.7,20.2,104.8,2.8,594993,22041,21,21,bbr1
0.422,25408,17,20160,41.4,42.3,20.2,104.8,2.4,594993,22045,21,21,bbr1
0.429,28032,19,21600,41.6,43.1,20.2,104.8,2.2,594993,22048,21,21,bbr1
0.438,28032,19,23040,41.7,42.3,20.2,104.8,1.8,356996,22051,21,21,bbr1
0.442,28032,19,21600,42.1,44.9,20.2,104.8,2.1,356996,22052,21,21,bbr1
0.450,28032,19,20160,41.8,39.5,20.2,104.8,2.2,356996,22054,21,21,bbr1
0.465,19712,13,18720,42.5,46.8,20.2,104.8,2.7,356996,22057,21,21,bbr1
0.472,22560,15,17280,43.3,48.6,20.2,104.8,3.5,356996,22058,21,21,bbr1
0.479,25408,17,18720,44.2,50.8,20.2,104.8,4.5,475995,22061,21,21,bbr1
0.489,28032,19,20160,45.3,52.7,20.2,104.8,5.5,475995,22064,21,21,bbr1
0.495,28032,19,20160,46.3,53.1,20.2,104.8,6.1,475995,22066,21,21,bbr1
0.500,28032,19,20160,46.9,51.6,20.2,104.8,5.9,475995,22068,21,21,bbr1
0.506,28032,19,20160,47.4,50.4,20.2,104.8,5.3,475995,22070,21,21,bbr1
0.520,19712,13,18720,46.6,42.7,20.2,104.8,4.3,594993,22073,21,21,bbr1
0.527,23984,16,15840,46.4,44.5,20.2,104.8,3.8,594993,22074,21,21,bbr1
0.537,26832,18,20160,46.2,44.8,20.2,104.8,3.2,594993,22079,21,21,bbr1
0.544,28032,19,21600,46.1,45.7,20.2,104.8,2.5,594993,22082,21,21,bbr1
0.553,28032,19,23040,46.2,46.8,20.2,104.8,2.1,356996,22085,21,21,bbr1
0.557,28032,19,21600,46.4,47.7,20.2,104.8,1.9,356996,22086,21,21,bbr1
0.565,28032,19,21600,46.6,48.3,20.2,104.8,1.9,356996,22088,21,21,bbr1
0.580,21136,14,17280,46.0,46.4,20.2,104.8,2.3,356996,22090,21,21,bbr1
0.587,23984,16,18720,46.3,48.4,20.2,104.8,2.3,475995,22093,21,21,bbr1
0.596,26832,18,20160,46.8,50.4,20.2,104.8,2.8,475995,22096,21,21,bbr1
0.602,28032,19,20160,47.5,52.3,20.2,104.8,3.4,475995,22098,21,21,bbr1
0.608,28032,19,20160,48.1,52.4,20.2,104.8,3.8,475995,22100,21,21,bbr1
0.614,28032,19,20160,48.5,51.2,20.2,104.8,3.6,475995,22102,21,21,bbr1
0.623,28032,19,21600,48.7,50.2,20.2,104.8,3.1,475995,22105,21,21,bbr1
0.630,28032,19,21600,48.0,42.8,20.2,104.8,3.8,475995,22107,21,21,bbr1
0.642,19712,13,18720,47.6,46.6,20.2,104.8,2.8,594993,22109,21,21,bbr1
0.648,22560,15,17280,47.6,47.5,20.2,104.8,2.1,594993,22110,21,21,bbr1
0.656,25408,17,20160,47.6,47.9,20.2,104.8,1.7,594993,22114,21,21,bbr1
0.663,28032,19,21600,47.7,48.7,20.2,104.8,1.5,594993,22117,21,21,bbr1
0.672,28032,19,23040,48.0,49.9,20.2,104.8,1.7,356996,22120,21,21,bbr1
0.676,28032,19,21600,48.3,50.7,20.2,104.8,1.9,356996,22121,21,21,bbr1
0.684,28032,19,21600,48.7,51.0,20.2,104.8,2.1,356996,22123,21,21,bbr1
0.695,19712,13,18720,46.9,41.0,20.2,104.8,4.3,356996,22125,21,21,bbr1
0.702,22560,15,17280,46.8,46.4,20.2,104.8,3.4,356996,22126,21,21,bbr1
0.709,25408,17,18720,47.0,48.2,20.2,104.8,2.9,475995,22129,21,21,bbr1
0.718,28032,19,20160,47.4,50.2,20.2,104.8,3.0,475995,22132,21,21,bbr1
0.724,28032,19,20160,48.0,52.4,20.2,104.8,3.5,475995,22134,21,21,bbr1
0.730,28032,19,20160,48.4,51.2,20.2,104.8,3.4,475995,22136,21,21,bbr1
0.736,28032,19,20160,48.6,50.0,20.2,104.8,2.9,475995,22138,21,21,bbr1
0.749,19712,13,18720,47.6,42.7,20.2,104.8,3.5,475995,22141,21,21,bbr1
0.756,22560,15,17280,47.4,45.8,20.2,104.8,3.1,475995,22142,21,21,bbr1
0.765,25408,17,20160,47.3,46.4,20.2,104.8,2.5,475995,22146,21,21,bbr1
0.771,28032,19,20160,47.3,47.5,20.2,104.8,2.0,475995,22148,21,21,bbr1
0.778,28032,19,20160,47.3,47.7,20.2,104.8,1.6,475995,22150,21,21,bbr1
0.786,28032,19,21600,47.5,48.7,20.2,104.8,1.5,594993,22153,21,21,bbr1
0.791,28032,19,21600,47.8,49.8,20.2,104.8,1.7,594993,22155,21,21,bbr1
0.798,28032,19,23040,47.6,46.2,20.2,104.8,1.7,594993,22158,21,21,bbr1
0.818,22560,15,18720,47.0,47.7,20.2,104.8,1.6,356996,22161,21,21,bbr1
0.826,25408,17,20160,47.2,48.5,20.2,104.8,1.6,356996,22164,21,21,bbr1
0.834,28032,19,20160,47.3,47.8,20.2,104.8,1.3,356996,22166,21,21,bbr1
0.842,28032,19,20160,47.7,50.8,20.2,104.8,1.9,356996,22168,21,21,bbr1
0.846,28032,19,18720,48.4,52.8,20.2,104.8,2.7,356996,22169,21,21,bbr1
0.854,28032,19,17280,49.0,53.6,20.2,104.8,3.3,356996,22171,21,21,bbr1
0.862,28032,19,17280,49.9,56.1,20.2,104.8,4.3,475995,22173,21,21,bbr1
0.874,19712,13,15840,48.9,46.6,20.2,104.8,4.1,475995,22176,21,21,bbr1
0.881,22560,15,17280,48.5,45.4,20.2,104.8,3.9,475995,22179,21,21,bbr1
0.890,25408,17,18720,47.9,43.8,20.2,104.8,4.1,441365,22182,21,21,bbr1
0.896,26621,18,18720,47.2,42.6,20.2,104.8,4.4,441365,22184,21,21,bbr1
0.903,26621,18,18720,46.5,41.5,20.2,104.8,4.7,441365,22186,21,21,bbr1
0.910,26621,18,18720,45.9,41.9,20.2,104.8,4.7,441365,22188,21,21,bbr1
0.916,17582,12,17280,45.1,39.3,20.2,104.8,5.2,441365,22190,21,21,bbr1
0.926,20430,14,15840,44.8,42.7,20.2,104.8,4.5,441365,22191,21,21,bbr1
0.936,23278,16,18720,44.7,44.2,20.2,104.8,3.5,441365,22195,21,21,bbr1
0.941,26126,18,18720,44.7,44.3,20.2,104.8,2.7,551706,22197,21,21,bbr1
0.947,26621,18,18720,44.7,45.0,20.2,104.8,2.1,551706,22199,21,21,bbr1
0.954,26621,18,20160,44.8,45.4,20.2,104.8,1.8,551706,22202,21,21,bbr1
0.964,26621,18,21600,44.9,45.3,20.2,104.8,1.4,331023,22205,21,21,bbr1
0.977,20430,14,15840,44.1,43.1,20.2,104.8,2.1,331023,22206,21,21,bbr1
0.006,14708,10,0,42.9,27.2,20.2,104.8,6.2,443803,22208,21,21,bbr1
0.007,17285,12,0,41.1,28.7,20.2,104.8,8.2,443803,22210,21,21,bbr1
0.033,22981,15,10080,39.0,24.2,20.2,104.8,10.4,554753,22221,21,21,bbr1
0.045,25829,17,14400,37.6,27.9,20.2,104.8,10.5,554753,22226,21,21,bbr1
0.050,26720,18,14400,36.5,28.4,20.2,104.8,10.2,554753,22228,21,21,bbr1
0.058,26720,18,15840,35.5,28.7,20.2,104.8,9.6,554753,22231,21,21,bbr1
0.066,26720,18,17280,34.7,29.0,20.2,104.8,8.8,554753,22234,21,21,bbr1
0.072,26720,18,17280,34.3,31.4,20.2,104.8,7.4,554753,22236,21,21,bbr1
0.080,26720,18,18720,34.1,33.0,20.2,104.8,5.9,554753,22239,21,21,bbr1
0.087,26720,18,20160,34.1,34.2,20.2,104.8,4.4,554753,22242,21,21,bbr1
0.094,26720,18,20160,34.3,35.8,20.2,104.8,3.7,332852,22244,21,21,bbr1
0.098,26720,18,18720,34.8,38.0,20.2,104.8,3.7,332852,22245,21,21,bbr1
0.107,26720,18,18720,35.4,39.6,20.2,104.8,4.0,332852,22247,21,21,bbr1
0.116,26720,18,18720,36.1,40.8,20.2,104.8,4.3,332852,22249,21,21,bbr1
0.120,26720,18,17280,36.9,42.9,20.2,104.8,5.0,332852,22250,21,21,bbr1
0.128,26720,18,17280,37.8,44.1,20.2,104.8,5.5,443803,22252,21,21,bbr1
0.134,26720,18,17280,38.9,46.3,20.2,104.8,6.3,443803,22254,21,21,bbr1
0.140,26720,18,17280,40.0,47.7,20.2,104.8,6.9,443803,22256,21,21,bbr1
0.153,19056,13,14400,41.2,44.1,20.2,104.8,5.9,443803,22258,21,21,bbr1
0.163,21904,15,17280,41.3,42.1,20.2,104.8,4.6,443803,22262,21,21,bbr1
0.170,24752,17,17280,41.2,40.8,20.2,104.8,3.6,443803,22264,21,21,bbr1
0.175,26720,18,17280,41.2,40.7,20.2,104.8,2.8,443803,22266,21,21,bbr1
0.182,26720,18,17280,41.2,41.4,20.2,104.8,2.2,443803,22268,21,21,bbr1
0.189,26720,18,15840,40.3,34.1,20.2,104.8,3.4,443803,22270,21,21,bbr1
0.192,26720,18,15840,39.5,34.2,20.2,104.8,4.1,443803,22271,21,21,bbr1
0.206,19056,13,14400,39.2,38.2,20.2,104.8,2.9,443803,22274,21,21,bbr1
0.216,21904,15,17280,39.1,38.2,20.2,104.8,2.4,443803,22278,21,21,bbr1
0.221,24752,17,17280,39.0,39.0,20.2,104.8,1.8,554753,22280,21,21,bbr1
0.227,26720,18,17280,39.1,39.2,20.2,104.8,1.4,554753,22282,21,21,bbr1
0.234,26720,18,18720,39.1,39.2,20.2,104.8,1.1,554753,22285,21,21,bbr1
0.242,26720,18,20160,39.2,39.8,20.2,104.8,1.0,554753,22288,21,21,bbr1
0.249,26720,18,20160,38.8,36.0,20.2,104.8,1.6,332852,22290,21,21,bbr1
0.261,19056,13,17280,39.0,39.9,20.2,104.8,1.3,332852,22292,21,21,bbr1
0.267,21904,15,17280,39.4,41.7,20.2,104.8,1.6,443803,22294,21,21,bbr1
0.275,24752,17,18720,39.8,42.8,20.2,104.8,2.1,443803,22297,21,21,bbr1
0.281,26720,18,18720,40.4,45.0,20.2,104.8,2.9,443803,22299,21,21,bbr1
0.288,26720,18,18720,41.2,46.4,20.2,104.8,3.7,443803,22301,21,21,bbr1
0.298,26720,18,20160,42.0,47.8,20.2,104.8,4.4,443803,22304,21,21,bbr1
0.305,26720,18,20160,42.6,46.5,20.2,104.8,4.4,443803,22306,21,21,bbr1
0.311,26720,18,20160,42.8,44.7,20.2,104.8,3.8,443803,22308,21,21,bbr1
0.322,19056,13,17280,43.4,45.3,20.2,104.8,3.1,443803,22310,21,21,bbr1
0.329,23328,16,15840,43.5,44.3,20.2,104.8,2.6,443803,22312,21,21,bbr1
0.339,26176,18,18720,43.6,44.6,20.2,104.8,2.2,554753,22316,21,21,bbr1
0.346,26720,18,17280,43.4,41.5,20.2,104.8,2.2,554753,22319,21,21,bbr1
0.356,26720,18,20160,43.2,42.2,20.2,104.8,1.9,554753,22323,21,21,bbr1
0.374,20480,14,17335,42.3,39.3,20.2,104.8,2.7,332852,22327,21,21,bbr1
0.382,23328,16,18775,42.4,43.1,20.2,104.8,2.2,332852,22330,21,21,bbr1
0.391,26176,18,18775,42.5,42.8,20.2,104.8,1.8,332852,22332,21,21,bbr1
0.395,26720,18,17335,42.7,44.4,20.2,104.8,1.8,332852,22333,21,21,bbr1
0.403,26720,18,17335,43.4,48.0,20.2,104.8,2.7,443803,22335,21,21,bbr1
0.409,26720,18,17335,44.1,49.5,20.2,104.8,3.6,443803,22337,21,21,bbr1
0.416,26720,18,17335,45.0,50.8,20.2,104.8,4.3,443803,22339,21,21,bbr1
0.423,26720,18,17280,44.7,42.8,20.2,104.8,3.8,443803,22341,21,21,bbr1
0.435,19056,13,14400,44.3,42.2,20.2,104.8,2.8,443803,22343,21,21,bbr1
0.445,21904,15,17280,43.7,39.1,20.2,104.8,3.4,443803,22347,21,21,bbr1
0.451,24752,17,17280,43.3,41.0,20.2,104.8,3.2,554753,22349,21,21,bbr1
0.456,26720,18,17280,43.1,41.5,20.2,104.8,2.9,554753,22351,21,21,bbr1
0.464,26720,18,18720,43.0,41.9,20.2,104.8,2.4,554753,22354,21,21,bbr1
0.472,26720,18,20160,42.8,41.9,20.2,104.8,2.1,554753,22357,21,21,bbr1
0.479,26720,18,20160,42.0,35.9,20.2,104.8,3.3,332852,22359,21,21,bbr1
0.490,19056,13,17280,41.5,40.0,20.2,104.8,2.7,332852,22361,21,21,bbr1
0.497,21904,15,17280,41.5,41.7,20.2,104.8,2.1,443803,22363,21,21,bbr1
0.505,24752,17,18720,41.6,42.8,20.2,104.8,1.9,443803,22366,21,21,bbr1
0.511,26720,18,18720,42.1,45.0,20.2,104.8,2.3,443803,22368,21,21,bbr1
0.517,26770,18,17280,42.5,45.7,20.2,104.8,2.6,445037,22370,21,21,bbr1
0.527,26770,18,18720,42.9,45.8,20.2,104.8,2.8,445037,22373,21,21,bbr1
0.540,19081,13,15895,42.5,40.9,20.2,104.8,2.4,556296,22376,21,21,bbr1
0.546,21929,15,17335,42.6,43.5,20.2,104.8,2.0,556296,22379,21,21,bbr1
0.555,24777,17,20215,42.7,43.6,20.2,104.8,1.8,556296,22383,21,21,bbr1
0.562,26770,18,20215,42.9,44.2,20.2,104.8,1.7,333777,22385,21,21,bbr1
0.571,26770,18,20215,43.1,44.6,20.2,104.8,1.7,333777,22387,21,21,bbr1
0.575,26770,18,18775,43.3,45.0,20.2,104.8,1.7,333777,22388,21,21,bbr1
0.584,17696,12,17280,42.9,39.4,20.2,104.8,2.3,333777,22390,21,21,bbr1
0.591,20544,14,15840,42.9,42.9,20.2,104.8,1.7,445037,22391,21,21,bbr1
0.601,23392,16,18720,43.3,46.2,20.2,104.8,2.1,445037,22395,21,21,bbr1
0.608,26240,18,18720,43.8,47.7,20.2,104.8,2.7,445037,22397,21,21,bbr1
0.614,26770,18,18720,44.3,47.6,20.2,104.8,3.0,556296,22399,21,21,bbr1
0.621,26770,18,20160,44.5,45.6,20.2,104.8,2.6,556296,22402,21,21,bbr1
0.626,26770,18,20160,44.4,44.2,20.2,104.8,2.0,556296,22404,21,21,bbr1
0.643,20505,14,17280,43.7,43.1,20.2,104.8,2.2,333777,22407,21,21,bbr1
0.651,23353,16,18720,43.7,43.4,20.2,104.8,1.7,333777,22410,21,21,bbr1
0.660,26201,18,18720,43.6,43.4,20.2,104.8,1.4,333777,22412,21,21,bbr1
0.664,26770,18,17280,43.9,45.4,20.2,104.8,1.5,333777,22413,21,21,bbr1
0.672,26770,18,17280,44.3,47.2,20.2,104.8,1.9,445037,22415,21,21,bbr1
0.678,26770,18,17280,44.8,48.5,20.2,104.8,2.5,445037,22417,21,21,bbr1
0.685,26770,18,17280,45.5,50.0,20.2,104.8,3.2,445037,22419,21,21,bbr1
0.691,17657,12,15840,45.2,43.5,20.2,104.8,2.9,445037,22421,21,21,bbr1
0.699,20505,14,15840,44.8,41.7,20.2,104.8,3.0,445037,22423,21,21,bbr1
0.707,23353,16,17280,44.2,40.0,20.2,104.8,3.5,445037,22426,21,21,bbr1
0.713,26201,18,17280,43.5,39.0,20.2,104.8,3.9,556296,22428,21,21,bbr1
0.721,26770,18,18720,43.0,39.6,20.2,104.8,3.9,556296,22431,21,21,bbr1
0.726,26770,18,18720,42.7,40.1,20.2,104.8,3.7,556296,22433,21,21,bbr1
0.740,19081,13,17280,42.0,39.3,20.2,104.8,3.3,333777,22436,21,21,bbr1
0.747,21929,15,17280,41.8,41.0,20.2,104.8,2.7,333777,22438,21,21,bbr1
0.758,24777,17,18720,41.8,41.5,20.2,104.8,2.1,333777,22441,21,21,bbr1
0.762,26770,18,17280,41.9,42.6,20.2,104.8,1.8,333777,22442,21,21,bbr1
0.769,26770,18,17280,42.3,44.9,20.2,104.8,2.1,445037,22444,21,21,bbr1
0.776,26770,18,17280,42.8,46.1,20.2,104.8,2.5,445037,22446,21,21,bbr1
0.782,26770,18,17280,43.4,47.7,20.2,104.8,3.1,445037,22448,21,21,bbr1
0.795,19081,13,14400,43.4,44.0,20.2,104.8,2.1,556296,22450,21,21,bbr1
0.803,21929,15,17280,43.2,42.1,20.2,104.8,1.9,556296,22454,21,21,bbr1
0.811,24777,17,18720,42.9,40.8,20.2,104.8,2.0,556296,22457,21,21,bbr1
0.816,26770,18,18720,42.7,41.0,20.2,104.8,2.0,556296,22459,21,21,bbr1
0.823,26770,18,20160,42.5,41.5,20.2,104.8,1.8,556296,22462,21,21,bbr1
0.833,26770,18,21600,42.5,42.0,20.2,104.8,1.5,333777,22465,21,21,bbr1
0.843,19081,13,17280,41.5,40.8,20.2,104.8,2.3,333777,22466,21,21,bbr1
0.850,21929,15,17280,41.5,41.0,20.2,104.8,1.8,445037,22468,21,21,bbr1
0.856,24777,17,18720,41.6,42.4,20.2,104.8,1.6,445037,22471,21,21,bbr1
0.863,26770,18,18720,41.9,44.2,20.2,104.8,1.9,445037,22473,21,21,bbr1
0.869,26770,18,18720,42.4,45.9,20.2,104.8,2.4,445037,22475,21,21,bbr1
0.876,26770,18,18720,43.0,47.1,20.2,104.8,3.0,445037,22477,21,21,bbr1
0.885,26770,18,20160,43.5,47.3,20.2,104.8,3.3,445037,22480,21,21,bbr1
0.896,19081,13,17280,43.0,41.1,20.2,104.8,2.8,556296,22482,21,21,bbr1
0.903,21929,15,17280,43.2,44.8,20.2,104.8,2.6,556296,22484,21,21,bbr1
0.911,24777,17,20160,43.4,45.2,20.2,104.8,2.4,556296,22488,21,21,bbr1
0.921,26770,18,21600,43.6,45.2,20.2,104.8,2.3,333777,22491,21,21,bbr1
0.924,26770,18,20160,43.9,45.9,20.2,104.8,2.3,333777,22492,21,21,bbr1
0.933,26770,18,20160,44.2,46.5,20.2,104.8,2.3,333777,22494,21,21,bbr1
0.937,26770,18,18720,44.6,46.8,20.2,104.8,2.4,333777,22495,21,21,bbr1
0.951,19081,13,15840,44.2,42.9,20.2,104.8,2.0,333777,22497,21,21,bbr1
0.959,21929,15,17280,44.6,47.8,20.2,104.8,2.4,445037,22500,21,21,bbr1
0.965,24777,17,17280,45.2,49.4,20.2,104.8,3.0,445037,22502,21,21,bbr1
0.006,24176,16,0,44.0,40.7,20.2,104.8,3.3,434185,22505,22,22,bbr1
0.007,26328,18,0,42.0,27.9,20.2,104.8,6.5,542731,22507,22,22,bbr1
0.034,26328,18,12960,39.7,23.8,20.2,104.8,9.5,542731,22520,22,22,bbr1
0.044,26328,18,15840,38.3,28.7,20.2,104.8,9.8,542731,22524,22,22,bbr1
0.052,26328,18,17280,37.3,30.3,20.2,104.8,9.4,542731,22527,22,22,bbr1
0.057,26328,18,17280,36.6,31.8,20.2,104.8,8.4,542731,22529,22,22,bbr1
0.065,26328,18,18720,36.2,33.4,20.2,104.8,7.1,542731,22532,22,22,bbr1
0.071,26328,18,18720,36.0,34.7,20.2,104.8,5.7,542731,22534,22,22,bbr1
0.079,26328,18,20160,36.0,36.0,20.2,104.8,4.3,542731,22537,22,22,bbr1
0.086,26328,18,20160,36.3,38.0,20.2,104.8,3.7,325638,22539,22,22,bbr1
0.095,26328,18,20160,36.7,39.6,20.2,104.8,3.6,325638,22541,22,22,bbr1
0.099,26328,18,18720,37.2,40.6,20.2,104.8,3.7,325638,22542,22,22,bbr1
0.108,26328,18,18720,37.8,42.5,20.2,104.8,4.1,325638,22544,22,22,bbr1
0.112,26328,18,17280,38.6,44.1,20.2,104.8,4.7,325638,22545,22,22,bbr1
0.120,26328,18,17280,39.5,45.7,20.2,104.8,5.3,434185,22547,22,22,bbr1
0.126,26328,18,17280,40.5,47.6,20.2,104.8,6.0,434185,22549,22,22,bbr1
0.133,26328,18,17280,41.5,48.8,20.2,104.8,6.5,434185,22551,22,22,bbr1
0.140,26328,18,17280,42.2,46.7,20.2,104.8,6.2,434185,22553,22,22,bbr1
0.152,18860,13,14400,42.5,42.8,20.2,104.8,4.0,434185,22555,22,22,bbr1
0.162,21708,15,17280,42.3,40.8,20.2,104.8,3.5,434185,22559,22,22,bbr1
0.169,24556,17,17280,42.2,41.0,20.2,104.8,2.9,433934,22561,22,22,bbr1
0.176,26318,18,17280,42.0,41.2,20.2,104.8,2.4,433934,22563,22,22,bbr1
0.182,26318,18,17280,42.0,41.4,20.2,104.8,2.0,433934,22565,22,22,bbr1
0.189,26318,18,17280,41.9,41.6,20.2,104.8,1.6,542417,22567,22,22,bbr1
0.194,26318,18,17280,41.0,34.3,20.2,104.8,3.1,542417,22569,22,22,bbr1
0.205,18855,13,14400,40.3,38.1,20.2,104.8,2.9,542417,22571,22,22,bbr1
0.213,21703,15,17280,40.0,38.1,20.2,104.8,2.7,542417,22575,22,22,bbr1
0.221,24551,17,18720,39.8,38.3,20.2,104.8,2.5,542417,22578,22,22,bbr1
0.227,26318,18,18720,39.7,38.8,20.2,104.8,2.1,542417,22580,22,22,bbr1
0.235,26318,18,20160,39.7,40.2,20.2,104.8,1.7,542417,22583,22,22,bbr1
0.242,26318,18,20160,40.0,41.7,20.2,104.8,1.8,325450,22585,22,22,bbr1
0.253,18855,13,17335,39.7,40.9,20.2,104.8,2.1,325450,22588,22,22,bbr1
0.260,21703,15,17335,40.0,42.0,20.2,104.8,2.2,431673,22590,22,22,bbr1
0.268,24551,17,18775,40.5,44.0,20.2,104.8,2.6,431673,22593,22,22,bbr1
0.275,26226,18,18775,41.0,45.1,20.2,104.8,3.1,431673,22595,22,22,bbr1
0.282,26226,18,18775,41.7,46.6,20.2,104.8,3.7,431673,22597,22,22,bbr1
0.289,26801,18,17335,42.2,45.8,20.2,104.8,3.8,445780,22599,22,22,bbr1
0.298,26801,18,18720,42.1,41.1,20.2,104.8,3.2,445780,22602,22,22,bbr1
0.310,20520,14,14455,41.9,39.8,20.2,104.8,2.5,445780,22605,22,22,bbr1
0.320,23368,16,17335,41.6,39.9,20.2,104.8,2.4,445780,22609,22,22,bbr1
0.326,26216,18,17335,41.7,41.7,20.2,104.8,1.8,445780,22611,22,22,bbr1
0.332,26801,18,17335,41.7,41.7,20.2,104.8,1.4,445780,22613,22,22,bbr1
0.339,26801,18,17335,41.7,42.3,20.2,104.8,1.2,445780,22615,22,22,bbr1
0.349,26801,18,18775,41.9,42.8,20.2,104.8,1.2,445780,22618,22,22,bbr1
0.355,26801,18,18720,41.3,37.7,20.2,104.8,1.9,445780,22620,22,22,bbr1
0.366,20520,14,14455,41.2,40.1,20.2,104.8,1.5,557225,22623,22,22,bbr1
0.377,23368,16,18775,41.2,40.8,20.2,104.8,1.2,557225,22628,22,22,bbr1
0.382,26216,18,18775,41.2,41.1,20.2,104.8,0.9,557225,22630,22,22,bbr1
0.390,26801,18,20215,41.2,41.5,20.2,104.8,0.8,557225,22633,22,22,bbr1
0.397,26801,18,20215,41.3,41.6,20.2,104.8,0.7,334335,22635,22,22,bbr1
0.405,26801,18,20215,41.4,42.3,20.2,104.8,0.8,334335,22637,22,22,bbr1
0.410,26801,18,18720,40.9,37.7,20.2,104.8,1.5,334335,22638,22,22,bbr1
0.423,19096,13,15895,41.5,44.2,20.2,104.8,1.9,334335,22641,22,22,bbr1
0.431,21944,15,17335,42.1,46.1,20.2,104.8,2.6,445780,22644,22,22,bbr1
0.437,24792,17,17335,42.8,47.8,20.2,104.8,3.4,445780,22646,22,22,bbr1
0.447,26801,18,18775,43.6,49.5,20.2,104.8,4.2,445780,22649,22,22,bbr1
0.453,26801,18,18775,44.2,47.8,20.2,104.8,4.2,445780,22651,22,22,bbr1
0.460,26801,18,18775,44.4,46.0,20.2,104.8,3.6,445780,22653,22,22,bbr1
0.466,17711,12,17280,43.8,39.4,20.2,104.8,3.9,445780,22655,22,22,bbr1
0.474,20559,14,15840,43.5,41.8,20.2,104.8,3.4,445780,22656,22,22,bbr1
0.485,23407,16,18720,43.4,42.6,20.2,104.8,2.8,445780,22660,22,22,bbr1
0.491,26255,18,18720,43.4,43.0,20.2,104.8,2.2,445780,22662,22,22,bbr1
0.497,26801,18,18720,43.4,43.4,20.2,104.8,1.7,445780,22664,22,22,bbr1
0.504,26801,18,18720,43.4,43.4,20.2,104.8,1.3,445780,22666,22,22,bbr1
0.510,26801,18,18720,43.5,44.2,20.2,104.8,1.1,557225,22668,22,22,bbr1
0.526,20520,14,15840,43.0,43.1,20.2,104.8,1.5,557225,22671,22,22,bbr1
0.534,23368,16,18720,43.0,43.2,20.2,104.8,1.2,557225,22675,22,22,bbr1
0.542,26216,18,20160,43.1,43.9,20.2,104.8,1.1,557225,22678,22,22,bbr1
0.548,26801,18,18720,43.0,42.4,20.2,104.8,1.0,334335,22680,22,22,bbr1
0.557,26801,18,18720,43.1,43.4,20.2,104.8,0.8,334335,22682,22,22,bbr1
0.566,26801,18,18720,43.3,44.9,20.2,104.8,1.1,334335,22684,22,22,bbr1
0.576,19096,13,14400,42.6,42.7,20.2,104.8,1.7,445780,22685,22,22,bbr1
0.585,21944,15,17280,42.8,44.4,20.2,104.8,1.7,445780,22689,22,22,bbr1
0.592,24792,17,17280,43.2,45.8,20.2,104.8,2.1,445780,22691,22,22,bbr1
0.598,26801,18,17280,43.5,45.8,20.2,104.8,2.2,445780,22693,22,22,bbr1
0.605,26801,18,17280,43.6,44.1,20.2,104.8,1.8,445780,22695,22,22,bbr1
0.611,26801,18,17280,43.4,42.2,20.2,104.8,1.7,445780,22697,22,22,bbr1
0.618,26801,18,17280,42.5,36.0,20.2,104.8,3.1,445780,22699,22,22,bbr1
0.630,19096,13,14400,41.9,39.9,20.2,104.8,2.8,557225,22701,22,22,bbr1
0.638,21944,15,17280,41.6,40.1,20.2,104.8,2.6,557225,22705,22,22,bbr1
0.646,24792,17,18720,41.5,40.7,20.2,104.8,2.2,557225,22708,22,22,bbr1
0.651,26801,18,18720,41.5,41.0,20.2,104.8,1.8,557225,22710,22,22,bbr1
0.659,26801,18,20160,41.5,41.5,20.2,104.8,1.3,557225,22713,22,22,bbr1
0.669,26801,18,21600,41.5,41.7,20.2,104.8,1.1,334335,22716,22,22,bbr1
0.672,26801,18,20160,40.8,36.0,20.2,104.8,2.2,334335,22717,22,22,bbr1
0.685,19096,13,17280,41.0,42.7,20.2,104.8,1.7,334335,22719,22,22,bbr1
0.692,21944,15,17280,41.4,44.1,20.2,104.8,2.0,445780,22721,22,22,bbr1
0.702,24792,17,20160,42.0,46.1,20.2,104.8,2.7,445780,22725,22,22,bbr1
0.709,26805,18,18720,42.6,46.8,20.2,104.8,3.2,445882,22727,22,22,bbr1
0.715,26805,18,18720,43.3,48.0,20.2,104.8,3.8,445882,22729,22,22,bbr1
0.721,26805,18,18720,43.7,46.8,20.2,104.8,3.7,445882,22731,22,22,bbr1
0.735,20522,14,15840,43.1,41.0,20.2,104.8,3.2,445882,22734,22,22,bbr1
0.745,23370,16,18720,43.3,44.8,20.2,104.8,2.8,445882,22738,22,22,bbr1
0.754,26218,18,20160,43.5,45.0,20.2,104.8,2.5,445882,22741,22,22,bbr1
0.761,26805,18,20160,43.7,45.0,20.2,104.8,2.3,445882,22743,22,22,bbr1
0.768,26805,18,20160,44.0,46.0,20.2,104.8,2.3,445882,22745,22,22,bbr1
0.773,26805,18,20160,44.3,46.4,20.2,104.8,2.3,557352,22747,22,22,bbr1
0.781,26805,18,20160,44.1,42.7,20.2,104.8,2.1,557352,22750,22,22,bbr1
0.803,21946,15,17280,45.0,47.3,20.2,104.8,2.3,334411,22754,22,22,bbr1
0.811,24794,17,18720,45.3,47.6,20.2,104.8,2.4,445882,22757,22,22,bbr1
0.817,26805,18,18720,45.6,47.5,20.2,104.8,2.3,445882,22759,22,22,bbr1
0.824,26805,18,18720,46.0,49.1,20.2,104.8,2.6,445882,22761,22,22,bbr1
0.834,26805,18,20160,46.6,50.7,20.2,104.8,3.1,445882,22764,22,22,bbr1
0.840,26805,18,20160,47.3,52.0,20.2,104.8,3.7,445882,22766,22,22,bbr1
0.846,26805,18,20160,48.1,54.1,20.2,104.8,4.5,445882,22768,22,22,bbr1
0.853,26805,18,20160,47.5,42.7,20.2,104.8,4.7,445882,22770,22,22,bbr1
0.865,20522,14,15840,46.8,44.2,20.2,104.8,3.8,557352,22772,22,22,bbr1
0.873,23370,16,18720,46.5,44.6,20.2,104.8,3.4,557352,22776,22,22,bbr1
0.880,26218,18,20160,46.3,44.9,20.2,104.8,3.0,557352,22779,22,22,bbr1
0.890,26805,18,21600,46.1,44.8,20.2,104.8,2.6,334411,22782,22,22,bbr1
0.894,26805,18,20160,46.1,45.8,20.2,104.8,2.0,334411,22783,22,22,bbr1
0.903,26805,18,20160,46.0,45.8,20.2,104.8,1.6,334411,22785,22,22,bbr1
0.918,20522,14,15840,45.5,46.1,20.2,104.8,2.0,334411,22787,22,22,bbr1
0.926,23370,16,17280,45.8,47.5,20.2,104.8,2.0,445882,22790,22,22,bbr1
0.932,26218,18,17280,46.0,47.8,20.2,104.8,2.0,445882,22792,22,22,bbr1
0.942,26805,18,18720,46.6,51.1,20.2,104.8,2.8,445882,22795,22,22,bbr1
0.948,26805,18,18720,47.0,49.4,20.2,104.8,2.8,445882,22797,22,22,bbr1
0.954,26805,18,18720,47.1,47.5,20.2,104.8,2.2,445882,22799,22,22,bbr1
0.960,17674,12,17280,46.1,39.3,20.2,104.8,3.6,557352,22801,22,22,bbr1
0.969,20522,14,15840,45.5,41.6,20.2,104.8,3.8,557352,22802,22,22,bbr1
0.977,23370,16,18720,45.1,42.4,20.2,104.8,3.6,557352,22806,22,22,bbr1
0.985,26218,18,20160,44.8,42.8,20.2,104.8,3.3,557352,22809,22,22,bbr1
0.992,26805,18,20160,44.6,43.2,20.2,104.8,2.9,334411,22811,22,22,bbr1
1.001,26805,18,20160,44.5,43.4,20.2,104.8,2.5,334411,22813,22,22,bbr1
1.004,26805,18,18720,44.4,44.0,20.2,104.8,2.0,334411,22814,22,22,bbr1
1.013,17674,12,17280,43.8,39.4,20.2,104.8,2.8,334411,22816,22,22,bbr1
1.021,20522,14,15840,43.8,44.3,20.2,104.8,2.2,445882,22817,22,22,bbr1
1.030,24794,17,17280,44.0,44.7,20.2,104.8,1.8,445882,22821,22,22,bbr1
1.037,26805,18,17280,44.3,46.9,20.2,104.8,2.1,445882,22823,22,22,bbr1
1.043,26805,18,17280,44.4,45.0,20.2,104.8,1.8,445882,22825,22,22,bbr1
1.050,26805,18,17280,44.3,43.3,20.2,104.8,1.6,445882,22827,22,22,bbr1
1.063,19098,13,15840,43.1,37.7,20.2,104.8,3.0,445882,22830,22,22,bbr1
1.070,21946,15,17280,42.9,41.5,20.2,104.8,2.7,445882,22833,22,22,bbr1
0.007,3072,2,0,42.5,43.4,20.2,104.8,1.3,557352,22837,23,23,bbr1
0.006,5760,4,0,40.7,28.2,20.2,104.8,4.5,557352,22839,23,23,bbr1
0.032,11456,7,1440,38.7,24.6,20.2,104.8,7.4,557352,22844,23,23,bbr1
0.043,12880,8,7200,37.4,28.2,20.2,104.8,8.2,557352,22849,23,23,bbr1
0.058,17152,11,8640,35.4,21.3,20.2,104.8,10.1,557352,22853,23,23,bbr1
0.066,20000,13,11520,33.8,23.0,20.2,104.8,10.7,557352,22857,23,23,bbr1
0.074,22848,15,12960,32.6,24.1,20.2,104.8,10.4,557352,22860,23,23,bbr1
0.079,25696,17,12960,31.8,26.5,20.2,104.8,9.4,557352,22862,23,23,bbr1
0.087,26805,18,14400,30.6,22.2,20.2,104.8,9.4,557352,22865,23,23,bbr1
0.094,26805,18,15840,30.1,26.7,20.2,104.8,8.1,557352,22868,23,23,bbr1
0.100,26805,18,15840,30.0,29.0,20.2,104.8,6.3,557352,22870,23,23,bbr1
0.107,26805,18,17280,30.1,30.4,20.2,104.8,4.9,557352,22873,23,23,bbr1
0.115,26805,18,18720,30.3,32.3,20.2,104.8,4.2,557352,22876,23,23,bbr1
0.120,26805,18,18720,30.8,33.9,20.2,104.8,4.1,557352,22878,23,23,bbr1
0.128,26715,18,20160,31.3,35.2,20.2,104.8,4.1,554602,22881,23,23,bbr1
0.138,26715,18,21600,32.1,37.3,20.2,104.8,4.6,332761,22884,23,23,bbr1
0.142,26715,18,20160,33.0,39.0,20.2,104.8,5.2,332761,22885,23,23,bbr1
0.151,26715,18,20160,33.9,40.7,20.2,104.8,5.8,332761,22887,23,23,bbr1
0.155,26715,18,18720,34.9,41.9,20.2,104.8,6.4,332761,22888,23,23,bbr1
0.164,26715,18,18720,36.1,44.1,20.2,104.8,7.1,332761,22890,23,23,bbr1
0.168,26715,18,17280,37.3,45.8,20.2,104.8,7.7,332761,22891,23,23,bbr1
0.176,26715,18,17280,38.5,47.4,20.2,104.8,8.3,443682,22893,23,23,bbr1
0.182,26715,18,17280,39.8,48.5,20.2,104.8,8.7,443682,22895,23,23,bbr1
0.188,26715,18,17280,40.9,49.0,20.2,104.8,8.9,443682,22897,23,23,bbr1
0.202,19053,13,15840,42.1,45.1,20.2,104.8,6.9,443682,22900,23,23,bbr1
0.209,21901,15,17280,42.2,43.1,20.2,104.8,5.4,443682,22903,23,23,bbr1
0.219,24749,17,18720,41.9,40.1,20.2,104.8,4.6,443682,22906,23,23,bbr1
0.222,26715,18,17280,41.7,40.1,20.2,104.8,3.9,443682,22907,23,23,bbr1
0.228,26715,18,17280,41.6,40.7,20.2,104.8,3.2,443682,22909,23,23,bbr1
0.234,26715,18,17280,41.5,41.1,20.2,104.8,2.5,443682,22911,23,23,bbr1
0.244,17629,12,17280,41.0,37.7,20.2,104.8,2.9,443682,22914,23,23,bbr1
0.252,20477,14,15840,41.0,41.0,20.2,104.8,2.1,443682,22915,23,23,bbr1
0.262,23325,16,18720,41.1,41.6,20.2,104.8,1.8,443682,22919,23,23,bbr1
0.267,26173,18,18720,41.2,41.7,20.2,104.8,1.5,554602,22921,23,23,bbr1
0.272,26715,18,18720,41.3,42.5,20.2,104.8,1.4,554602,22923,23,23,bbr1
0.280,26715,18,20160,41.5,42.8,20.2,104.8,1.4,554602,22926,23,23,bbr1
0.290,26715,18,21600,41.7,43.2,20.2,104.8,1.5,332761,22929,23,23,bbr1
0.303,20477,14,15840,41.6,43.2,20.2,104.8,1.7,332761,22930,23,23,bbr1
0.311,23325,16,17280,41.9,43.4,20.2,104.8,1.7,443682,22933,23,23,bbr1
0.317,26173,18,17280,42.3,45.1,20.2,104.8,2.1,443682,22935,23,23,bbr1
0.324,26715,18,17280,42.8,46.3,20.2,104.8,2.6,443682,22937,23,23,bbr1
0.333,26715,18,18720,43.5,48.4,20.2,104.8,3.3,443682,22940,23,23,bbr1
0.340,26715,18,18720,44.3,50.0,20.2,104.8,4.2,443682,22942,23,23,bbr1
0.346,17629,12,17280,43.7,39.3,20.2,104.8,4.4,443682,22944,23,23,bbr1
0.355,20477,14,15840,43.4,41.8,20.2,104.8,3.7,443682,22945,23,23,bbr1
0.364,23325,16,18720,43.3,42.4,20.2,104.8,3.1,443682,22949,23,23,bbr1
0.371,26173,18,18720,43.2,42.7,20.2,104.8,2.4,443682,22951,23,23,bbr1
0.377,26715,18,17280,43.0,41.3,20.2,104.8,2.3,443682,22953,23,23,bbr1
0.384,26715,18,17280,42.8,41.3,20.2,104.8,2.2,443682,22955,23,23,bbr1
0.397,19053,13,14400,42.0,37.5,20.2,104.8,2.6,443682,22957,23,23,bbr1
0.407,21901,15,17280,41.9,41.2,20.2,104.8,2.2,443682,22961,23,23,bbr1
0.413,24749,17,17280,41.9,41.6,20.2,104.8,1.7,554602,22963,23,23,bbr1
0.418,26258,18,17280,41.9,41.8,20.2,104.8,1.3,540565,22965,23,23,bbr1
0.426,26258,18,18720,41.9,42.4,20.2,104.8,1.1,540565,22968,23,23,bbr1
0.434,26258,18,20160,42.1,43.0,20.2,104.8,1.1,540565,22971,23,23,bbr1
0.445,18825,13,17280,41.1,39.7,20.2,104.8,2.2,324339,22973,23,23,bbr1
0.452,21673,15,17280,41.0,39.8,20.2,104.8,1.9,324339,22975,23,23,bbr1
0.459,24521,17,17280,41.0,41.5,20.2,104.8,1.6,324339,22977,23,23,bbr1
0.467,26258,18,17280,41.3,43.1,20.2,104.8,1.7,432452,22979,23,23,bbr1
0.474,26258,18,17280,41.7,44.6,20.2,104.8,2.1,432452,22981,23,23,bbr1
0.480,26258,18,17280,42.3,46.1,20.2,104.8,2.7,432452,22983,23,23,bbr1
0.487,26258,18,17280,42.9,47.7,20.2,104.8,3.4,432452,22985,23,23,bbr1
0.500,18825,13,14400,43.3,43.6,20.2,104.8,2.5,432452,22987,23,23,bbr1
0.510,21673,15,17280,43.1,41.6,20.2,104.8,2.3,432452,22991,23,23,bbr1
0.517,24521,17,17280,42.9,41.8,20.2,104.8,2.1,432452,22993,23,23,bbr1
0.523,26258,18,17280,42.8,41.9,20.2,104.8,1.8,432452,22995,23,23,bbr1
0.530,26258,18,17280,42.7,42.0,20.2,104.8,1.5,432452,22997,23,23,bbr1
0.536,26258,18,17280,42.4,40.3,20.2,104.8,1.8,432452,22999,23,23,bbr1
0.540,26258,18,15840,41.4,34.4,20.2,104.8,3.3,432452,23000,23,23,bbr1
0.546,15977,11,15840,40.9,37.8,20.2,104.8,3.4,432452,23002,23,23,bbr1
0.553,18825,13,14400,40.6,38.0,20.2,104.8,3.3,432452,23003,23,23,bbr1
0.563,21673,15,17280,40.3,38.2,20.2,104.8,3.1,432452,23007,23,23,bbr1
0.569,24521,17,17280,40.0,38.2,20.2,104.8,2.8,540565,23009,23,23,bbr1
0.575,26258,18,17280,39.8,38.2,20.2,104.8,2.6,540565,23011,23,23,bbr1
0.582,26258,18,18720,39.7,38.7,20.2,104.8,2.2,540565,23014,23,23,bbr1
0.594,18825,13,15840,39.5,39.1,20.2,104.8,1.5,540565,23016,23,23,bbr1
0.601,21673,15,17280,39.5,39.4,20.2,104.8,1.1,540565,23019,23,23,bbr1
0.610,24521,17,20160,39.5,39.7,20.2,104.8,0.9,540565,23023,23,23,bbr1
0.617,26258,18,20160,39.7,40.7,20.2,104.8,1.0,324339,23025,23,23,bbr1
0.622,26258,18,18720,40.1,42.8,20.2,104.8,1.5,324339,23026,23,23,bbr1
0.631,26258,18,18720,40.6,44.4,20.2,104.8,2.2,324339,23028,23,23,bbr1
0.640,17401,12,17280,40.5,39.8,20.2,104.8,1.9,334884,23030,23,23,bbr1
0.646,20249,14,15840,40.8,43.0,20.2,104.8,2.0,446513,23031,23,23,bbr1
0.652,23097,16,17280,41.4,45.4,20.2,104.8,2.7,446513,23034,23,23,bbr1
0.662,25945,18,18720,42.1,47.2,20.2,104.8,3.5,446513,23037,23,23,bbr1
0.668,26830,18,18720,42.7,47.0,20.2,104.8,3.8,446513,23039,23,23,bbr1
0.675,26830,18,18720,43.0,44.9,20.2,104.8,3.4,446513,23041,23,23,bbr1
0.682,26830,18,18720,43.0,42.7,20.2,104.8,2.6,446513,23043,23,23,bbr1
0.693,19111,13,15840,42.5,42.5,20.2,104.8,2.2,446513,23045,23,23,bbr1
0.700,21959,15,17280,42.3,41.0,20.2,104.8,2.0,446513,23048,23,23,bbr1
0.706,24807,17,17280,42.1,41.3,20.2,104.8,1.8,446513,23050,23,23,bbr1
0.713,26830,18,17280,42.1,42.1,20.2,104.8,1.3,446513,23052,23,23,bbr1
0.719,26830,18,17280,42.2,42.5,20.2,104.8,1.1,446513,23054,23,23,bbr1
0.729,26830,18,18720,42.2,42.6,20.2,104.8,0.9,446513,23057,23,23,bbr1
0.735,17687,12,17280,41.7,37.7,20.2,104.8,1.8,446513,23059,23,23,bbr1
0.743,20535,14,15840,41.6,41.5,20.2,104.8,1.4,446513,23060,23,23,bbr1
0.753,23383,16,18720,41.7,41.8,20.2,104.8,1.1,446513,23064,23,23,bbr1
0.759,26231,18,18720,41.7,42.3,20.2,104.8,1.0,558141,23066,23,23,bbr1
0.764,26830,18,18720,41.9,42.6,20.2,104.8,0.9,558141,23068,23,23,bbr1
0.772,26830,18,20160,42.0,42.9,20.2,104.8,1.0,558141,23071,23,23,bbr1
0.781,26830,18,21600,42.1,43.0,20.2,104.8,1.0,334884,23074,23,23,bbr1
0.794,20535,14,15840,41.9,42.8,20.2,104.8,1.4,334884,23075,23,23,bbr1
0.802,23383,16,17280,42.0,43.2,20.2,104.8,1.4,446513,23078,23,23,bbr1
0.808,26231,18,17280,42.4,45.0,20.2,104.8,1.8,446513,23080,23,23,bbr1
0.815,26830,18,17280,42.9,46.1,20.2,104.8,2.2,446513,23082,23,23,bbr1
0.825,26830,18,18720,43.5,48.3,20.2,104.8,3.0,446513,23085,23,23,bbr1
0.831,26830,18,18720,44.4,50.1,20.2,104.8,3.9,446513,23087,23,23,bbr1
0.837,17687,12,17280,43.7,39.2,20.2,104.8,4.2,446513,23089,23,23,bbr1
0.846,20535,14,15840,43.5,41.7,20.2,104.8,3.7,446513,23090,23,23,bbr1
0.856,24807,17,17280,43.1,40.7,20.2,104.8,3.4,446513,23094,23,23,bbr1
0.862,26830,18,17280,42.9,41.2,20.2,104.8,3.1,446513,23096,23,23,bbr1
0.868,26830,18,17280,42.7,41.5,20.2,104.8,2.6,446513,23098,23,23,bbr1
0.875,26830,18,17280,42.6,42.2,20.2,104.8,2.1,446513,23100,23,23,bbr1
0.889,19111,13,14455,42.0,37.8,20.2,104.8,2.4,446513,23103,23,23,bbr1
0.896,21959,15,15895,42.1,42.2,20.2,104.8,1.8,446513,23106,23,23,bbr1
0.905,24807,17,17335,42.0,41.8,20.2,104.8,1.5,446513,23109,23,23,bbr1
0.911,26830,18,17335,42.0,42.1,20.2,104.8,1.1,446513,23111,23,23,bbr1
0.918,26830,18,17335,42.1,42.5,20.2,104.8,0.9,446513,23113,23,23,bbr1
0.924,26830,18,17335,42.1,42.5,20.2,104.8,0.8,558141,23115,23,23,bbr1
0.932,26830,18,18720,41.3,35.6,20.2,104.8,2.2,558141,23118,23,23,bbr1
0.944,19111,13,15895,40.8,39.5,20.2,104.8,2.1,558141,23121,23,23,bbr1
0.950,21959,15,17335,40.7,39.8,20.2,104.8,1.8,558141,23124,23,23,bbr1
0.959,24807,17,20215,40.7,40.5,20.2,104.8,1.4,558141,23128,23,23,bbr1
0.966,26830,18,20215,40.7,40.9,20.2,104.8,1.1,334884,23130,23,23,bbr1
0.975,26830,18,20215,41.0,42.7,20.2,104.8,1.3,334884,23132,23,23,bbr1
0.979,26830,18,18775,41.4,44.1,20.2,104.8,1.8,334884,23133,23,23,bbr1
0.988,17726,12,17280,41.1,39.3,20.2,104.8,1.8,335906,23135,23,23,bbr1
0.995,20574,14,15840,41.3,42.9,20.2,104.8,1.8,447875,23136,23,23,bbr1
1.005,23422,16,18720,41.8,45.5,20.2,104.8,2.4,447875,23140,23,23,bbr1
1.011,26270,18,18720,42.6,47.6,20.2,104.8,3.3,447875,23142,23,23,bbr1
1.017,26886,18,18720,43.2,47.4,20.2,104.8,3.7,447875,23144,23,23,bbr1
1.024,26886,18,18720,43.5,45.6,20.2,104.8,3.4,447875,23146,23,23,bbr1
1.030,26886,18,18720,43.6,44.2,20.2,104.8,2.7,447875,23148,23,23,bbr1
1.037,26886,18,17280,42.8,37.6,20.2,104.8,3.5,447875,23150,23,23,bbr1
1.051,19139,13,15840,42.5,41.6,20.2,104.8,2.5,447875,23153,23,23,bbr1
1.058,21987,15,17280,42.5,42.4,20.2,104.8,1.9,447875,23156,23,23,bbr1
1.067,24835,17,18720,42.5,42.7,20.2,104.8,1.5,447875,23159,23,23,bbr1
1.074,26886,18,18720,42.5,42.6,20.2,104.8,1.1,447875,23161,23,23,bbr1
0.006,3072,2,0,42.9,44.6,20.2,104.8,1.5,559843,23164,24,24,bbr1
0.008,5760,4,0,41.2,29.1,20.2,104.8,4.5,559843,23166,24,24,bbr1
0.035,11456,7,1440,39.2,25.3,20.2,104.8,7.4,559843,23171,24,24,bbr1
0.045,12880,8,7200,38.0,29.5,20.2,104.8,8.0,559843,23176,24,24,bbr1
0.061,17152,11,8640,35.9,20.8,20.2,104.8,10.3,559843,23180,24,24,bbr1
0.068,20000,13,11520,34.3,23.1,20.2,104.8,10.9,559843,23184,24,24,bbr1
0.076,22848,15,12960,33.1,24.7,20.2,104.8,10.6,559843,23187,24,24,bbr1
0.081,25696,17,12960,32.2,26.3,20.2,104.8,9.6,559843,23189,24,24,bbr1
0.089,26886,18,14400,31.0,22.2,20.2,104.8,9.7,559843,23192,24,24,bbr1
0.097,26886,18,15840,30.5,27.2,20.2,104.8,8.2,559843,23195,24,24,bbr1
0.102,26886,18,15840,30.3,28.9,20.2,104.8,6.6,559843,23197,24,24,bbr1
0.109,26886,18,17280,30.3,30.4,20.2,104.8,5.0,559843,23200,24,24,bbr1
0.117,26886,18,18720,30.6,32.4,20.2,104.8,4.2,559843,23203,24,24,bbr1
0.122,26886,18,18720,31.0,33.9,20.2,104.8,4.0,559843,23205,24,24,bbr1
0.130,26886,18,20160,31.6,35.7,20.2,104.8,4.2,559843,23208,24,24,bbr1
0.140,26886,18,21600,32.3,37.2,20.2,104.8,4.6,335906,23211,24,24,bbr1
0.144,26886,18,20160,33.2,39.2,20.2,104.8,5.2,335906,23212,24,24,bbr1
0.153,26886,18,20160,34.1,40.9,20.2,104.8,5.8,335906,23214,24,24,bbr1
0.157,26886,18,18720,35.2,42.6,20.2,104.8,6.5,335906,23215,24,24,bbr1
0.165,26886,18,18720,36.3,44.1,20.2,104.8,7.1,335906,23217,24,24,bbr1
0.174,26886,18,18720,37.5,45.9,20.2,104.8,7.7,335906,23219,24,24,bbr1
0.178,26886,18,17280,38.8,47.6,20.2,104.8,8.3,335906,23220,24,24,bbr1
0.186,26886,18,17280,40.1,49.4,20.2,104.8,8.9,447875,23222,24,24,bbr1
0.192,26886,18,17280,41.2,48.8,20.2,104.8,8.9,447875,23224,24,24,bbr1
0.204,19139,13,14400,42.5,45.9,20.2,104.8,7.2,447875,23226,24,24,bbr1
0.214,21987,15,17280,42.7,44.1,20.2,104.8,5.8,447875,23230,24,24,bbr1
0.220,26259,18,15840,42.3,39.9,20.2,104.8,5.0,447875,23232,24,24,bbr1
0.227,26886,18,15840,41.9,38.9,20.2,104.8,4.6,447875,23234,24,24,bbr1
0.233,26886,18,15840,41.6,39.6,20.2,104.8,4.1,447875,23236,24,24,bbr1
0.243,17715,12,15840,40.7,34.1,20.2,104.8,4.9,447875,23239,24,24,bbr1
0.251,20563,14,15840,40.3,38.0,20.2,104.8,4.4,447875,23241,24,24,bbr1
0.259,23411,16,17280,40.1,38.3,20.2,104.8,3.8,447875,23244,24,24,bbr1
0.265,26886,18,15840,39.7,37.2,20.2,104.8,3.6,447875,23246,24,24,bbr1
0.275,26886,18,17280,39.5,37.7,20.2,104.8,3.2,447875,23249,24,24,bbr1
0.282,26886,18,18720,39.3,38.0,20.2,104.8,2.8,447875,23251,24,24,bbr1
0.285,19139,13,14400,38.6,34.2,20.2,104.8,3.3,447875,23252,24,24,bbr1
0.298,21987,15,17280,38.3,35.7,20.2,104.8,3.2,447875,23256,24,24,bbr1
0.304,24835,17,17280,38.2,37.5,20.2,104.8,2.6,447875,23258,24,24,bbr1
0.310,26886,18,17280,38.2,38.3,20.2,104.8,2.0,559843,23260,24,24,bbr1
0.316,26886,18,17280,38.2,38.7,20.2,104.8,1.6,559843,23262,24,24,bbr1
0.323,26886,18,18720,38.3,38.9,20.2,104.8,1.4,559843,23265,24,24,bbr1
0.336,19139,13,17280,38.7,39.9,20.2,104.8,1.4,335906,23268,24,24,bbr1
0.343,21987,15,17280,38.8,40.0,20.2,104.8,1.4,335906,23270,24,24,bbr1
0.354,24835,17,18720,39.1,40.8,20.2,104.8,1.5,335906,23273,24,24,bbr1
0.358,26886,18,17280,39.5,42.5,20.2,104.8,2.0,335906,23274,24,24,bbr1
0.366,26886,18,17280,40.1,44.4,20.2,104.8,2.7,447875,23276,24,24,bbr1
0.372,26886,18,15840,40.7,45.0,20.2,104.8,3.3,447875,23278,24,24,bbr1
0.386,19139,13,14455,40.8,41.0,20.2,104.8,2.0,447875,23282,24,24,bbr1
0.396,21987,15,17335,40.9,41.6,20.2,104.8,1.7,447875,23286,24,24,bbr1
0.402,24835,17,17335,40.8,39.8,20.2,104.8,1.5,445111,23288,24,24,bbr1
0.408,26773,18,17335,40.5,38.8,20.2,104.8,1.6,445111,23290,24,24,bbr1
0.415,26773,18,17335,40.4,39.6,20.2,104.8,1.5,445111,23292,24,24,bbr1
0.421,26773,18,17335,40.3,40.0,20.2,104.8,1.2,445111,23294,24,24,bbr1
0.428,26773,18,17280,39.8,36.0,20.2,104.8,2.0,445111,23296,24,24,bbr1
0.441,19082,13,14455,39.8,40.1,20.2,104.8,1.2,445111,23299,24,24,bbr1
0.451,21930,15,17335,40.0,40.7,20.2,104.8,1.1,445111,23303,24,24,bbr1
0.456,24778,17,17335,40.1,41.0,20.2,104.8,1.1,556388,23305,24,24,bbr1
0.462,26773,18,17335,40.2,41.0,20.2,104.8,1.1,556388,23307,24,24,bbr1
0.469,26773,18,18775,40.4,41.7,20.2,104.8,1.2,556388,23310,24,24,bbr1
0.475,26773,18,18775,40.6,42.0,20.2,104.8,1.3,556388,23312,24,24,bbr1
0.482,26773,18,20160,40.0,35.8,20.2,104.8,2.2,556388,23315,24,24,bbr1
0.496,19082,13,18775,40.0,40.0,20.2,104.8,1.3,333833,23319,24,24,bbr1
0.502,21930,15,17335,40.2,41.6,20.2,104.8,1.4,333833,23320,24,24,bbr1
0.510,24778,17,18775,40.5,42.8,20.2,104.8,1.7,445111,23323,24,24,bbr1
0.516,26773,18,18775,41.1,45.0,20.2,104.8,2.4,445111,23325,24,24,bbr1
0.523,26773,18,18775,41.7,46.3,20.2,104.8,3.1,445111,23327,24,24,bbr1
0.533,26773,18,20215,42.5,47.8,20.2,104.8,3.9,445111,23330,24,24,bbr1
0.539,26773,18,20215,43.4,49.5,20.2,104.8,4.6,445111,23332,24,24,bbr1
0.546,26773,18,20160,43.7,46.3,20.2,104.8,4.2,445111,23334,24,24,bbr1
0.557,19082,13,17280,43.8,45.2,20.2,104.8,2.9,445111,23336,24,24,bbr1
0.564,21930,15,17280,44.1,45.9,20.2,104.8,2.7,445111,23338,24,24,bbr1
0.571,24778,17,18720,44.1,44.5,20.2,104.8,2.1,445111,23341,24,24,bbr1
0.577,26773,18,18720,44.2,45.0,20.2,104.8,1.8,445111,23343,24,24,bbr1
0.584,26773,18,18720,44.4,45.2,20.2,104.8,1.6,445111,23345,24,24,bbr1
0.590,26773,18,18720,44.5,45.7,20.2,104.8,1.5,445111,23347,24,24,bbr1
0.599,26773,18,20160,44.7,46.2,20.2,104.8,1.6,556388,23350,24,24,bbr1
0.610,19082,13,17280,43.9,41.0,20.2,104.8,2.4,333833,23352,24,24,bbr1
0.617,21930,15,17280,44.0,44.9,20.2,104.8,2.0,333833,23354,24,24,bbr1
0.627,24778,17,18720,43.9,43.4,20.2,104.8,1.7,445111,23357,24,24,bbr1
0.633,26773,18,18720,43.8,43.3,20.2,104.8,1.4,445111,23359,24,24,bbr1
0.640,26773,18,18720,44.1,45.9,20.2,104.8,1.6,445111,23361,24,24,bbr1
0.646,26773,18,18720,44.4,46.4,20.2,104.8,1.7,445111,23363,24,24,bbr1
0.652,26773,18,18720,44.8,47.4,20.2,104.8,2.1,445111,23365,24,24,bbr1
0.659,26773,18,18720,44.5,42.7,20.2,104.8,2.0,445111,23367,24,24,bbr1
0.672,19082,13,15840,44.3,43.2,20.2,104.8,1.5,445111,23369,24,24,bbr1
0.679,21930,15,17280,44.3,44.1,20.2,104.8,1.2,445111,23372,24,24,bbr1
0.688,24778,17,18720,44.3,44.1,20.2,104.8,0.9,556388,23375,24,24,bbr1
0.693,26773,18,18720,44.3,44.9,20.2,104.8,0.9,556388,23377,24,24,bbr1
0.701,26773,18,20160,44.4,45.1,20.2,104.8,0.8,556388,23380,24,24,bbr1
0.710,26773,18,21600,44.5,45.1,20.2,104.8,0.8,333833,23383,24,24,bbr1
0.723,21930,15,14400,43.5,41.2,20.2,104.8,2.1,333833,23384,24,24,bbr1
0.732,24778,17,15840,43.4,42.4,20.2,104.8,1.8,445111,23387,24,24,bbr1
0.741,26773,18,17280,43.5,44.1,20.2,104.8,1.6,445111,23390,24,24,bbr1
0.747,26773,18,17280,43.8,45.8,20.2,104.8,1.8,445111,23392,24,24,bbr1
0.754,26773,18,17280,44.2,47.0,20.2,104.8,2.1,445111,23394,24,24,bbr1
0.760,26773,18,17280,44.5,47.2,20.2,104.8,2.4,445111,23396,24,24,bbr1
0.773,19082,13,14455,43.2,39.4,20.2,104.8,3.7,445111,23399,24,24,bbr1
0.783,21930,15,17335,42.9,40.8,20.2,104.8,3.4,445111,23403,24,24,bbr1
0.790,24778,17,17335,42.6,41.0,20.2,104.8,3.0,445111,23405,24,24,bbr1
0.796,26773,18,17335,42.5,41.5,20.2,104.8,2.5,445111,23407,24,24,bbr1
0.802,26773,18,17335,42.4,41.8,20.2,104.8,2.0,445111,23409,24,24,bbr1
0.808,26773,18,17335,42.3,41.7,20.2,104.8,1.7,556388,23411,24,24,bbr1
0.816,26773,18,18720,41.5,35.9,20.2,104.8,2.9,556388,23414,24,24,bbr1
0.828,19082,13,15895,41.1,40.0,20.2,104.8,2.3,556388,23417,24,24,bbr1
0.835,21930,15,17335,41.0,40.0,20.2,104.8,2.0,556388,23420,24,24,bbr1
0.844,24778,17,20215,41.0,40.8,20.2,104.8,1.5,556388,23424,24,24,bbr1
0.851,26153,18,20215,41.0,40.9,20.2,104.8,1.2,322414,23426,24,24,bbr1
0.859,26153,18,20215,41.2,42.9,20.2,104.8,1.4,322414,23428,24,24,bbr1
0.864,26153,18,18775,41.6,44.1,20.2,104.8,1.7,322414,23429,24,24,bbr1
0.873,17387,12,17280,41.3,39.6,20.2,104.8,1.8,332979,23431,24,24,bbr1
0.879,20235,14,15840,41.5,42.9,20.2,104.8,1.8,443973,23432,24,24,bbr1
0.889,23083,16,18720,42.1,46.1,20.2,104.8,2.5,443973,23436,24,24,bbr1
0.896,25931,18,18720,42.8,47.6,20.2,104.8,3.2,443973,23438,24,24,bbr1
0.902,26727,18,18720,43.4,47.6,20.2,104.8,3.6,443973,23440,24,24,bbr1
0.909,26727,18,17280,43.3,42.5,20.2,104.8,2.9,443973,23442,24,24,bbr1
0.922,19059,13,15840,42.3,37.5,20.2,104.8,3.5,443973,23445,24,24,bbr1
0.929,21907,15,17280,42.2,41.4,20.2,104.8,2.8,443973,23448,24,24,bbr1
0.938,24755,17,18720,42.1,41.5,20.2,104.8,2.3,554966,23451,24,24,bbr1
0.943,26727,18,18720,42.0,41.5,20.2,104.8,1.8,554966,23453,24,24,bbr1
0.951,26727,18,20160,42.1,42.4,20.2,104.8,1.5,554966,23456,24,24,bbr1
0.960,26727,18,21600,42.1,42.7,20.2,104.8,1.3,332979,23459,24,24,bbr1
0.973,20483,14,15840,41.9,42.8,20.2,104.8,1.5,332979,23460,24,24,bbr1
0.981,23331,16,17280,42.1,43.4,20.2,104.8,1.5,443973,23463,24,24,bbr1
0.987,26179,18,17280,42.5,45.1,20.2,104.8,1.8,443973,23465,24,24,bbr1
0.994,26727,18,17280,42.9,46.2,20.2,104.8,2.3,443973,23467,24,24,bbr1
1.004,26727,18,18720,43.6,48.5,20.2,104.8,3.1,443973,23470,24,24,bbr1
1.011,26727,18,18720,44.4,49.8,20.2,104.8,3.9,443973,23472,24,24,bbr1
1.017,17635,12,17280,43.8,39.3,20.2,104.8,4.2,443973,23474,24,24,bbr1
1.025,20483,14,15840,43.5,41.6,20.2,104.8,3.7,443973,23475,24,24,bbr1
1.035,23331,16,18720,43.4,42.4,20.2,104.8,3.0,443973,23479,24,24,bbr1
1.041,26179,18,18720,43.3,42.9,20.2,104.8,2.4,443973,23481,24,24,bbr1
1.047,26727,18,18720,43.3,43.1,20.2,104.8,1.8,443973,23483,24,24,bbr1
1.054,26727,18,18720,43.3,43.3,20.2,104.8,1.4,443973,23485,24,24,bbr1
1.060,26727,18,18720,43.3,43.4,20.2,104.8,1.1,443973,23487,24,24,bbr1
1.066,17635,12,17280,42.8,39.5,20.2,104.8,1.8,554966,23489,24,24,bbr1
1.074,20483,14,15840,42.6,41.4,20.2,104.8,1.7,554966,23490,24,24,bbr1
1.082,23331,16,18720,42.5,41.4,20.2,104.8,1.5,554966,23494,24,24,bbr1
1.090,26179,18,20160,42.5,42.2,20.2,104.8,1.2,554966,23497,24,24,bbr1
1.097,26727,18,20160,42.5,42.5,20.2,104.8,0.9,332979,23499,24,24,bbr1
1.106,26727,18,20160,42.5,42.7,20.2,104.8,0.8,332979,23501,24,24,bbr1
1.110,26727,18,18720,42.6,43.3,20.2,104.8,0.8,332979,23502,24,24,bbr1
1.119,17635,12,17280,42.2,39.4,20.2,104.8,1.4,332979,23504,24,24,bbr1
1.126,20483,14,15840,42.5,44.3,20.2,104.8,1.6,443973,23505,24,24,bbr1
1.136,23331,16,18720,42.9,46.1,20.2,104.8,2.1,443973,23509,24,24,bbr1
1.142,26179,18,18720,43.5,47.6,20.2,104.8,2.7,443973,23511,24,24,bbr1
1.148,26727,18,18720,44.0,47.6,20.2,104.8,3.1,443973,23513,24,24,bbr1
1.155,26727,18,18720,44.2,45.5,20.2,104.8,2.7,443973,23515,24,24,bbr1
1.162,26727,18,18720,44.2,44.0,20.2,104.8,2.0,443973,23517,24,24,bbr1
0.007,14197,9,0,43.3,40.4,20.2,104.8,1.6,443973,23519,24,24,bbr1
0.006,16775,11,0,41.5,29.4,20.2,104.8,4.7,554966,23521,24,24,bbr1
0.032,22471,15,11520,39.3,24.1,20.2,104.8,7.9,554966,23533,24,24,bbr1
0.043,25319,17,15840,38.1,29.1,20.2,104.8,8.5,554966,23538,24,24,bbr1
0.051,26727,18,17280,37.1,30.4,20.2,104.8,8.3,554966,23541,24,24,bbr1
0.058,26727,18,18720,36.5,32.5,20.2,104.8,7.3,554966,23544,24,24,bbr1
0.064,26727,18,18720,36.2,34.0,20.2,104.8,6.1,554966,23546,24,24,bbr1
0.071,26727,18,20160,36.2,35.8,20.2,104.8,4.7,554966,23549,24,24,bbr1
0.081,26727,18,21600,36.3,37.5,20.2,104.8,3.9,332979,23552,24,24,bbr1
0.085,26727,18,20160,36.7,39.1,20.2,104.8,3.6,332979,23553,24,24,bbr1
0.094,26727,18,20160,37.2,40.7,20.2,104.8,3.7,332979,23555,24,24,bbr1
0.098,26727,18,18720,37.8,42.4,20.2,104.8,4.1,332979,23556,24,24,bbr1
0.107,26727,18,18720,38.6,44.0,20.2,104.8,4.6,332979,23558,24,24,bbr1
0.111,26727,18,17280,39.5,45.8,20.2,104.8,5.3,332979,23559,24,24,bbr1
0.119,26727,18,17280,40.5,47.3,20.2,104.8,5.9,443973,23561,24,24,bbr1
0.125,26727,18,17280,41.5,48.6,20.2,104.8,6.4,443973,23563,24,24,bbr1
0.132,26727,18,17280,42.4,48.9,20.2,104.8,6.7,443973,23565,24,24,bbr1
0.142,26727,18,18720,43.0,47.2,20.2,104.8,6.2,443973,23568,24,24,bbr1
0.152,19059,13,15840,43.3,43.2,20.2,104.8,3.9,443973,23570,24,24,bbr1
0.159,21907,15,17280,43.1,41.8,20.2,104.8,3.3,443973,23573,24,24,bbr1
0.169,24755,17,18720,42.9,41.9,20.2,104.8,2.8,443973,23576,24,24,bbr1
0.175,26727,18,18720,42.9,42.5,20.2,104.8,2.2,443973,23578,24,24,bbr1
0.182,26727,18,18720,42.9,42.8,20.2,104.8,1.7,443973,23580,24,24,bbr1
0.188,26727,18,18720,42.9,43.0,20.2,104.8,1.3,443973,23582,24,24,bbr1
0.194,17635,12,17280,42.2,37.6,20.2,104.8,2.3,443973,23584,24,24,bbr1
0.202,20483,14,15840,42.1,41.0,20.2,104.8,2.0,443973,23585,24,24,bbr1
0.212,23331,16,18720,42.0,41.6,20.2,104.8,1.6,443973,23589,24,24,bbr1
0.218,26179,18,18720,42.0,41.6,20.2,104.8,1.3,554966,23591,24,24,bbr1
0.223,26284,18,18720,42.0,42.5,20.2,104.8,1.1,541375,23593,24,24,bbr1
0.231,26284,18,20160,42.1,42.7,20.2,104.8,1.0,541375,23596,24,24,bbr1
0.240,26284,18,21600,42.3,43.3,20.2,104.8,1.0,324825,23599,24,24,bbr1
0.253,20262,14,15840,42.1,43.2,20.2,104.8,1.4,324825,23600,24,24,bbr1
0.261,23110,16,17280,42.2,43.5,20.2,104.8,1.4,433100,23603,24,24,bbr1
0.268,25958,18,17280,42.6,45.1,20.2,104.8,1.8,433100,23605,24,24,bbr1
0.275,26284,18,17280,43.1,46.2,20.2,104.8,2.2,433100,23607,24,24,bbr1
0.281,26284,18,17280,43.7,48.2,20.2,104.8,3.0,433100,23609,24,24,bbr1
0.287,26284,18,17280,44.4,49.7,20.2,104.8,3.7,433100,23611,24,24,bbr1
0.294,17414,12,15840,43.8,39.3,20.2,104.8,4.1,433100,23613,24,24,bbr1
0.305,20262,14,15840,43.5,41.7,20.2,104.8,3.6,433100,23615,24,24,bbr1
0.314,23110,16,18720,43.3,41.6,20.2,104.8,3.2,433100,23619,24,24,bbr1
0.321,25958,18,18720,43.1,41.7,20.2,104.8,2.8,432705,23621,24,24,bbr1
0.328,26268,18,15840,42.4,37.4,20.2,104.8,3.5,432705,23623,24,24,bbr1
0.335,26268,18,15840,41.8,37.6,20.2,104.8,3.8,432705,23625,24,24,bbr1
0.344,18830,13,14400,40.8,34.1,20.2,104.8,4.8,432705,23628,24,24,bbr1
0.351,21678,15,14400,39.6,30.9,20.2,104.8,6.1,432705,23630,24,24,bbr1
0.358,24526,17,14400,38.5,31.0,20.2,104.8,6.7,432705,23632,24,24,bbr1
0.364,26268,18,12960,37.6,31.3,20.2,104.8,6.8,540881,23634,24,24,bbr1
0.372,26268,18,14400,36.4,28.0,20.2,104.8,7.5,540881,23637,24,24,bbr1
0.377,26268,18,14400,35.6,30.1,20.2,104.8,7.2,540881,23639,24,24,bbr1
0.385,17406,12,14400,34.7,28.5,20.2,104.8,7.2,540881,23642,24,24,bbr1
0.390,20254,14,14400,33.5,25.3,20.2,104.8,7.8,540881,23644,24,24,bbr1
0.399,23102,16,15840,32.8,28.0,20.2,104.8,7.2,547615,23647,24,24,bbr1
0.404,25950,18,15840,32.5,30.1,20.2,104.8,6.1,570795,23649,24,24,bbr1
0.411,28374,19,15840,32.1,29.0,20.2,104.8,5.4,605510,23652,24,24,bbr1
0.420,28374,19,18720,31.9,30.4,20.2,104.8,4.5,605510,23656,24,24,bbr1
0.428,28374,19,18720,31.9,32.2,20.2,104.8,3.5,605510,23659,24,24,bbr1
0.435,28374,19,20160,31.7,30.2,20.2,104.8,3.0,605510,23662,24,24,bbr1
0.439,28374,19,20160,32.0,34.1,20.2,104.8,2.9,605510,23664,24,24,bbr1
0.447,28374,19,21600,32.5,36.0,20.2,104.8,3.2,605510,23667,24,24,bbr1
0.455,28374,19,23040,33.0,36.4,20.2,104.8,3.3,363306,23670,24,24,bbr1
0.463,28374,19,23040,33.9,40.2,20.2,104.8,4.3,363306,23672,24,24,bbr1
0.467,28374,19,21600,34.9,42.3,20.2,104.8,5.3,363306,23673,24,24,bbr1
0.475,28374,19,21600,36.1,44.1,20.2,104.8,6.3,363306,23675,24,24,bbr1
0.483,28374,19,21600,37.4,46.5,20.2,104.8,7.3,363306,23677,24,24,bbr1
0.491,28374,19,20160,38.7,48.0,20.2,104.8,8.1,363306,23679,24,24,bbr1
0.503,19883,13,17280,41.6,52.1,20.2,104.8,9.7,363306,23681,24,24,bbr1
0.510,22731,15,17280,43.0,52.6,20.2,104.8,10.0,484408,23683,24,24,bbr1
0.519,25579,17,20160,44.1,51.5,20.2,104.8,9.6,484408,23687,24,24,bbr1
0.525,28374,19,20160,44.8,50.2,20.2,104.8,8.8,484408,23689,24,24,bbr1
0.530,28374,19,20160,45.4,49.3,20.2,104.8,7.7,484408,23691,24,24,bbr1
0.539,28374,19,21600,45.7,48.1,20.2,104.8,6.5,484408,23694,24,24,bbr1
0.545,28374,19,21600,45.9,47.0,20.2,104.8,5.2,484408,23696,24,24,bbr1
0.552,28374,19,21600,45.5,42.7,20.2,104.8,4.7,484408,23698,24,24,bbr1
0.561,28374,19,23040,45.2,42.9,20.2,104.8,4.2,484408,23701,24,24,bbr1
0.578,22731,15,17280,46.1,48.8,20.2,104.8,3.2,484408,23703,24,24,bbr1
0.587,25579,17,20160,46.5,49.6,20.2,104.8,3.3,605510,23707,24,24,bbr1
0.594,28374,19,21600,47.0,50.8,20.2,104.8,3.5,605510,23710,24,24,bbr1
0.601,28374,19,23040,47.6,51.6,20.2,104.8,3.8,605510,23713,24,24,bbr1
0.608,28374,19,23040,48.1,51.9,20.2,104.8,3.9,363306,23715,24,24,bbr1
0.615,28374,19,23040,48.8,53.3,20.2,104.8,4.2,363306,23717,24,24,bbr1
0.623,28374,19,23040,49.5,54.3,20.2,104.8,4.6,363306,23719,24,24,bbr1
0.633,19883,13,18720,48.4,46.8,20.2,104.8,4.3,363306,23720,24,24,bbr1
0.640,22731,15,17280,48.5,49.0,20.2,104.8,3.3,363306,23721,24,24,bbr1
0.647,27003,18,17280,48.7,50.6,20.2,104.8,3.0,484408,23724,24,24,bbr1
0.656,28374,19,18720,49.2,52.6,20.2,104.8,3.2,484408,23727,24,24,bbr1
0.665,28374,19,20160,49.6,52.5,20.2,104.8,3.3,484408,23730,24,24,bbr1
0.007,3072,2,0,47.5,47.4,20.2,104.8,2.2,484408,23733,25,25,bbr1
0.008,5760,4,0,45.3,29.8,20.2,104.8,6.0,484408,23735,25,25,bbr1
0.035,11456,7,1440,42.7,24.6,20.2,104.8,9.7,605510,23740,25,25,bbr1
0.047,12880,8,8640,40.9,28.3,20.2,104.8,10.9,605510,23746,25,25,bbr1
0.061,17152,11,8640,38.5,21.6,20.2,104.8,13.0,605510,23749,25,25,bbr1
0.068,20000,13,11520,36.6,23.7,20.2,104.8,13.4,605510,23753,25,25,bbr1
0.075,22848,15,12960,35.2,25.4,20.2,104.8,12.9,605510,23756,25,25,bbr1
0.082,25696,17,14400,34.3,27.9,20.2,104.8,11.5,605510,23759,25,25,bbr1
0.089,28374,19,15840,32.8,22.3,20.2,104.8,11.6,605510,23762,25,25,bbr1
0.096,28374,19,17280,32.2,27.8,20.2,104.8,10.0,605510,23765,25,25,bbr1
0.104,28374,19,18720,31.9,29.9,20.2,104.8,8.1,605510,23768,25,25,bbr1
0.111,28374,19,20160,31.8,31.3,20.2,104.8,6.2,605510,23771,25,25,bbr1
0.118,28374,19,21600,32.1,34.0,20.2,104.8,5.2,605510,23774,25,25,bbr1
0.124,28374,19,21600,32.6,36.1,20.2,104.8,4.9,363306,23776,25,25,bbr1
0.132,28374,19,21600,33.3,38.2,20.2,104.8,5.1,363306,23778,25,25,bbr1
0.136,28374,19,20160,34.2,40.3,20.2,104.8,5.6,363306,23779,25,25,bbr1
0.144,28374,19,20160,35.2,42.4,20.2,104.8,6.2,363306,23781,25,25,bbr1
0.152,28374,19,20160,36.3,44.2,20.2,104.8,6.9,363306,23783,25,25,bbr1
0.160,28374,19,20160,37.6,46.6,20.2,104.8,7.8,363306,23785,25,25,bbr1
0.164,28374,19,18720,39.0,48.6,20.2,104.8,8.6,363306,23786,25,25,bbr1
0.172,28374,19,18720,40.4,50.8,20.2,104.8,9.4,363306,23788,25,25,bbr1
0.180,28374,19,18720,41.8,51.0,20.2,104.8,9.7,363306,23790,25,25,bbr1
0.188,28374,19,18720,42.8,49.9,20.2,104.8,9.3,363306,23792,25,25,bbr1
0.192,28374,19,17280,43.5,48.9,20.2,104.8,8.5,363306,23793,25,25,bbr1
0.204,19883,13,14400,44.4,46.8,20.2,104.8,6.3,484408,23795,25,25,bbr1
0.213,22731,15,17280,44.6,45.9,20.2,104.8,5.1,484408,23799,25,25,bbr1
0.219,25579,17,17280,44.4,43.0,20.2,104.8,4.2,484408,23801,25,25,bbr1
0.225,28374,19,17280,44.0,41.5,20.2,104.8,3.9,484408,23803,25,25,bbr1
0.231,28090,19,17280,43.6,40.3,20.2,104.8,3.8,477438,23805,25,25,bbr1
0.237,28090,19,17280,43.1,39.9,20.2,104.8,3.8,477438,23807,25,25,bbr1
0.251,19741,13,15840,41.5,38.3,20.2,104.8,4.7,477438,23810,25,25,bbr1
0.257,22589,15,17280,41.2,39.2,20.2,104.8,4.1,477438,23813,25,25,bbr1
0.266,25437,17,18720,41.1,40.2,20.2,104.8,3.4,477438,23816,25,25,bbr1
0.272,28090,19,18720,41.1,40.9,20.2,104.8,2.6,477438,23818,25,25,bbr1
0.281,26745,18,20160,41.2,42.0,20.2,104.8,2.1,444425,23821,25,25,bbr1
0.287,26745,18,20160,41.4,42.8,20.2,104.8,2.0,555531,23823,25,25,bbr1
0.302,20492,14,15840,41.3,42.8,20.2,104.8,1.9,338493,23825,25,25,bbr1
0.311,23340,16,17280,41.7,44.2,20.2,104.8,2.2,338493,23828,25,25,bbr1
0.318,26188,18,17280,42.1,45.1,20.2,104.8,2.5,451325,23830,25,25,bbr1
0.325,27026,18,17280,42.5,45.4,20.2,104.8,2.7,451325,23832,25,25,bbr1
0.331,27026,18,17280,43.0,46.5,20.2,104.8,3.0,451325,23834,25,25,bbr1
0.337,27026,18,17280,43.6,47.5,20.2,104.8,3.4,451325,23836,25,25,bbr1
0.344,17785,12,15840,43.0,39.3,20.2,104.8,3.6,451325,23838,25,25,bbr1
0.353,20633,14,15840,42.7,40.6,20.2,104.8,3.3,451325,23840,25,25,bbr1
0.363,23481,16,18720,42.5,40.5,20.2,104.8,3.0,451325,23844,25,25,bbr1
0.369,26329,18,18720,42.2,40.7,20.2,104.8,2.7,564156,23846,25,25,bbr1
0.376,27026,18,18720,42.0,39.9,20.2,104.8,2.6,564156,23849,25,25,bbr1
0.385,27026,18,20160,41.8,40.3,20.2,104.8,2.4,564156,23852,25,25,bbr1
0.396,19209,13,18720,41.1,37.6,20.2,104.8,2.5,338493,23855,25,25,bbr1
0.403,22057,15,17280,41.2,41.4,20.2,104.8,2.0,338493,23856,25,25,bbr1
0.411,24905,17,18720,41.2,41.5,20.2,104.8,1.6,451325,23859,25,25,bbr1
0.417,27026,18,18720,41.5,43.6,20.2,104.8,1.8,451325,23861,25,25,bbr1
0.427,27026,18,20160,42.0,45.4,20.2,104.8,2.3,451325,23864,25,25,bbr1
0.433,27026,18,20160,42.6,46.6,20.2,104.8,2.9,451325,23866,25,25,bbr1
0.439,27026,18,20160,43.3,48.8,20.2,104.8,3.7,451325,23868,25,25,bbr1
0.446,27026,18,20160,43.7,46.2,20.2,104.8,3.5,451325,23870,25,25,bbr1
0.458,19209,13,17280,43.8,45.2,20.2,104.8,2.5,451325,23872,25,25,bbr1
0.465,22057,15,17280,44.1,46.0,20.2,104.8,2.5,451325,23874,25,25,bbr1
0.475,24905,17,20160,44.4,46.5,20.2,104.8,2.5,451325,23878,25,25,bbr1
0.481,27026,18,20160,44.7,46.8,20.2,104.8,2.4,451325,23880,25,25,bbr1
0.487,27026,18,20160,45.0,47.4,20.2,104.8,2.5,451325,23882,25,25,bbr1
0.493,27026,18,20160,45.4,47.8,20.2,104.8,2.6,564156,23884,25,25,bbr1
0.500,27026,18,21600,45.7,48.4,20.2,104.8,2.7,564156,23887,25,25,bbr1
0.508,27026,18,23040,45.4,42.6,20.2,104.8,2.8,564156,23890,25,25,bbr1
0.526,22057,15,17280,45.5,46.9,20.2,104.8,2.2,338493,23892,25,25,bbr1
0.534,26329,18,17280,45.5,45.8,20.2,104.8,1.8,451325,23895,25,25,bbr1
0.544,27026,18,18720,45.7,46.8,20.2,104.8,1.7,451325,23898,25,25,bbr1
0.550,27026,18,18720,46.1,49.0,20.2,104.8,2.1,451325,23900,25,25,bbr1
0.556,27026,18,18720,46.6,50.1,20.2,104.8,2.6,451325,23902,25,25,bbr1
0.563,27026,18,18720,47.3,52.5,20.2,104.8,3.4,451325,23904,25,25,bbr1
0.580,20633,14,15840,46.2,43.6,20.2,104.8,3.8,451325,23907,25,25,bbr1
0.589,23481,16,18720,45.9,44.2,20.2,104.8,3.4,451325,23911,25,25,bbr1
0.595,26329,18,18720,45.7,44.4,20.2,104.8,2.9,564156,23913,25,25,bbr1
0.600,27026,18,18720,45.7,45.2,20.2,104.8,2.3,564156,23915,25,25,bbr1
0.608,27026,18,20160,45.6,45.5,20.2,104.8,1.8,564156,23918,25,25,bbr1
0.617,27026,18,21600,45.7,46.4,20.2,104.8,1.5,338493,23921,25,25,bbr1
0.631,20633,14,15840,44.7,43.3,20.2,104.8,2.4,338493,23922,25,25,bbr1
0.639,23481,16,17280,44.6,43.5,20.2,104.8,2.1,451325,23925,25,25,bbr1
0.645,26329,18,17280,44.7,45.4,20.2,104.8,1.8,451325,23927,25,25,bbr1
0.655,27026,18,18720,45.0,47.2,20.2,104.8,2.0,451325,23930,25,25,bbr1
0.661,27026,18,18720,45.5,48.7,20.2,104.8,2.4,451325,23932,25,25,bbr1
0.667,27026,18,18720,46.1,50.5,20.2,104.8,3.1,451325,23934,25,25,bbr1
0.673,17785,12,17280,45.2,39.0,20.2,104.8,4.1,564156,23936,25,25,bbr1
0.682,20633,14,15840,44.7,41.3,20.2,104.8,4.0,564156,23937,25,25,bbr1
0.690,23481,16,18720,44.4,42.3,20.2,104.8,3.6,564156,23941,25,25,bbr1
0.698,27026,18,18720,44.0,41.1,20.2,104.8,3.6,564156,23944,25,25,bbr1
0.705,27026,18,20160,43.7,41.3,20.2,104.8,3.3,564156,23947,25,25,bbr1
0.714,27026,18,21600,43.5,42.2,20.2,104.8,2.9,338493,23950,25,25,bbr1
0.719,27026,18,20160,43.5,43.3,20.2,104.8,2.2,338493,23951,25,25,bbr1
0.732,19209,13,17280,42.7,42.5,20.2,104.8,2.4,338493,23953,25,25,bbr1
0.739,22057,15,17280,43.0,44.6,20.2,104.8,2.2,451325,23955,25,25,bbr1
0.746,24905,17,18720,43.4,46.1,20.2,104.8,2.5,451325,23958,25,25,bbr1
0.755,27026,18,20160,43.9,47.6,20.2,104.8,2.9,451325,23961,25,25,bbr1
0.761,27026,18,20160,44.6,49.9,20.2,104.8,3.7,451325,23963,25,25,bbr1
0.768,27026,18,20160,45.3,49.8,20.2,104.8,4.0,451325,23965,25,25,bbr1
0.774,26250,18,20160,45.7,48.2,20.2,104.8,3.8,432266,23967,25,25,bbr1
0.781,26250,18,20160,45.2,42.4,20.2,104.8,3.6,432266,23969,25,25,bbr1
0.794,18821,13,17280,45.0,45.9,20.2,104.8,2.8,540332,23971,25,25,bbr1
0.800,21669,15,17280,45.2,46.7,20.2,104.8,2.5,540332,23973,25,25,bbr1
0.808,24517,17,20160,45.5,47.2,20.2,104.8,2.4,540332,23977,25,25,bbr1
0.818,26250,18,21600,45.7,47.5,20.2,104.8,2.3,324199,23980,25,25,bbr1
0.823,26250,18,20160,46.0,47.6,20.2,104.8,2.2,324199,23981,25,25,bbr1
0.832,26250,18,20160,46.3,48.4,20.2,104.8,2.2,324199,23983,25,25,bbr1
0.836,26250,18,18720,46.5,48.6,20.2,104.8,2.3,324199,23984,25,25,bbr1
0.845,26250,18,18720,46.1,42.7,20.2,104.8,2.6,324199,23986,25,25,bbr1
0.855,20245,14,12960,45.8,46.7,20.2,104.8,2.4,432266,23987,25,25,bbr1
0.865,23093,16,15840,46.1,48.1,20.2,104.8,2.4,432266,23991,25,25,bbr1
0.872,25941,18,15840,46.0,45.7,20.2,104.8,1.9,432266,23993,25,25,bbr1
0.878,26159,18,15840,45.7,43.7,20.2,104.8,2.0,430038,23995,25,25,bbr1
0.885,26159,18,15840,45.3,42.1,20.2,104.8,2.4,430038,23997,25,25,bbr1
0.892,26159,18,14400,43.9,34.2,20.2,104.8,4.6,430038,23999,25,25,bbr1
0.902,15927,11,15840,43.1,37.8,20.2,104.8,4.9,430038,24002,25,25,bbr1
0.908,18775,13,14400,42.5,37.9,20.2,104.8,5.0,430038,24003,25,25,bbr1
0.915,21623,15,15840,41.9,38.1,20.2,104.8,4.9,430038,24006,25,25,bbr1
0.922,24471,16,15840,41.5,38.3,20.2,104.8,4.5,430038,24008,25,25,bbr1
0.932,26159,18,17280,41.1,38.6,20.2,104.8,4.1,430038,24011,25,25,bbr1
0.939,26159,18,17280,40.8,38.4,20.2,104.8,3.8,430038,24013,25,25,bbr1
0.949,18775,13,14455,40.3,38.9,20.2,104.8,3.0,537547,24016,25,25,bbr1
0.957,21623,15,17335,40.1,39.0,20.2,104.8,2.5,537547,24020,25,25,bbr1
0.965,24471,16,18775,40.0,39.2,20.2,104.8,2.1,537547,24023,25,25,bbr1
0.971,26159,18,18775,39.9,39.3,20.2,104.8,1.8,537547,24025,25,25,bbr1
0.006,24929,17,0,38.7,22.7,20.2,104.8,6.8,537547,24028,25,25,bbr1
0.006,26159,18,0,37.5,29.1,20.2,104.8,7.5,537547,24030,25,25,bbr1
0.036,26159,18,14400,35.9,25.3,20.2,104.8,8.7,537547,24044,25,25,bbr1
0.044,26159,18,15840,35.2,30.1,20.2,104.8,8.0,537547,24047,25,25,bbr1
0.052,26159,18,17280,34.8,31.6,20.2,104.8,6.9,537547,24050,25,25,bbr1
0.057,26159,18,17280,34.5,33.0,20.2,104.8,5.6,537547,24052,25,25,bbr1
0.065,26159,18,18720,34.5,33.9,20.2,104.8,4.3,537547,24055,25,25,bbr1
0.073,26159,18,20160,34.7,36.0,20.2,104.8,3.7,537547,24058,25,25,bbr1
0.081,26159,18,20160,35.0,37.0,20.2,104.8,3.3,322528,24060,25,25,bbr1
0.085,26159,18,18720,35.5,38.9,20.2,104.8,3.5,322528,24061,25,25,bbr1
0.094,26159,18,18720,36.1,40.4,20.2,104.8,3.9,322528,24063,25,25,bbr1
0.099,26159,18,17280,36.7,41.4,20.2,104.8,4.2,322528,24064,25,25,bbr1
0.106,26159,18,17280,37.5,42.9,20.2,104.8,4.7,430038,24066,25,25,bbr1
0.113,26159,18,17280,38.4,45.0,20.2,104.8,5.4,430038,24068,25,25,bbr1
0.120,26159,18,17280,39.4,46.4,20.2,104.8,6.0,430038,24070,25,25,bbr1
0.126,26159,18,17280,40.5,47.6,20.2,104.8,6.6,430038,24072,25,25,bbr1
0.133,26159,18,17280,41.1,45.9,20.2,104.8,6.3,430038,24074,25,25,bbr1
0.140,26159,18,17280,41.5,43.9,20.2,104.8,5.4,430038,24076,25,25,bbr1
0.153,18775,13,14400,41.5,41.8,20.2,104.8,3.1,430038,24078,25,25,bbr1
0.160,21623,15,15840,41.6,41.7,20.2,104.8,2.4,430038,24081,25,25,bbr1
0.170,24471,16,17280,41.6,41.7,20.2,104.8,1.8,430038,24084,25,25,bbr1
0.177,26159,18,17280,41.7,42.3,20.2,104.8,1.6,430038,24086,25,25,bbr1
0.184,26159,18,17280,41.8,42.5,20.2,104.8,1.4,430038,24088,25,25,bbr1
0.191,26159,18,15840,40.8,34.0,20.2,104.8,2.9,430038,24090,25,25,bbr1
0.194,26159,18,15840,40.0,34.1,20.2,104.8,3.9,430038,24091,25,25,bbr1
0.200,26159,18,15840,39.7,37.5,20.2,104.8,3.5,430038,24093,25,25,bbr1
0.206,15927,11,15840,39.4,37.7,20.2,104.8,3.1,537547,24095,25,25,bbr1
0.213,18775,13,14400,39.2,37.9,20.2,104.8,2.7,537547,24096,25,25,bbr1
0.221,21623,15,17280,39.1,38.0,20.2,104.8,2.3,537547,24100,25,25,bbr1
0.229,24471,16,18720,38.9,38.1,20.2,104.8,2.0,537547,24103,25,25,bbr1
0.235,26159,18,18720,38.8,38.2,20.2,104.8,1.7,537547,24105,25,25,bbr1
0.243,26159,18,20160,38.8,38.4,20.2,104.8,1.4,537547,24108,25,25,bbr1
0.254,18775,13,17335,38.5,36.0,20.2,104.8,1.6,322528,24111,25,25,bbr1
0.261,21623,15,17335,38.8,40.8,20.2,104.8,1.8,322528,24113,25,25,bbr1
0.271,24471,16,18775,39.2,41.8,20.2,104.8,2.1,430038,24116,25,25,bbr1
0.278,26092,18,18775,39.8,43.9,20.2,104.8,2.7,428399,24118,25,25,bbr1
0.285,26772,18,17335,40.3,44.4,20.2,104.8,3.2,445083,24120,25,25,bbr1
0.294,26772,18,17335,41.0,45.8,20.2,104.8,3.8,445083,24122,25,25,bbr1
0.297,26772,18,18775,41.7,46.2,20.2,104.8,4.1,445083,24124,25,25,bbr1
0.304,19121,13,15840,41.3,39.0,20.2,104.8,3.8,445244,24126,25,25,bbr1
0.314,21969,15,17280,40.9,38.1,20.2,104.8,3.6,445244,24129,25,25,bbr1
0.320,24817,17,17280,40.8,39.9,20.2,104.8,3.0,445244,24131,25,25,bbr1
0.326,26779,18,17280,40.7,40.2,20.2,104.8,2.4,445244,24133,25,25,bbr1
0.337,26779,18,18720,40.6,39.6,20.2,104.8,2.1,445244,24136,25,25,bbr1
0.343,26779,18,18720,40.6,40.9,20.2,104.8,1.6,445244,24138,25,25,bbr1
0.349,26779,18,18720,40.7,41.2,20.2,104.8,1.4,445244,24140,25,25,bbr1
0.356,17661,12,17280,40.6,39.5,20.2,104.8,1.3,445244,24142,25,25,bbr1
0.362,20509,14,15840,40.5,40.5,20.2,104.8,1.0,445244,24143,25,25,bbr1
0.372,23357,16,18720,40.6,40.7,20.2,104.8,0.8,445244,24147,25,25,bbr1
0.378,26205,18,18720,40.6,41.2,20.2,104.8,0.8,445244,24149,25,25,bbr1
0.385,26779,18,18720,40.7,41.1,20.2,104.8,0.7,445244,24151,25,25,bbr1
0.392,26779,18,18720,40.8,41.6,20.2,104.8,0.7,445244,24153,25,25,bbr1
0.398,26779,18,18720,41.0,42.3,20.2,104.8,0.9,556555,24155,25,25,bbr1
0.413,20509,14,15840,41.1,43.2,20.2,104.8,1.4,556555,24158,25,25,bbr1
0.421,23357,16,18720,41.4,43.4,20.2,104.8,1.7,556555,24162,25,25,bbr1
0.429,26205,18,20160,41.7,43.9,20.2,104.8,1.9,556555,24165,25,25,bbr1
0.436,26779,18,20160,42.0,44.2,20.2,104.8,2.0,333933,24167,25,25,bbr1
0.445,26779,18,20160,42.3,44.3,20.2,104.8,2.1,333933,24169,25,25,bbr1
0.449,26779,18,18720,42.8,46.3,20.2,104.8,2.6,333933,24170,25,25,bbr1
0.458,26779,18,17280,42.4,39.3,20.2,104.8,2.8,333933,24172,25,25,bbr1
0.472,19085,13,14400,43.0,46.1,20.2,104.8,2.8,445244,24174,25,25,bbr1
0.482,21933,15,17280,43.6,47.6,20.2,104.8,3.3,445244,24178,25,25,bbr1
0.488,24781,17,17280,44.1,47.6,20.2,104.8,3.4,445244,24180,25,25,bbr1
0.494,26779,18,17280,44.3,45.5,20.2,104.8,2.9,445244,24182,25,25,bbr1
0.501,26779,18,17280,44.3,44.1,20.2,104.8,2.2,445244,24184,25,25,bbr1
0.507,26779,18,17280,44.0,42.3,20.2,104.8,2.1,445244,24186,25,25,bbr1
0.514,26779,18,15840,43.2,37.7,20.2,104.8,3.2,445244,24188,25,25,bbr1
0.528,19085,13,14400,42.1,38.5,20.2,104.8,3.8,445244,24191,25,25,bbr1
0.538,21933,15,17280,41.7,38.9,20.2,104.8,3.6,445244,24195,25,25,bbr1
0.544,24781,17,17280,41.3,39.0,20.2,104.8,3.4,445244,24197,25,25,bbr1
0.551,26779,18,17280,41.1,39.6,20.2,104.8,3.0,445244,24199,25,25,bbr1
0.558,26779,18,17280,41.0,40.0,20.2,104.8,2.5,445244,24201,25,25,bbr1
0.563,26779,18,17280,40.9,40.3,20.2,104.8,2.1,556555,24203,25,25,bbr1
0.571,26779,18,18720,40.3,36.0,20.2,104.8,2.8,556555,24206,25,25,bbr1
0.583,19085,13,15840,40.2,39.9,20.2,104.8,1.7,556555,24208,25,25,bbr1
0.590,21933,15,17280,40.2,40.4,20.2,104.8,1.4,556555,24211,25,25,bbr1
0.599,24781,17,20160,40.3,40.8,20.2,104.8,1.2,556555,24215,25,25,bbr1
0.605,26779,18,20160,40.4,41.0,20.2,104.8,1.0,333933,24217,25,25,bbr1
0.614,26779,18,20160,40.7,42.8,20.2,104.8,1.4,333933,24219,25,25,bbr1
0.618,26779,18,18720,41.1,44.6,20.2,104.8,2.0,333933,24220,25,25,bbr1
0.627,17661,12,17280,40.9,39.4,20.2,104.8,1.9,333933,24222,25,25,bbr1
0.634,20509,14,15840,41.2,42.8,20.2,104.8,1.9,445244,24223,25,25,bbr1
0.644,23357,16,18720,41.8,46.1,20.2,104.8,2.7,445244,24227,25,25,bbr1
0.651,26205,18,18720,42.3,45.9,20.2,104.8,3.0,445244,24229,25,25,bbr1
0.657,26779,18,18720,43.0,47.6,20.2,104.8,3.6,445244,24231,25,25,bbr1
0.664,26779,18,18720,43.3,45.8,20.2,104.8,3.4,445244,24233,25,25,bbr1
0.670,26779,18,18720,43.4,44.1,20.2,104.8,2.8,445244,24235,25,25,bbr1
0.676,17661,12,17280,42.9,39.3,20.2,104.8,3.1,445244,24237,25,25,bbr1
0.684,20509,14,15840,42.7,41.4,20.2,104.8,2.7,445244,24238,25,25,bbr1
0.694,23357,16,18720,42.6,41.7,20.2,104.8,2.3,445244,24242,25,25,bbr1
0.700,26205,18,18720,42.5,41.7,20.2,104.8,1.9,445244,24244,25,25,bbr1
0.707,26779,18,18720,42.5,42.4,20.2,104.8,1.5,445244,24246,25,25,bbr1
0.713,26779,18,18720,42.5,42.6,20.2,104.8,1.1,445244,24248,25,25,bbr1
0.719,26779,18,18720,42.6,43.2,20.2,104.8,1.0,556555,24250,25,25,bbr1
0.735,20509,14,15840,42.3,43.3,20.2,104.8,1.5,556555,24253,25,25,bbr1
0.743,23357,16,18720,42.4,43.3,20.2,104.8,1.3,556555,24257,25,25,bbr1
0.751,26205,18,20160,42.6,43.9,20.2,104.8,1.4,554756,24260,25,25,bbr1
0.758,26720,18,20160,42.8,44.3,20.2,104.8,1.4,332853,24262,25,25,bbr1
0.767,26720,18,20160,43.0,44.4,20.2,104.8,1.5,332853,24264,25,25,bbr1
0.771,26720,18,18720,43.4,46.3,20.2,104.8,1.9,332853,24265,25,25,bbr1
0.779,17632,12,17280,42.9,39.3,20.2,104.8,2.5,332853,24267,25,25,bbr1
0.787,20480,14,15840,43.1,44.3,20.2,104.8,2.2,443805,24268,25,25,bbr1
0.797,23328,16,18720,43.4,45.5,20.2,104.8,2.2,443805,24272,25,25,bbr1
0.803,26176,18,18720,43.9,47.7,20.2,104.8,2.8,443805,24274,25,25,bbr1
0.809,26720,18,18720,44.4,47.7,20.2,104.8,3.0,443805,24276,25,25,bbr1
0.816,26720,18,18720,44.5,45.6,20.2,104.8,2.6,443805,24278,25,25,bbr1
0.822,26720,18,18720,44.5,44.0,20.2,104.8,2.1,443805,24280,25,25,bbr1
0.829,17632,12,17280,43.8,39.4,20.2,104.8,2.8,443805,24282,25,25,bbr1
0.838,21904,15,14400,43.5,41.4,20.2,104.8,2.7,443805,24283,25,25,bbr1
0.848,24752,17,17280,43.3,41.3,20.2,104.8,2.6,443805,24287,25,25,bbr1
0.855,26720,18,17280,43.1,42.3,20.2,104.8,2.2,443805,24289,25,25,bbr1
0.861,26720,18,17280,43.0,42.4,20.2,104.8,1.8,443805,24291,25,25,bbr1
0.867,26720,18,17280,43.0,43.0,20.2,104.8,1.4,443805,24293,25,25,bbr1
0.881,19056,13,15840,42.4,37.6,20.2,104.8,2.2,443805,24296,25,25,bbr1
0.888,21904,15,17280,42.3,41.4,20.2,104.8,1.9,443805,24299,25,25,bbr1
0.897,24752,17,18720,42.2,41.8,20.2,104.8,1.5,554756,24302,25,25,bbr1
0.006,3072,2,0,42.6,45.2,20.2,104.8,1.7,554756,24305,26,26,bbr1
0.006,5760,4,0,40.8,28.4,20.2,104.8,4.8,554756,24307,26,26,bbr1
0.033,11456,7,1440,38.8,24.6,20.2,104.8,7.7,554756,24312,26,26,bbr1
0.043,12880,8,7200,37.4,28.2,20.2,104.8,8.4,554756,24317,26,26,bbr1
0.059,17152,11,8640,35.4,21.2,20.2,104.8,10.3,554756,24321,26,26,bbr1
0.066,20000,13,11520,33.8,22.8,20.2,104.8,10.9,554756,24325,26,26,bbr1
0.074,22848,15,12960,32.6,24.1,20.2,104.8,10.6,554756,24328,26,26,bbr1
0.079,25696,17,12960,31.8,26.2,20.2,104.8,9.6,554756,24330,26,26,bbr1
0.087,26720,18,14400,30.6,22.3,20.2,104.8,9.6,554756,24333,26,26,bbr1
0.095,26720,18,15840,30.2,27.3,20.2,104.8,8.0,554756,24336,26,26,bbr1
0.100,26720,18,15840,30.1,29.0,20.2,104.8,6.3,554756,24338,26,26,bbr1
0.108,26720,18,17280,30.1,30.4,20.2,104.8,4.8,554756,24341,26,26,bbr1
0.116,26720,18,18720,30.4,32.2,20.2,104.8,4.2,554756,24344,26,26,bbr1
0.121,26720,18,18720,30.8,33.9,20.2,104.8,4.0,554756,24346,26,26,bbr1
0.129,26720,18,20160,31.3,35.0,20.2,104.8,4.1,554756,24349,26,26,bbr1
0.136,26720,18,20160,32.1,37.2,20.2,104.8,4.5,332853,24351,26,26,bbr1
0.144,26720,18,20160,32.9,38.9,20.2,104.8,5.1,332853,24353,26,26,bbr1
0.149,26720,18,18720,33.9,40.5,20.2,104.8,5.7,332853,24354,26,26,bbr1
0.157,26720,18,18720,34.8,41.6,20.2,104.8,6.2,332853,24356,26,26,bbr1
0.162,26720,18,17280,36.0,43.9,20.2,104.8,6.9,332853,24357,26,26,bbr1
0.169,26720,18,17280,37.1,45.2,20.2,104.8,7.5,443805,24359,26,26,bbr1
0.176,26720,18,17280,38.3,46.7,20.2,104.8,8.0,443805,24361,26,26,bbr1
0.182,26242,18,17280,39.6,48.8,20.2,104.8,8.6,432069,24363,26,26,bbr1
0.189,26242,18,17280,40.5,46.9,20.2,104.8,8.3,432069,24365,26,26,bbr1
0.203,18817,13,15840,41.4,43.2,20.2,104.8,6.0,432069,24368,26,26,bbr1
0.209,21665,15,17280,41.4,41.6,20.2,104.8,4.6,432069,24371,26,26,bbr1
0.219,24513,17,18720,41.2,40.2,20.2,104.8,3.7,432069,24374,26,26,bbr1
0.223,26242,18,17280,41.1,40.6,20.2,104.8,2.9,432069,24375,26,26,bbr1
0.229,26242,18,17280,41.1,40.8,20.2,104.8,2.3,432069,24377,26,26,bbr1
0.236,26242,18,17280,41.1,41.0,20.2,104.8,1.7,432069,24379,26,26,bbr1
0.242,17393,12,15840,40.6,37.5,20.2,104.8,2.2,540086,24381,26,26,bbr1
0.252,21665,15,14400,40.5,39.4,20.2,104.8,2.0,540086,24383,26,26,bbr1
0.261,24513,17,17280,40.4,39.6,20.2,104.8,1.7,540086,24387,26,26,bbr1
0.268,26242,18,17280,40.1,38.1,20.2,104.8,1.8,540086,24390,26,26,bbr1
0.276,26242,18,20160,39.6,36.5,20.2,104.8,2.3,540086,24393,26,26,bbr1
0.283,26242,18,20160,39.3,36.6,20.2,104.8,2.5,324051,24395,26,26,bbr1
0.288,26242,18,18720,39.1,37.7,20.2,104.8,2.2,324051,24396,26,26,bbr1
0.300,18817,13,15840,38.9,40.8,20.2,104.8,2.4,324051,24398,26,26,bbr1
0.309,21665,15,17280,39.4,42.3,20.2,104.8,2.6,432069,24401,26,26,bbr1
0.316,24513,17,17280,39.9,43.3,20.2,104.8,3.0,432069,24403,26,26,bbr1
0.323,26242,18,17280,40.5,44.8,20.2,104.8,3.5,432069,24405,26,26,bbr1
0.329,26242,18,17280,41.3,46.8,20.2,104.8,4.2,432069,24407,26,26,bbr1
0.335,26242,18,17280,41.7,44.8,20.2,104.8,4.0,432069,24409,26,26,bbr1
0.348,18817,13,14400,41.3,40.7,20.2,104.8,2.9,432069,24411,26,26,bbr1
0.358,21665,15,17280,41.3,40.9,20.2,104.8,2.3,432069,24415,26,26,bbr1
0.365,24513,17,17280,41.2,40.9,20.2,104.8,1.8,432069,24417,26,26,bbr1
0.371,26242,18,15840,41.0,39.6,20.2,104.8,1.7,432069,24419,26,26,bbr1
0.378,26242,18,15840,40.9,39.9,20.2,104.8,1.6,432069,24421,26,26,bbr1
0.385,26242,18,14400,40.0,34.1,20.2,104.8,2.9,432069,24423,26,26,bbr1
0.394,15969,11,15840,39.7,37.8,20.2,104.8,2.7,540086,24426,26,26,bbr1
0.401,18817,13,14400,39.5,37.8,20.2,104.8,2.5,540086,24427,26,26,bbr1
0.409,21665,15,17280,39.3,38.1,20.2,104.8,2.2,540086,24431,26,26,bbr1
0.417,24513,17,18720,39.2,38.2,20.2,104.8,2.0,540086,24434,26,26,bbr1
0.423,26242,18,18720,39.1,38.4,20.2,104.8,1.7,540086,24436,26,26,bbr1
0.430,26242,18,20160,39.0,38.6,20.2,104.8,1.4,540086,24439,26,26,bbr1
0.437,26242,18,20160,39.0,39.2,20.2,104.8,1.1,324051,24441,26,26,bbr1
0.449,18817,13,17280,39.0,40.9,20.2,104.8,1.7,324051,24443,26,26,bbr1
0.456,21665,15,17280,39.3,42.0,20.2,104.8,2.1,431169,24445,26,26,bbr1
0.464,24513,17,18720,39.9,44.0,20.2,104.8,2.7,431169,24448,26,26,bbr1
0.471,26205,18,18720,40.6,45.1,20.2,104.8,3.3,431169,24450,26,26,bbr1
0.477,26205,18,18720,41.3,46.7,20.2,104.8,4.0,431169,24452,26,26,bbr1
0.484,26205,18,18720,42.2,48.5,20.2,104.8,4.8,431169,24454,26,26,bbr1
0.491,26205,18,18720,42.7,46.5,20.2,104.8,4.7,431169,24456,26,26,bbr1
0.498,26205,18,18720,42.9,44.1,20.2,104.8,3.8,431169,24458,26,26,bbr1
0.510,18798,13,15840,43.3,44.8,20.2,104.8,2.8,431169,24460,26,26,bbr1
0.517,21646,15,17280,43.5,44.9,20.2,104.8,2.5,431169,24463,26,26,bbr1
0.527,24494,17,18720,43.7,45.1,20.2,104.8,2.3,538961,24466,26,26,bbr1
0.540,26205,18,18720,43.7,43.6,20.2,104.8,1.3,538961,24471,26,26,bbr1
0.548,26205,18,20160,43.7,43.8,20.2,104.8,1.0,538961,24474,26,26,bbr1
0.560,18798,13,17280,42.7,41.1,20.2,104.8,2.2,323376,24476,26,26,bbr1
0.567,21646,15,17280,42.5,41.4,20.2,104.8,1.9,323376,24478,26,26,bbr1
0.577,24494,17,18720,42.5,42.5,20.2,104.8,1.5,431169,24481,26,26,bbr1
0.584,26205,18,18720,42.7,44.4,20.2,104.8,1.6,431169,24483,26,26,bbr1
0.591,26205,18,18720,43.1,45.9,20.2,104.8,2.0,431169,24485,26,26,bbr1
0.597,26205,18,18720,43.7,47.4,20.2,104.8,2.5,431169,24487,26,26,bbr1
0.604,26205,18,18720,44.3,48.4,20.2,104.8,3.1,431169,24489,26,26,bbr1
0.610,26205,18,18720,44.1,42.8,20.2,104.8,2.7,431169,24491,26,26,bbr1
0.622,18798,13,15840,44.0,43.0,20.2,104.8,1.8,431169,24493,26,26,bbr1
0.629,21646,15,17280,43.8,43.1,20.2,104.8,1.6,431169,24496,26,26,bbr1
0.639,24494,17,18720,43.7,43.1,20.2,104.8,1.4,538961,24499,26,26,bbr1
0.643,26205,18,18720,43.7,43.7,20.2,104.8,1.0,538961,24501,26,26,bbr1
0.651,26205,18,20160,43.8,43.9,20.2,104.8,0.8,538961,24504,26,26,bbr1
0.659,26205,18,20160,43.8,44.0,20.2,104.8,0.7,323376,24506,26,26,bbr1
0.663,26205,18,17280,43.2,39.1,20.2,104.8,1.7,323376,24507,26,26,bbr1
0.680,18798,13,15840,43.1,42.9,20.2,104.8,1.1,431169,24510,26,26,bbr1
0.687,21646,15,17280,43.3,44.4,20.2,104.8,1.1,431169,24513,26,26,bbr1
0.697,25918,17,17280,43.5,44.8,20.2,104.8,1.2,439650,24516,26,26,bbr1
0.703,26551,18,17280,43.8,46.0,20.2,104.8,1.6,439650,24518,26,26,bbr1
0.710,26551,18,17280,43.8,44.4,20.2,104.8,1.3,439650,24520,26,26,bbr1
0.716,26551,18,17280,43.6,42.3,20.2,104.8,1.4,439650,24522,26,26,bbr1
0.730,18971,13,14400,42.6,40.9,20.2,104.8,2.4,439650,24524,26,26,bbr1
0.739,21819,15,17280,42.5,41.4,20.2,104.8,2.1,439650,24528,26,26,bbr1
0.745,24667,17,17280,42.4,41.6,20.2,104.8,1.8,549562,24530,26,26,bbr1
0.751,26551,18,17280,42.3,41.9,20.2,104.8,1.5,549562,24532,26,26,bbr1
0.758,26551,18,18720,42.3,42.0,20.2,104.8,1.2,549562,24535,26,26,bbr1
0.766,26551,18,20160,42.3,42.5,20.2,104.8,0.9,549562,24538,26,26,bbr1
0.777,18971,13,17280,41.3,39.7,20.2,104.8,2.2,329737,24540,26,26,bbr1
0.784,21819,15,17280,41.1,40.0,20.2,104.8,2.0,329737,24542,26,26,bbr1
0.794,24667,17,18720,41.1,41.0,20.2,104.8,1.5,439650,24545,26,26,bbr1
0.801,26551,18,18720,41.3,42.6,20.2,104.8,1.5,439650,24547,26,26,bbr1
0.807,26551,18,18720,41.7,44.8,20.2,104.8,2.0,439650,24549,26,26,bbr1
0.814,26551,18,18720,42.3,46.4,20.2,104.8,2.7,439650,24551,26,26,bbr1
0.821,26551,18,18720,42.9,47.4,20.2,104.8,3.3,439650,24553,26,26,bbr1
0.827,26551,18,18720,43.3,46.1,20.2,104.8,3.3,439650,24555,26,26,bbr1
0.839,18971,13,15840,43.4,43.2,20.2,104.8,2.0,439650,24557,26,26,bbr1
0.846,21819,15,17280,43.4,43.2,20.2,104.8,1.6,439650,24560,26,26,bbr1
0.855,26091,18,17280,43.3,42.5,20.2,104.8,1.4,549562,24563,26,26,bbr1
0.863,26551,18,18720,43.2,42.7,20.2,104.8,1.2,549562,24566,26,26,bbr1
0.871,26551,18,20160,43.1,42.7,20.2,104.8,1.0,549562,24569,26,26,bbr1
0.878,26551,18,20160,43.1,43.3,20.2,104.8,0.8,329737,24571,26,26,bbr1
0.889,18971,13,15840,42.3,40.9,20.2,104.8,1.9,329737,24572,26,26,bbr1
0.897,21819,15,17280,42.1,41.4,20.2,104.8,1.6,439650,24575,26,26,bbr1
0.904,24667,17,17280,42.3,43.1,20.2,104.8,1.5,439650,24577,26,26,bbr1
0.910,26551,18,17280,42.6,44.8,20.2,104.8,1.7,439650,24579,26,26,bbr1
0.916,26551,18,17280,43.0,46.1,20.2,104.8,2.2,439650,24581,26,26,bbr1
0.926,26551,18,18720,43.6,47.5,20.2,104.8,2.8,439650,24584,26,26,bbr1
0.933,17547,12,17280,43.1,39.4,20.2,104.8,3.1,439650,24586,26,26,bbr1
0.940,20395,14,15840,42.9,41.7,20.2,104.8,2.7,439650,24587,26,26,bbr1
0.950,23243,16,18720,42.7,41.6,20.2,104.8,2.3,439650,24591,26,26,bbr1
0.957,26091,18,18720,42.7,42.6,20.2,104.8,1.8,439650,24593,26,26,bbr1
0.963,26551,18,18720,42.7,42.8,20.2,104.8,1.4,439650,24595,26,26,bbr1
0.970,26551,18,18720,42.8,43.1,20.2,104.8,1.1,439650,24597,26,26,bbr1
0.976,26551,18,18720,42.8,43.3,20.2,104.8,1.0,549562,24599,26,26,bbr1
0.981,17547,12,17280,42.4,39.4,20.2,104.8,1.6,549562,24601,26,26,bbr1
0.992,20395,14,15840,42.5,43.1,20.2,104.8,1.4,549562,24602,26,26,bbr1
0.999,23243,16,18720,42.6,43.3,20.2,104.8,1.2,549562,24606,26,26,bbr1
1.007,26091,18,20160,42.7,43.5,20.2,104.8,1.1,549562,24609,26,26,bbr1
0.006,3072,2,0,42.9,45.8,20.2,104.8,2.0,439650,24611,27,27,bbr1
0.006,5760,4,0,41.1,28.7,20.2,104.8,5.1,439650,24613,27,27,bbr1
0.032,10032,6,2880,38.9,23.6,20.2,104.8,8.2,439650,24618,27,27,bbr1
0.042,12880,8,5760,37.4,27.0,20.2,104.8,9.1,439650,24622,27,27,bbr1
0.059,17152,11,8640,35.3,20.6,20.2,104.8,11.0,439650,24627,27,27,bbr1
0.065,20000,13,8640,33.5,20.8,20.2,104.8,11.9,439650,24629,27,27,bbr1
0.071,22848,15,8640,32.0,21.2,20.2,104.8,12.0,439650,24631,27,27,bbr1
0.080,25696,17,10080,30.7,21.4,20.2,104.8,11.6,549562,24634,27,27,bbr1
0.086,26551,18,10080,29.5,21.3,20.2,104.8,11.1,549562,24636,27,27,bbr1
0.094,26551,18,11520,28.6,22.0,20.2,104.8,10.2,549562,24639,27,27,bbr1
0.099,26551,18,11520,27.8,22.4,20.2,104.8,9.2,549562,24641,27,27,bbr1
0.107,26551,18,12960,27.2,23.3,20.2,104.8,8.0,549562,24644,27,27,bbr1
0.114,26315,18,14400,26.9,24.4,20.2,104.8,6.7,542326,24647,27,27,bbr1
0.120,26315,18,14400,26.8,26.0,20.2,104.8,5.2,542326,24649,27,27,bbr1
0.128,26315,18,15840,26.9,28.1,20.2,104.8,4.3,542326,24652,27,27,bbr1
0.133,26315,18,15840,27.2,29.3,20.2,104.8,3.8,542326,24654,27,27,bbr1
0.141,26315,18,17280,27.7,31.3,20.2,104.8,3.9,542326,24657,27,27,bbr1
0.149,26315,18,18720,28.4,32.9,20.2,104.8,4.2,542326,24660,27,27,bbr1
0.154,26315,18,18720,29.1,34.0,20.2,104.8,4.5,542326,24662,27,27,bbr1
0.162,26315,18,20160,29.9,36.1,20.2,104.8,5.1,542326,24665,27,27,bbr1
0.169,26315,18,20160,30.9,37.3,20.2,104.8,5.7,325395,24667,27,27,bbr1
0.178,26315,18,20160,31.9,39.1,20.2,104.8,6.3,325395,24669,27,27,bbr1
0.183,26315,18,18720,33.0,40.6,20.2,104.8,6.9,325395,24670,27,27,bbr1
0.192,26315,18,18720,34.1,41.7,20.2,104.8,7.4,325395,24672,27,27,bbr1
0.196,26315,18,17280,35.3,43.7,20.2,104.8,7.9,325395,24673,27,27,bbr1
0.204,26315,18,17280,36.5,45.0,20.2,104.8,8.4,433861,24675,27,27,bbr1
0.210,26315,18,17280,37.7,46.2,20.2,104.8,8.7,433861,24677,27,27,bbr1
0.217,26315,18,17280,38.8,46.0,20.2,104.8,8.6,433861,24679,27,27,bbr1
0.220,16005,11,15840,39.5,44.6,20.2,104.8,7.9,433861,24680,27,27,bbr1
0.227,18853,13,14400,39.8,42.3,20.2,104.8,6.6,433861,24681,27,27,bbr1
0.237,21701,15,17280,39.9,40.4,20.2,104.8,5.1,433861,24685,27,27,bbr1
0.244,24549,17,17280,39.7,38.6,20.2,104.8,4.2,433861,24687,27,27,bbr1
0.251,26315,18,17280,39.6,38.7,20.2,104.8,3.4,433861,24689,27,27,bbr1
0.257,26315,18,17280,39.5,39.0,20.2,104.8,2.7,433861,24691,27,27,bbr1
0.268,18853,13,14400,39.0,35.9,20.2,104.8,2.5,433861,24693,27,27,bbr1
0.278,21701,15,17280,39.1,39.5,20.2,104.8,2.0,433861,24697,27,27,bbr1
0.284,24549,17,17280,39.2,39.8,20.2,104.8,1.6,542326,24699,27,27,bbr1
0.290,26315,18,17280,39.3,39.9,20.2,104.8,1.4,542326,24701,27,27,bbr1
0.297,26315,18,18720,39.4,40.0,20.2,104.8,1.2,542326,24704,27,27,bbr1
0.303,26315,18,18720,39.5,40.4,20.2,104.8,1.2,542326,24706,27,27,bbr1
0.311,26315,18,20160,39.0,36.0,20.2,104.8,1.8,542326,24709,27,27,bbr1
0.323,18853,13,17280,39.2,39.8,20.2,104.8,1.3,325395,24711,27,27,bbr1
0.330,21701,15,17280,39.4,41.0,20.2,104.8,1.4,325395,24713,27,27,bbr1
0.340,24549,17,18720,39.9,42.9,20.2,104.8,1.9,433861,24716,27,27,bbr1
0.346,26748,18,17280,40.3,43.4,20.2,104.8,2.3,444481,24718,27,27,bbr1
0.353,26748,18,17280,40.8,44.4,20.2,104.8,2.8,444481,24720,27,27,bbr1
0.363,19070,13,15840,40.4,37.6,20.2,104.8,2.9,446040,24723,27,27,bbr1
0.366,20494,14,15840,40.1,37.6,20.2,104.8,2.9,465925,24724,27,27,bbr1
0.375,23342,16,17280,39.9,38.7,20.2,104.8,2.5,465925,24727,27,27,bbr1
0.381,26190,18,17280,39.6,37.9,20.2,104.8,2.4,465925,24729,27,27,bbr1
0.387,27621,19,17280,39.5,38.5,20.2,104.8,2.1,465925,24731,27,27,bbr1
0.393,27621,19,17280,39.3,38.2,20.2,104.8,1.9,465925,24733,27,27,bbr1
0.403,27621,19,18720,39.3,38.8,20.2,104.8,1.5,465925,24736,27,27,bbr1
0.409,27621,19,18720,39.3,39.3,20.2,104.8,1.2,465925,24738,27,27,bbr1
0.420,19506,13,15840,39.6,41.0,20.2,104.8,1.2,465925,24740,27,27,bbr1
0.427,22354,15,17280,39.8,41.6,20.2,104.8,1.4,465925,24743,27,27,bbr1
0.435,25202,17,18720,40.1,41.9,20.2,104.8,1.6,582406,24746,27,27,bbr1
0.443,27621,19,20160,40.4,42.9,20.2,104.8,1.9,582406,24749,27,27,bbr1
0.450,27621,19,21600,40.8,43.2,20.2,104.8,2.1,582406,24752,27,27,bbr1
0.457,27621,19,21600,41.2,44.2,20.2,104.8,2.4,349443,24754,27,27,bbr1
0.465,27621,19,20160,41.0,39.4,20.2,104.8,2.3,349443,24756,27,27,bbr1
0.479,19506,13,17280,41.5,44.0,20.2,104.8,2.3,349443,24758,27,27,bbr1
0.485,22354,15,17280,42.1,45.9,20.2,104.8,2.8,465925,24760,27,27,bbr1
0.495,25202,17,20160,42.8,47.6,20.2,104.8,3.5,465925,24764,27,27,bbr1
0.501,27621,19,20160,43.7,49.8,20.2,104.8,4.4,465925,24766,27,27,bbr1
0.507,27621,19,20160,44.7,51.7,20.2,104.8,5.3,465925,24768,27,27,bbr1
0.513,27621,19,20160,45.4,50.2,20.2,104.8,5.4,465925,24770,27,27,bbr1
0.523,27621,19,21600,45.8,48.9,20.2,104.8,4.9,465925,24773,27,27,bbr1
0.532,19506,13,18720,44.7,41.1,20.2,104.8,4.7,465925,24775,27,27,bbr1
0.539,22354,15,17280,44.7,45.0,20.2,104.8,3.6,465925,24776,27,27,bbr1
0.548,25202,17,20160,44.9,45.8,20.2,104.8,3.0,465925,24780,27,27,bbr1
0.554,27621,19,20160,45.0,46.1,20.2,104.8,2.5,465925,24782,27,27,bbr1
0.560,27621,19,20160,45.3,47.1,20.2,104.8,2.4,465925,24784,27,27,bbr1
0.566,27621,19,20160,45.6,47.7,20.2,104.8,2.4,465925,24786,27,27,bbr1
0.575,27621,19,21600,45.9,48.3,20.2,104.8,2.5,582406,24789,27,27,bbr1
0.586,19506,13,18720,45.5,42.7,20.2,104.8,2.2,349443,24791,27,27,bbr1
0.593,22354,15,17280,45.7,46.7,20.2,104.8,2.0,349443,24792,27,27,bbr1
0.600,25202,17,18720,45.9,47.4,20.2,104.8,1.9,465925,24795,27,27,bbr1
0.610,27621,19,20160,46.1,47.8,20.2,104.8,1.9,465925,24798,27,27,bbr1
0.616,27621,19,20160,46.5,48.7,20.2,104.8,2.1,465925,24800,27,27,bbr1
0.622,27621,19,20160,46.8,49.4,20.2,104.8,2.3,465925,24802,27,27,bbr1
0.629,27621,19,20160,47.3,50.8,20.2,104.8,2.7,465925,24804,27,27,bbr1
0.634,27621,19,20160,47.2,46.2,20.2,104.8,2.3,465925,24806,27,27,bbr1
0.648,19506,13,18775,46.5,45.8,20.2,104.8,2.3,465925,24810,27,27,bbr1
0.655,22354,15,17335,46.5,46.5,20.2,104.8,1.8,465925,24811,27,27,bbr1
0.006,3072,2,0,47.0,42.8,20.2,104.8,2.3,582406,24814,28,28,bbr1
0.006,5760,4,0,44.5,26.9,20.2,104.8,6.8,582406,24816,28,28,bbr1
0.033,11456,7,1440,42.0,24.6,20.2,104.8,10.0,582406,24821,28,28,bbr1
0.045,12880,8,8640,40.4,28.9,20.2,104.8,10.8,582406,24827,28,28,bbr1
0.059,17152,11,8640,38.0,21.6,20.2,104.8,12.8,582406,24830,28,28,bbr1
0.066,20000,13,11520,36.2,23.4,20.2,104.8,13.3,582406,24834,28,28,bbr1
0.074,22848,15,12960,34.8,25.4,20.2,104.8,12.6,582406,24837,28,28,bbr1
0.081,25696,17,14400,33.9,27.2,20.2,104.8,11.4,582406,24840,28,28,bbr1
0.086,27621,19,14400,32.4,22.1,20.2,104.8,11.5,582406,24842,28,28,bbr1
0.093,27621,19,15840,31.8,27.4,20.2,104.8,9.9,582406,24845,28,28,bbr1
0.101,27621,19,17280,31.5,29.3,20.2,104.8,8.0,582406,24848,28,28,bbr1
0.109,27621,19,18720,31.4,31.2,20.2,104.8,6.1,582406,24851,28,28,bbr1
0.116,27621,19,20160,31.7,33.2,20.2,104.8,5.0,582406,24854,28,28,bbr1
0.121,27621,19,20160,32.1,35.0,20.2,104.8,4.6,582406,24856,28,28,bbr1
0.128,27621,19,21600,32.7,36.9,20.2,104.8,4.7,582406,24859,28,28,bbr1
0.137,27621,19,23040,33.4,38.8,20.2,104.8,5.0,349443,24862,28,28,bbr1
0.141,27621,19,21600,34.4,40.8,20.2,104.8,5.6,349443,24863,28,28,bbr1
0.150,27621,19,21600,35.4,42.6,20.2,104.8,6.3,349443,24865,28,28,bbr1
0.158,27621,19,21600,36.5,44.2,20.2,104.8,6.9,349443,24867,28,28,bbr1
0.162,27621,19,20160,37.7,46.4,20.2,104.8,7.7,349443,24868,28,28,bbr1
0.170,27621,19,20160,39.1,48.4,20.2,104.8,8.4,349443,24870,28,28,bbr1
0.178,27621,19,20160,40.5,50.2,20.2,104.8,9.1,349443,24872,28,28,bbr1
0.183,26279,18,18720,41.9,52.1,20.2,104.8,9.7,324726,24873,28,28,bbr1
0.192,26279,18,18720,43.4,54.0,20.2,104.8,10.3,324726,24875,28,28,bbr1
0.203,18835,13,14400,45.4,51.0,20.2,104.8,9.1,432968,24876,28,28,bbr1
0.212,21683,15,17280,45.9,49.9,20.2,104.8,8.0,432968,24880,28,28,bbr1
0.219,24531,17,17280,46.0,46.8,20.2,104.8,6.2,432968,24882,28,28,bbr1
0.222,26279,18,15840,45.9,44.9,20.2,104.8,4.9,432968,24883,28,28,bbr1
0.229,26279,18,15840,45.6,43.3,20.2,104.8,4.3,432968,24885,28,28,bbr1
0.236,26279,18,15840,45.0,41.4,20.2,104.8,4.3,432968,24887,28,28,bbr1
0.243,26279,18,15840,43.7,34.2,20.2,104.8,6.0,432968,24889,28,28,bbr1
0.249,15987,11,15840,42.9,37.8,20.2,104.8,5.9,432968,24891,28,28,bbr1
0.255,18835,13,14400,42.3,37.9,20.2,104.8,5.7,432968,24892,28,28,bbr1
0.262,21683,15,15840,41.8,38.1,20.2,104.8,5.3,432968,24895,28,28,bbr1
0.272,24531,17,17280,41.3,38.3,20.2,104.8,4.9,424449,24898,28,28,bbr1
0.279,25932,18,17280,40.9,38.2,20.2,104.8,4.5,424449,24900,28,28,bbr1
0.286,25932,18,17280,40.6,38.2,20.2,104.8,4.0,424449,24902,28,28,bbr1
0.297,20086,13,12960,40.0,37.5,20.2,104.8,3.3,535201,24904,28,28,bbr1
0.305,22934,15,15840,39.7,37.7,20.2,104.8,3.1,535201,24908,28,28,bbr1
0.313,25782,17,17280,39.7,39.5,20.2,104.8,2.3,535201,24911,28,28,bbr1
0.321,26093,18,17280,39.1,34.5,20.2,104.8,3.1,535521,24914,28,28,bbr1
0.329,26118,18,18720,38.5,34.5,20.2,104.8,3.4,536271,24917,28,28,bbr1
0.334,26118,18,18720,37.7,32.5,20.2,104.8,4.1,536271,24919,28,28,bbr1
0.348,18755,13,17280,37.9,38.8,20.2,104.8,2.6,324278,24922,28,28,bbr1
0.355,21603,15,17280,38.1,39.9,20.2,104.8,2.4,324665,24924,28,28,bbr1
0.362,24451,16,17280,38.6,41.5,20.2,104.8,2.7,324665,24926,28,28,bbr1
0.370,26275,18,17280,39.1,42.7,20.2,104.8,3.0,432887,24928,28,28,bbr1
0.377,26275,18,17280,39.5,42.5,20.2,104.8,3.1,432887,24930,28,28,bbr1
0.383,26275,18,17280,40.1,44.4,20.2,104.8,3.6,432887,24932,28,28,bbr1
0.390,26275,18,17280,40.8,45.9,20.2,104.8,4.1,432887,24934,28,28,bbr1
0.396,26275,18,17280,41.2,43.9,20.2,104.8,3.8,432887,24936,28,28,bbr1
0.408,18833,13,14400,41.1,39.8,20.2,104.8,2.6,432887,24938,28,28,bbr1
0.418,21681,15,17280,41.0,40.0,20.2,104.8,2.3,432887,24942,28,28,bbr1
0.424,24529,17,17280,40.8,39.9,20.2,104.8,1.9,541108,24944,28,28,bbr1
0.429,26275,18,17280,40.8,40.4,20.2,104.8,1.6,541108,24946,28,28,bbr1
0.437,26275,18,18720,40.8,40.7,20.2,104.8,1.2,541108,24949,28,28,bbr1
0.442,26275,18,18720,40.8,40.8,20.2,104.8,0.9,541108,24951,28,28,bbr1
0.450,26275,18,20160,40.2,35.9,20.2,104.8,1.9,541108,24954,28,28,bbr1
0.463,18833,13,17280,40.0,39.8,20.2,104.8,1.3,324665,24956,28,28,bbr1
0.469,21681,15,17280,40.1,40.8,20.2,104.8,1.1,324665,24958,28,28,bbr1
0.479,24529,17,18720,40.5,42.8,20.2,104.8,1.5,432887,24961,28,28,bbr1
0.486,26275,18,18720,40.9,44.1,20.2,104.8,2.0,432887,24963,28,28,bbr1
0.493,26275,18,18720,41.5,45.8,20.2,104.8,2.8,432887,24965,28,28,bbr1
0.499,26275,18,18720,42.3,47.4,20.2,104.8,3.5,432887,24967,28,28,bbr1
0.506,26275,18,18720,43.0,48.5,20.2,104.8,4.2,432887,24969,28,28,bbr1
0.517,18833,13,15840,43.1,44.0,20.2,104.8,2.7,432887,24971,28,28,bbr1
0.524,21681,15,17280,43.1,43.1,20.2,104.8,2.0,432887,24974,28,28,bbr1
0.534,25953,18,17280,42.9,41.6,20.2,104.8,1.9,432887,24977,28,28,bbr1
0.541,26275,18,17280,42.8,41.7,20.2,104.8,1.7,432887,24979,28,28,bbr1
0.548,26275,18,17280,42.7,42.1,20.2,104.8,1.5,432887,24981,28,28,bbr1
0.553,26275,18,17280,42.6,42.3,20.2,104.8,1.2,541108,24983,28,28,bbr1
0.561,26275,18,18720,42.0,37.6,20.2,104.8,2.1,541108,24986,28,28,bbr1
0.574,18833,13,17280,41.8,41.3,20.2,104.8,1.5,324665,24989,28,28,bbr1
0.581,21681,15,17280,41.8,41.5,20.2,104.8,1.2,324665,24991,28,28,bbr1
0.589,24529,17,17280,41.8,41.9,20.2,104.8,0.9,324665,24993,28,28,bbr1
0.597,26275,18,17280,41.8,42.0,20.2,104.8,0.7,432887,24995,28,28,bbr1
0.603,26275,18,17280,42.0,43.1,20.2,104.8,0.9,432887,24997,28,28,bbr1
0.610,26275,18,17280,42.4,45.0,20.2,104.8,1.4,432887,24999,28,28,bbr1
0.617,26275,18,17280,42.9,46.6,20.2,104.8,2.1,432887,25001,28,28,bbr1
0.629,18833,13,14400,42.9,42.1,20.2,104.8,1.7,432887,25003,28,28,bbr1
0.635,21681,15,15840,42.6,40.4,20.2,104.8,1.9,432887,25006,28,28,bbr1
0.645,24529,17,17280,42.4,40.6,20.2,104.8,1.9,432887,25009,28,28,bbr1
0.652,26275,18,17280,42.2,40.8,20.2,104.8,1.8,432887,25011,28,28,bbr1
0.659,26275,18,17280,42.0,40.8,20.2,104.8,1.7,432887,25013,28,28,bbr1
0.665,26275,18,17280,41.9,41.0,20.2,104.8,1.5,432887,25015,28,28,bbr1
0.672,26275,18,17280,41.1,35.9,20.2,104.8,2.6,432887,25017,28,28,bbr1
0.683,18833,13,14400,40.8,39.6,20.2,104.8,2.1,541108,25019,28,28,bbr1
0.691,23105,16,15840,40.4,38.0,20.2,104.8,2.3,541108,25023,28,28,bbr1
0.700,25953,18,17280,40.1,38.0,20.2,104.8,2.3,541108,25026,28,28,bbr1
0.708,26275,18,18720,39.9,38.5,20.2,104.8,2.1,541108,25029,28,28,bbr1
0.713,26275,18,18720,39.8,38.8,20.2,104.8,1.9,541108,25031,28,28,bbr1
0.721,26275,18,18720,39.1,34.2,20.2,104.8,2.8,541108,25034,28,28,bbr1
0.736,18833,13,18720,39.2,40.1,20.2,104.8,1.8,324665,25038,28,28,bbr1
0.743,21681,15,17280,39.5,41.6,20.2,104.8,2.0,324665,25039,28,28,bbr1
0.752,24529,17,18720,40.0,43.2,20.2,104.8,2.4,324665,25042,28,28,bbr1
0.761,26275,18,18720,40.6,45.2,20.2,104.8,3.1,324665,25044,28,28,bbr1
0.766,26275,18,17280,41.3,46.2,20.2,104.8,3.7,324665,25045,28,28,bbr1
0.774,26275,18,17280,42.2,48.2,20.2,104.8,4.5,432887,25047,28,28,bbr1
0.780,26275,18,17280,43.1,49.8,20.2,104.8,5.3,432887,25049,28,28,bbr1
0.791,18833,13,14400,43.4,42.7,20.2,104.8,3.8,432887,25051,28,28,bbr1
0.801,21681,15,17280,43.5,44.0,20.2,104.8,3.0,432887,25055,28,28,bbr1
0.808,24529,17,17280,43.3,42.0,20.2,104.8,2.6,432887,25057,28,28,bbr1
0.815,26275,18,17280,42.9,40.0,20.2,104.8,2.8,432887,25059,28,28,bbr1
0.822,26275,18,17280,42.5,39.9,20.2,104.8,2.8,432887,25061,28,28,bbr1
0.828,26275,18,17280,42.3,40.5,20.2,104.8,2.6,432887,25063,28,28,bbr1
0.834,26227,18,17280,41.5,36.0,20.2,104.8,3.5,431702,25065,28,28,bbr1
0.846,18809,13,14400,41.1,39.8,20.2,104.8,2.7,539627,25067,28,28,bbr1
0.854,23081,16,15840,40.7,38.0,20.2,104.8,2.8,539627,25071,28,28,bbr1
0.006,20270,14,0,37.6,25.7,20.2,104.8,5.1,535090,25073,28,28,bbr1
0.019,22847,15,0,36.3,27.3,20.2,104.8,6.4,535090,25075,28,28,bbr1
0.047,26079,18,12960,34.9,25.0,20.2,104.8,7.6,535090,25088,28,28,bbr1
0.058,26079,18,15840,34.2,29.8,20.2,104.8,7.0,535090,25092,28,28,bbr1
0.065,26079,18,17280,33.9,31.2,20.2,104.8,6.0,535090,25095,28,28,bbr1
0.071,26079,18,17280,33.7,32.8,20.2,104.8,4.8,535090,25097,28,28,bbr1
0.079,26079,18,18720,33.8,34.2,20.2,104.8,3.7,535090,25100,28,28,bbr1
0.084,26079,18,18720,34.0,35.7,20.2,104.8,3.3,535090,25102,28,28,bbr1
0.092,26079,18,20160,34.4,37.1,20.2,104.8,3.2,535090,25105,28,28,bbr1
0.101,26079,18,20160,34.9,38.3,20.2,104.8,3.4,321054,25107,28,28,bbr1
0.109,26079,18,20160,35.5,39.6,20.2,104.8,3.7,321054,25109,28,28,bbr1
0.113,26079,18,18720,36.2,41.0,20.2,104.8,4.2,321054,25110,28,28,bbr1
0.122,26079,18,18720,37.0,42.6,20.2,104.8,4.7,321054,25112,28,28,bbr1
0.126,26079,18,17280,37.8,43.9,20.2,104.8,5.3,321054,25113,28,28,bbr1
0.134,26079,18,17280,38.9,46.0,20.2,104.8,6.0,428072,25115,28,28,bbr1
0.141,26079,18,17280,39.9,47.4,20.2,104.8,6.6,428072,25117,28,28,bbr1
0.148,26079,18,17280,41.0,48.4,20.2,104.8,7.1,428072,25119,28,28,bbr1
0.154,26079,18,17280,41.7,46.7,20.2,104.8,6.7,428072,25121,28,28,bbr1
0.166,18735,13,14400,42.0,42.2,20.2,104.8,4.3,428072,25123,28,28,bbr1
0.176,21583,14,17280,41.8,40.4,20.2,104.8,3.7,428072,25127,28,28,bbr1
0.183,24431,16,17280,41.7,40.4,20.2,104.8,3.1,428072,25129,28,28,bbr1
0.190,26079,18,17280,41.5,40.6,20.2,104.8,2.6,428072,25131,28,28,bbr1
0.197,26079,18,17280,41.4,40.8,20.2,104.8,2.1,428072,25133,28,28,bbr1
0.203,26079,18,15840,40.5,34.2,20.2,104.8,3.4,428072,25135,28,28,bbr1
0.207,26079,18,15840,39.7,34.2,20.2,104.8,4.1,428072,25136,28,28,bbr1
0.213,15887,11,15840,39.5,37.8,20.2,104.8,3.6,535090,25138,28,28,bbr1
0.219,18735,13,14400,39.3,37.9,20.2,104.8,3.1,535090,25139,28,28,bbr1
0.227,21583,14,17280,39.1,38.1,20.2,104.8,2.6,535090,25143,28,28,bbr1
0.235,24431,16,18720,39.0,38.1,20.2,104.8,2.2,535090,25146,28,28,bbr1
0.241,26079,18,18720,38.9,38.2,20.2,104.8,1.8,535090,25148,28,28,bbr1
0.249,26079,18,20160,38.8,38.3,20.2,104.8,1.5,535090,25151,28,28,bbr1
0.256,26079,18,20160,38.9,39.4,20.2,104.8,1.3,321054,25153,28,28,bbr1
0.268,18735,13,15895,38.9,41.0,20.2,104.8,1.9,321054,25155,28,28,bbr1
0.274,21583,14,15895,39.3,42.0,20.2,104.8,2.2,428072,25157,28,28,bbr1
0.281,24431,16,17335,39.8,43.8,20.2,104.8,2.8,428072,25160,28,28,bbr1
0.288,26079,18,17335,40.5,45.3,20.2,104.8,3.4,428072,25162,28,28,bbr1
0.295,26079,18,17335,41.3,46.7,20.2,104.8,4.1,428072,25164,28,28,bbr1
0.301,26079,18,17335,42.1,48.1,20.2,104.8,4.8,428072,25166,28,28,bbr1
0.311,26179,18,17280,41.7,38.9,20.2,104.8,4.4,430517,25169,28,28,bbr1
0.324,18785,13,14455,41.7,42.5,20.2,104.8,2.9,430517,25172,28,28,bbr1
0.334,24481,17,14455,41.2,37.5,20.2,104.8,3.2,430517,25176,28,28,bbr1
0.344,26179,18,15895,40.7,37.6,20.2,104.8,3.3,430517,25179,28,28,bbr1
0.350,26179,18,15895,40.6,39.5,20.2,104.8,2.8,430517,25181,28,28,bbr1
0.357,26179,18,15895,40.5,39.7,20.2,104.8,2.3,430517,25183,28,28,bbr1
0.363,15976,11,15840,39.7,34.3,20.2,104.8,3.3,538146,25185,28,28,bbr1
0.370,18824,13,14400,39.5,37.8,20.2,104.8,2.9,538146,25186,28,28,bbr1
0.378,23096,16,15840,39.1,36.4,20.2,104.8,3.0,538146,25190,28,28,bbr1
0.387,25944,18,17280,38.8,36.5,20.2,104.8,2.9,538146,25193,28,28,bbr1
0.394,26179,18,18720,38.5,36.7,20.2,104.8,2.6,538146,25196,28,28,bbr1
0.399,26179,18,18720,38.3,36.9,20.2,104.8,2.4,538146,25198,28,28,bbr1
0.416,20209,14,15840,38.0,39.1,20.2,104.8,2.4,539093,25201,28,28,bbr1
0.424,23057,16,18720,38.2,40.0,20.2,104.8,2.3,539093,25205,28,28,bbr1
0.432,25905,17,20160,38.6,41.7,20.2,104.8,2.6,539093,25208,28,28,bbr1
0.440,26210,18,20160,39.2,43.2,20.2,104.8,3.1,323456,25210,28,28,bbr1
0.444,26210,18,18720,40.0,45.1,20.2,104.8,3.8,323456,25211,28,28,bbr1
0.453,26210,18,18720,40.7,46.1,20.2,104.8,4.4,323456,25213,28,28,bbr1
0.457,17377,12,15840,40.5,39.2,20.2,104.8,3.7,338691,25214,28,28,bbr1
0.468,20225,14,15840,41.0,44.2,20.2,104.8,3.7,451589,25216,28,28,bbr1
0.477,23073,16,18720,41.5,45.2,20.2,104.8,3.8,451589,25220,28,28,bbr1
0.484,25921,18,18720,42.2,47.1,20.2,104.8,4.3,451589,25222,28,28,bbr1
0.490,27037,18,18720,42.8,46.6,20.2,104.8,4.3,451589,25224,28,28,bbr1
0.496,27037,18,18720,43.0,44.8,20.2,104.8,3.7,451589,25226,28,28,bbr1
0.509,19214,13,15840,42.5,39.3,20.2,104.8,3.1,451589,25228,28,28,bbr1
0.516,22062,15,17280,42.6,42.9,20.2,104.8,2.4,451589,25231,28,28,bbr1
0.524,24910,17,18720,42.6,43.1,20.2,104.8,1.9,564486,25234,28,28,bbr1
0.529,27037,18,18720,42.8,43.9,20.2,104.8,1.7,564486,25236,28,28,bbr1
0.537,27037,18,20160,43.0,44.1,20.2,104.8,1.6,564486,25239,28,28,bbr1
0.546,27037,18,20160,43.0,43.2,20.2,104.8,1.3,338691,25242,28,28,bbr1
0.555,27037,18,20160,42.3,37.4,20.2,104.8,2.4,338691,25244,28,28,bbr1
0.565,19214,13,15840,42.1,41.6,20.2,104.8,1.7,338691,25245,28,28,bbr1
0.573,22062,15,17280,42.2,43.5,20.2,104.8,1.6,451589,25248,28,28,bbr1
0.579,24910,17,17280,42.6,45.3,20.2,104.8,2.0,451589,25250,28,28,bbr1
0.589,27037,18,18720,43.2,46.8,20.2,104.8,2.6,451589,25253,28,28,bbr1
0.595,27037,18,18720,43.8,48.2,20.2,104.8,3.2,451589,25255,28,28,bbr1
0.601,27037,18,18720,44.2,47.1,20.2,104.8,3.2,451589,25257,28,28,bbr1
0.607,17790,12,17280,43.6,39.3,20.2,104.8,3.6,564486,25259,28,28,bbr1
0.617,20638,14,15840,43.4,41.8,20.2,104.8,3.2,564486,25260,28,28,bbr1
0.624,23486,16,18720,43.3,42.6,20.2,104.8,2.6,564486,25264,28,28,bbr1
0.632,26334,18,20160,43.2,43.1,20.2,104.8,2.0,564486,25267,28,28,bbr1
0.639,27037,18,20160,43.2,43.2,20.2,104.8,1.5,338691,25269,28,28,bbr1
0.647,27037,18,20160,43.3,44.1,20.2,104.8,1.3,338691,25271,28,28,bbr1
0.652,27037,18,18720,43.5,44.4,20.2,104.8,1.2,338691,25272,28,28,bbr1
0.660,27037,18,17280,43.0,39.4,20.2,104.8,2.0,338691,25274,28,28,bbr1
0.675,19214,13,14455,43.5,46.2,20.2,104.8,2.1,451589,25277,28,28,bbr1
0.685,22062,15,17335,44.0,47.5,20.2,104.8,2.6,451589,25281,28,28,bbr1
0.691,24910,17,17335,44.4,47.5,20.2,104.8,2.8,451589,25283,28,28,bbr1
0.697,27037,18,17335,44.7,46.3,20.2,104.8,2.6,451589,25285,28,28,bbr1
0.703,27037,18,17335,44.4,42.7,20.2,104.8,2.4,451589,25287,28,28,bbr1
0.710,27037,18,17335,44.0,41.4,20.2,104.8,2.6,451589,25289,28,28,bbr1
0.721,19253,13,14400,42.2,38.2,20.2,104.8,4.4,451589,25291,28,28,bbr1
0.731,22101,15,17280,41.7,38.4,20.2,104.8,4.3,451589,25295,28,28,bbr1
0.737,24949,17,17280,41.4,39.2,20.2,104.8,3.9,564486,25298,28,28,bbr1
0.744,27037,18,18720,41.1,39.2,20.2,104.8,3.5,564486,25301,28,28,bbr1
0.749,27037,18,18720,41.0,40.1,20.2,104.8,2.9,564486,25303,28,28,bbr1
0.757,27037,18,20160,41.0,40.7,20.2,104.8,2.2,564486,25306,28,28,bbr1
0.766,27037,18,21600,40.4,36.1,20.2,104.8,2.9,338691,25309,28,28,bbr1
0.776,19214,13,17280,40.3,40.0,20.2,104.8,1.8,338691,25310,28,28,bbr1
0.783,22062,15,17280,40.5,42.0,20.2,104.8,1.8,451589,25312,28,28,bbr1
0.793,24910,17,20160,40.9,43.9,20.2,104.8,2.2,451589,25316,28,28,bbr1
0.799,27037,18,20160,41.5,45.2,20.2,104.8,2.7,451589,25318,28,28,bbr1
0.805,27037,18,20160,42.2,47.5,20.2,104.8,3.5,451589,25320,28,28,bbr1
0.811,27037,18,20160,43.0,48.6,20.2,104.8,4.2,451589,25322,28,28,bbr1
0.818,27037,18,20160,43.7,48.9,20.2,104.8,4.7,451589,25324,28,28,bbr1
0.831,19214,13,17280,43.5,42.7,20.2,104.8,3.0,564486,25326,28,28,bbr1
0.838,22062,15,17280,43.9,46.6,20.2,104.8,3.0,564486,25328,28,28,bbr1
0.845,24910,17,20160,44.3,46.9,20.2,104.8,3.0,564486,25332,28,28,bbr1
0.855,27037,18,21600,44.7,47.6,20.2,104.8,3.1,338691,25335,28,28,bbr1
0.859,27037,18,20160,45.1,47.7,20.2,104.8,3.1,338691,25336,28,28,bbr1
0.867,27037,18,20160,45.5,48.5,20.2,104.8,3.2,338691,25338,28,28,bbr1
0.877,19214,13,17280,44.5,41.1,20.2,104.8,3.6,338691,25340,28,28,bbr1
0.884,22062,15,17280,44.0,41.0,20.2,104.8,3.5,451589,25342,28,28,bbr1
0.893,24910,17,18720,44.2,45.6,20.2,104.8,3.0,451589,25345,28,28,bbr1
0.900,27037,18,18720,44.7,48.0,20.2,104.8,3.2,451589,25347,28,28,bbr1
0.906,27037,18,18720,45.1,48.0,20.2,104.8,3.2,451589,25349,28,28,bbr1
0.912,27037,18,18720,45.2,46.1,20.2,104.8,2.7,451589,25351,28,28,bbr1
0.918,27037,18,18720,45.2,44.7,20.2,104.8,2.1,451589,25353,28,28,bbr1
0.932,19214,13,17280,44.7,43.0,20.2,104.8,2.1,451589,25356,28,28,bbr1
0.939,22062,15,17280,44.6,44.0,20.2,104.8,1.7,451589,25358,28,28,bbr1
0.947,24910,17,20160,44.5,44.1,20.2,104.8,1.4,564486,25362,28,28,bbr1
0.953,27037,18,20160,44.6,44.9,20.2,104.8,1.2,564486,25364,28,28,bbr1
0.960,27037,18,21600,44.6,45.0,20.2,104.8,1.0,564486,25367,28,28,bbr1
0.970,26350,18,23040,44.8,45.8,20.2,104.8,1.1,326045,25370,28,28,bbr1
0.974,26350,18,21600,45.0,46.3,20.2,104.8,1.2,326045,25371,28,28,bbr1
0.986,18871,13,18720,44.4,42.7,20.2,104.8,1.6,326045,25373,28,28,bbr1
0.993,21719,15,17280,44.7,46.6,20.2,104.8,1.7,326045,25374,28,28,bbr1
1.001,24567,17,18720,45.2,48.4,20.2,104.8,2.2,434727,25377,28,28,bbr1
1.008,26350,18,18720,45.7,49.7,20.2,104.8,2.8,434727,25379,28,28,bbr1
1.014,26350,18,18720,46.5,51.9,20.2,104.8,3.6,434727,25381,28,28,bbr1
1.021,26350,18,18720,47.4,53.6,20.2,104.8,4.5,434727,25383,28,28,bbr1
1.028,26350,18,18720,47.9,51.7,20.2,104.8,4.4,434727,25385,28,28,bbr1
1.040,18871,13,15840,46.7,40.9,20.2,104.8,4.8,543408,25387,28,28,bbr1
0.012,18801,13,0,44.3,42.8,20.2,104.8,3.0,536892,25391,28,28,bbr1
0.006,21379,14,0,43.1,34.2,20.2,104.8,4.8,536892,25393,28,28,bbr1
0.033,26138,18,12960,40.7,24.4,20.2,104.8,8.2,536892,25406,28,28,bbr1
0.044,26138,18,15840,39.3,29.3,20.2,104.8,9.0,536892,25410,28,28,bbr1
0.052,26138,18,17280,38.2,30.7,20.2,104.8,8.9,536892,25413,28,28,bbr1
0.057,26138,18,17280,37.5,32.2,20.2,104.8,8.2,536892,25415,28,28,bbr1
0.065,26138,18,18720,37.0,33.7,20.2,104.8,7.1,536892,25418,28,28,bbr1
0.071,26138,18,18720,36.7,34.8,20.2,104.8,5.9,536892,25420,28,28,bbr1
0.079,26138,18,20160,36.7,36.2,20.2,104.8,4.5,536892,25423,28,28,bbr1
0.086,26138,18,20160,36.8,38.1,20.2,104.8,3.8,322135,25425,28,28,bbr1
0.095,26138,18,20160,37.2,39.6,20.2,104.8,3.5,322135,25427,28,28,bbr1
0.099,26138,18,18720,37.7,41.2,20.2,104.8,3.6,322135,25428,28,28,bbr1
0.108,26138,18,18720,38.3,42.6,20.2,104.8,4.0,322135,25430,28,28,bbr1
0.112,26138,18,17280,39.0,44.1,20.2,104.8,4.4,322135,25431,28,28,bbr1
0.120,26138,18,17280,39.8,45.0,20.2,104.8,4.8,429514,25433,28,28,bbr1
0.127,26138,18,17280,40.6,46.6,20.2,104.8,5.3,429514,25435,28,28,bbr1
0.134,26138,18,17280,41.6,48.6,20.2,104.8,6.0,429514,25437,28,28,bbr1
0.140,26138,18,17280,42.2,46.4,20.2,104.8,5.7,429514,25439,28,28,bbr1
0.152,18765,13,14400,42.4,42.1,20.2,104.8,3.6,429514,25441,28,28,bbr1
0.162,21613,15,17280,42.1,40.1,20.2,104.8,3.3,429514,25445,28,28,bbr1
0.168,24461,16,17280,41.9,40.3,20.2,104.8,2.9,536892,25447,28,28,bbr1
0.174,26138,18,17280,41.7,40.4,20.2,104.8,2.5,536892,25449,28,28,bbr1
0.181,26138,18,18720,41.6,40.6,20.2,104.8,2.2,536892,25452,28,28,bbr1
0.187,26138,18,18720,41.5,40.7,20.2,104.8,1.9,536892,25454,28,28,bbr1
0.192,26138,18,18720,40.6,34.3,20.2,104.8,3.2,536892,25456,28,28,bbr1
0.205,18765,13,17280,39.9,38.0,20.2,104.8,2.9,322135,25459,28,28,bbr1
0.212,21613,15,17280,39.8,39.0,20.2,104.8,2.4,322135,25461,28,28,bbr1
0.220,24461,16,17280,39.9,40.8,20.2,104.8,2.0,324986,25463,28,28,bbr1
0.228,26293,18,17280,40.2,42.3,20.2,104.8,2.1,433315,25465,28,28,bbr1
0.234,26293,18,17280,40.6,43.4,20.2,104.8,2.4,433315,25467,28,28,bbr1
0.241,26293,18,17280,41.2,45.1,20.2,104.8,2.9,433315,25469,28,28,bbr1
0.248,26293,18,17280,41.8,46.3,20.2,104.8,3.5,433315,25471,28,28,bbr1
0.260,18842,13,14400,42.2,42.1,20.2,104.8,2.5,541643,25473,28,28,bbr1
0.268,21690,15,17280,42.0,40.6,20.2,104.8,2.3,541643,25477,28,28,bbr1
0.276,24538,17,18720,41.9,40.8,20.2,104.8,2.0,541643,25480,28,28,bbr1
0.279,26293,18,17280,41.5,39.2,20.2,104.8,2.2,541643,25481,28,28,bbr1
0.287,26293,18,18720,41.2,39.2,20.2,104.8,2.2,541643,25484,28,28,bbr1
0.294,26293,18,17280,40.1,32.4,20.2,104.8,3.8,541643,25487,28,28,bbr1
0.311,18842,13,17335,39.5,38.5,20.2,104.8,3.2,324986,25492,28,28,bbr1
0.318,21690,15,17335,39.6,40.5,20.2,104.8,2.7,333199,25494,28,28,bbr1
0.329,24538,17,18775,39.9,42.0,20.2,104.8,2.6,333199,25497,28,28,bbr1
0.333,26739,18,17335,40.3,43.4,20.2,104.8,2.9,333199,25498,28,28,bbr1
0.341,26739,18,17335,40.9,44.6,20.2,104.8,3.2,444266,25500,28,28,bbr1
0.347,26739,18,17335,41.3,44.3,20.2,104.8,3.3,444266,25502,28,28,bbr1
0.351,26739,18,15895,41.9,45.9,20.2,104.8,3.6,444266,25503,28,28,bbr1
0.364,19104,13,14455,42.2,42.5,20.2,104.8,2.6,555332,25507,28,28,bbr1
0.372,21952,15,17335,42.0,40.5,20.2,104.8,2.3,555332,25511,28,28,bbr1
0.380,24800,17,18775,41.6,39.0,20.2,104.8,2.5,555332,25514,28,28,bbr1
0.385,26739,18,18775,41.3,39.4,20.2,104.8,2.4,555332,25516,28,28,bbr1
0.393,26739,18,20215,41.1,39.4,20.2,104.8,2.3,555332,25519,28,28,bbr1
0.403,26739,18,21655,41.0,40.0,20.2,104.8,2.0,333199,25522,28,28,bbr1
0.412,19104,13,17280,40.4,41.0,20.2,104.8,2.2,333199,25523,28,28,bbr1
0.419,21952,15,17280,40.7,42.7,20.2,104.8,2.3,444266,25525,28,28,bbr1
0.429,24800,17,20160,41.1,44.2,20.2,104.8,2.6,444266,25529,28,28,bbr1
0.436,26739,18,20160,41.8,46.1,20.2,104.8,3.2,444266,25531,28,28,bbr1
0.442,26739,18,20160,42.5,47.6,20.2,104.8,3.8,444266,25533,28,28,bbr1
0.449,26739,18,20160,43.3,48.8,20.2,104.8,4.5,444266,25535,28,28,bbr1
0.455,26739,18,20160,44.0,49.0,20.2,104.8,4.8,444266,25537,28,28,bbr1
0.467,19065,13,17280,43.7,42.8,20.2,104.8,3.2,555332,25539,28,28,bbr1
0.474,21913,15,17280,44.1,46.6,20.2,104.8,3.1,555332,25541,28,28,bbr1
0.482,24761,17,20160,44.4,46.8,20.2,104.8,3.0,555332,25545,28,28,bbr1
0.492,26739,18,21600,44.7,46.8,20.2,104.8,2.8,333199,25548,28,28,bbr1
0.496,26739,18,20160,45.1,47.7,20.2,104.8,2.9,333199,25549,28,28,bbr1
0.504,26739,18,20160,45.4,47.8,20.2,104.8,2.8,333199,25551,28,28,bbr1
0.509,26739,18,18720,45.8,48.3,20.2,104.8,2.9,333199,25552,28,28,bbr1
0.517,26739,18,18720,45.4,42.8,20.2,104.8,2.9,333199,25554,28,28,bbr1
0.529,19065,13,15895,45.1,45.5,20.2,104.8,2.2,333199,25557,28,28,bbr1
0.534,21913,15,15895,45.4,47.7,20.2,104.8,2.3,444266,25559,28,28,bbr1
0.544,24761,17,17335,45.7,47.1,20.2,104.8,2.2,444266,25562,28,28,bbr1
0.550,26739,18,17335,45.7,45.9,20.2,104.8,1.7,444266,25564,28,28,bbr1
0.557,26739,18,17335,45.5,44.0,20.2,104.8,1.7,444266,25566,28,28,bbr1
0.563,26739,18,17335,45.1,42.3,20.2,104.8,2.0,444266,25568,28,28,bbr1
0.575,19104,13,14400,43.6,39.5,20.2,104.8,3.7,444266,25570,28,28,bbr1
0.585,21952,15,17280,43.1,40.1,20.2,104.8,3.6,444266,25574,28,28,bbr1
0.591,24800,17,17280,42.8,40.1,20.2,104.8,3.5,555332,25576,28,28,bbr1
0.596,26739,18,17280,42.5,40.9,20.2,104.8,3.1,555332,25578,28,28,bbr1
0.604,26739,18,18720,42.3,41.0,20.2,104.8,2.7,555332,25581,28,28,bbr1
0.609,26739,18,18720,42.2,41.1,20.2,104.8,2.3,555332,25583,28,28,bbr1
0.617,26739,18,20160,41.4,36.1,20.2,104.8,3.3,555332,25586,28,28,bbr1
0.630,19065,13,18720,41.0,39.9,20.2,104.8,2.5,333199,25589,28,28,bbr1
0.637,21913,15,17280,40.9,40.0,20.2,104.8,2.1,333199,25590,28,28,bbr1
0.645,24761,17,18720,41.1,42.8,20.2,104.8,2.1,444266,25593,28,28,bbr1
0.651,26739,18,18720,41.6,45.0,20.2,104.8,2.5,444266,25595,28,28,bbr1
0.660,26739,18,20160,42.2,46.2,20.2,104.8,3.0,444266,25598,28,28,bbr1
0.667,26739,18,20160,42.9,47.8,20.2,104.8,3.7,444266,25600,28,28,bbr1
0.673,26739,18,20160,43.7,49.5,20.2,104.8,4.4,444266,25602,28,28,bbr1
0.685,19065,13,17280,43.9,42.8,20.2,104.8,3.2,444266,25604,28,28,bbr1
0.692,21913,15,17280,44.0,45.1,20.2,104.8,2.7,444266,25606,28,28,bbr1
0.702,26185,18,18720,44.1,44.4,20.2,104.8,2.1,444266,25610,28,28,bbr1
0.708,26739,18,18720,44.1,44.7,20.2,104.8,1.8,444266,25612,28,28,bbr1
0.714,26739,18,18720,44.2,44.9,20.2,104.8,1.5,444266,25614,28,28,bbr1
0.721,26739,18,18720,44.4,45.5,20.2,104.8,1.4,555332,25616,28,28,bbr1
0.738,20489,14,15840,43.6,41.1,20.2,104.8,2.1,555332,25619,28,28,bbr1
0.746,23337,16,18720,43.8,44.9,20.2,104.8,1.9,555332,25623,28,28,bbr1
0.754,26185,18,20160,43.9,45.1,20.2,104.8,1.8,555332,25626,28,28,bbr1
0.760,26739,18,20160,44.1,45.4,20.2,104.8,1.7,333199,25628,28,28,bbr1
0.769,26739,18,20160,44.4,46.0,20.2,104.8,1.7,333199,25630,28,28,bbr1
0.773,26739,18,18720,44.8,47.5,20.2,104.8,2.1,333199,25631,28,28,bbr1
0.782,17641,12,17280,44.1,39.4,20.2,104.8,2.9,333199,25633,28,28,bbr1
0.789,20489,14,15840,44.1,44.4,20.2,104.8,2.2,444266,25634,28,28,bbr1
0.799,23337,16,18720,44.4,46.1,20.2,104.8,2.2,444266,25638,28,28,bbr1
0.806,26185,18,18720,44.8,47.6,20.2,104.8,2.4,432060,25640,28,28,bbr1
0.812,26242,18,18720,45.1,47.6,20.2,104.8,2.5,432060,25642,28,28,bbr1
0.819,26242,18,18720,45.2,45.6,20.2,104.8,2.0,432060,25644,28,28,bbr1
0.826,26242,18,18720,45.1,44.2,20.2,104.8,1.8,432060,25646,28,28,bbr1
0.832,17393,12,17280,44.3,39.2,20.2,104.8,2.8,432060,25648,28,28,bbr1
0.841,20241,14,15840,44.2,43.1,20.2,104.8,2.4,432060,25649,28,28,bbr1
0.851,23089,16,18720,44.1,43.4,20.2,104.8,2.0,432060,25653,28,28,bbr1
0.857,25937,18,18720,44.0,43.1,20.2,104.8,1.7,537115,25655,28,28,bbr1
0.859,26145,18,17280,43.7,42.0,20.2,104.8,1.8,537115,25656,28,28,bbr1
0.867,26145,18,18720,43.5,42.2,20.2,104.8,1.7,537115,25659,28,28,bbr1
0.875,26145,18,20160,43.4,42.4,20.2,104.8,1.6,537115,25662,28,28,bbr1
0.890,20192,14,15840,42.5,41.2,20.2,104.8,2.3,322269,25664,28,28,bbr1
0.899,23040,16,17280,42.3,41.4,20.2,104.8,2.0,322269,25667,28,28,bbr1
0.907,25888,17,17280,42.4,42.8,20.2,104.8,1.6,429692,25669,28,28,bbr1
0.914,26145,18,17280,42.6,44.3,20.2,104.8,1.7,429692,25671,28,28,bbr1
0.921,26145,18,17280,43.0,45.4,20.2,104.8,2.0,429692,25673,28,28,bbr1
0.927,26145,18,17280,43.5,47.3,20.2,104.8,2.5,429692,25675,28,28,bbr1
0.934,17344,12,15840,43.0,39.3,20.2,104.8,3.0,430301,25677,28,28,bbr1
0.006,3072,2,0,41.3,39.7,20.2,104.8,2.3,537876,25679,29,29,bbr1
0.008,5760,4,0,39.7,28.8,20.2,104.8,4.8,537876,25681,29,29,bbr1
0.036,11456,7,1440,37.8,24.2,20.2,104.8,7.5,537876,25686,29,29,bbr1
0.047,12880,8,7200,36.5,28.0,20.2,104.8,8.1,537876,25691,29,29,bbr1
0.062,17152,11,8640,34.6,20.7,20.2,104.8,10.0,537876,25695,29,29,bbr1
0.070,20000,13,11520,33.0,22.3,20.2,104.8,10.6,537876,25699,29,29,bbr1
0.078,22848,15,12960,31.9,23.7,20.2,104.8,10.2,537876,25702,29,29,bbr1
0.083,25696,17,12960,31.0,25.2,20.2,104.8,9.3,537876,25704,29,29,bbr1
0.091,26170,18,14400,29.9,22.1,20.2,104.8,9.2,537876,25707,29,29,bbr1
0.097,26170,18,14400,29.5,26.9,20.2,104.8,7.7,537876,25709,29,29,bbr1
0.105,26170,18,15840,29.3,27.9,20.2,104.8,6.2,537876,25712,29,29,bbr1
0.110,26170,18,15840,29.3,29.4,20.2,104.8,4.7,537876,25714,29,29,bbr1
0.118,26170,18,17280,29.6,31.3,20.2,104.8,4.0,537876,25717,29,29,bbr1
0.123,26170,18,17280,30.0,32.8,20.2,104.8,3.8,537876,25719,29,29,bbr1
0.131,26170,18,18720,30.5,33.9,20.2,104.8,3.8,537876,25722,29,29,bbr1
0.139,26170,18,20160,31.2,35.9,20.2,104.8,4.2,537876,25725,29,29,bbr1
0.147,26170,18,20160,31.9,37.3,20.2,104.8,4.7,322725,25727,29,29,bbr1
0.151,26170,18,18720,32.8,38.8,20.2,104.8,5.3,322725,25728,29,29,bbr1
0.160,26170,18,18720,33.7,40.3,20.2,104.8,5.8,322725,25730,29,29,bbr1
0.164,26170,18,17280,34.8,41.9,20.2,104.8,6.4,322725,25731,29,29,bbr1
0.172,26170,18,17280,35.8,43.0,20.2,104.8,6.9,430301,25733,29,29,bbr1
0.179,26170,18,17280,36.9,44.9,20.2,104.8,7.4,430301,25735,29,29,bbr1
0.186,26170,18,17280,38.1,46.4,20.2,104.8,7.9,430301,25737,29,29,bbr1
0.193,26170,18,17280,39.3,47.6,20.2,104.8,8.3,430301,25739,29,29,bbr1
0.205,18781,13,14400,40.5,43.1,20.2,104.8,6.6,430301,25741,29,29,bbr1
0.215,21629,15,17280,40.6,41.6,20.2,104.8,5.3,430301,25745,29,29,bbr1
0.221,24477,16,17280,40.5,40.1,20.2,104.8,4.1,537876,25747,29,29,bbr1
0.224,26170,18,15840,40.5,40.2,20.2,104.8,3.2,537876,25748,29,29,bbr1
0.232,26170,18,17280,40.5,40.3,20.2,104.8,2.4,537876,25751,29,29,bbr1
0.240,26170,18,18720,40.4,40.3,20.2,104.8,1.9,537876,25754,29,29,bbr1
0.246,26170,18,18720,39.7,34.2,20.2,104.8,3.0,537876,25756,29,29,bbr1
0.257,18781,13,17280,39.0,36.2,20.2,104.8,2.8,322725,25759,29,29,bbr1
0.265,23053,16,15840,38.7,36.2,20.2,104.8,2.8,322725,25761,29,29,bbr1
0.278,26191,18,15840,38.4,36.8,20.2,104.8,2.6,323104,25764,29,29,bbr1
0.285,26911,18,15840,38.5,38.7,20.2,104.8,2.0,448493,25766,29,29,bbr1
0.292,26911,18,15840,38.7,40.0,20.2,104.8,1.9,448493,25768,29,29,bbr1
0.298,26911,18,15840,39.2,42.9,20.2,104.8,2.5,448493,25770,29,29,bbr1
0.305,16303,11,15840,39.5,41.3,20.2,104.8,2.4,448493,25772,29,29,bbr1
0.310,19151,13,14400,39.4,39.2,20.2,104.8,1.9,448493,25773,29,29,bbr1
0.318,21999,15,15840,39.1,37.0,20.2,104.8,2.0,448493,25776,29,29,bbr1
0.323,24847,17,15840,38.8,36.3,20.2,104.8,2.2,560616,25778,29,29,bbr1
0.331,26911,18,17280,38.5,36.3,20.2,104.8,2.3,560616,25781,29,29,bbr1
0.339,26911,18,18720,38.3,37.2,20.2,104.8,2.0,560616,25784,29,29,bbr1
0.351,19151,13,17280,38.1,38.1,20.2,104.8,1.4,336369,25787,29,29,bbr1
0.358,21999,15,17280,38.2,38.2,20.2,104.8,1.0,336369,25789,29,29,bbr1
0.365,24847,17,17280,38.3,39.3,20.2,104.8,1.1,336369,25791,29,29,bbr1
0.373,27046,18,15840,38.5,39.8,20.2,104.8,1.2,451798,25793,29,29,bbr1
0.382,27046,18,17280,38.9,42.1,20.2,104.8,1.8,451798,25796,29,29,bbr1
0.389,27046,18,17280,39.5,43.3,20.2,104.8,2.4,451798,25798,29,29,bbr1
0.400,19219,13,14400,39.8,41.0,20.2,104.8,2.0,564747,25800,29,29,bbr1
0.408,22067,15,17280,39.8,40.0,20.2,104.8,1.5,564747,25804,29,29,bbr1
0.416,24915,17,18720,39.9,40.0,20.2,104.8,1.2,564747,25807,29,29,bbr1
0.421,27046,18,18720,39.9,40.2,20.2,104.8,1.0,564747,25809,29,29,bbr1
0.429,27046,18,20160,40.0,40.7,20.2,104.8,0.9,564747,25812,29,29,bbr1
0.438,27046,18,21600,40.1,40.9,20.2,104.8,0.9,338848,25815,29,29,bbr1
0.443,27046,18,20160,39.6,35.9,20.2,104.8,1.7,338848,25816,29,29,bbr1
0.455,19219,13,17280,40.2,42.8,20.2,104.8,2.0,338848,25818,29,29,bbr1
0.462,22067,15,17280,40.7,44.1,20.2,104.8,2.5,451798,25820,29,29,bbr1
0.472,24915,17,20160,41.3,46.1,20.2,104.8,3.3,451798,25824,29,29,bbr1
0.478,27046,18,20160,42.1,47.6,20.2,104.8,4.0,451798,25826,29,29,bbr1
0.485,27046,18,20160,43.1,49.8,20.2,104.8,4.9,451798,25828,29,29,bbr1
0.491,27046,18,20160,43.9,49.8,20.2,104.8,5.4,451798,25830,29,29,bbr1
0.497,27046,18,20160,44.4,47.9,20.2,104.8,5.0,451798,25832,29,29,bbr1
0.503,27046,18,20160,44.2,42.7,20.2,104.8,4.2,564747,25834,29,29,bbr1
0.517,19219,13,18720,44.4,46.6,20.2,104.8,3.3,338848,25837,29,29,bbr1
0.524,22067,15,17280,44.7,46.8,20.2,104.8,3.0,338848,25838,29,29,bbr1
0.532,26339,18,17280,44.8,45.8,20.2,104.8,2.6,451798,25841,29,29,bbr1
0.541,27046,18,18720,45.0,46.6,20.2,104.8,2.4,451798,25844,29,29,bbr1
0.547,27046,18,18720,45.2,46.8,20.2,104.8,2.2,451798,25846,29,29,bbr1
0.554,27046,18,18720,45.6,47.9,20.2,104.8,2.3,451798,25848,29,29,bbr1
0.560,27046,18,18720,46.1,49.9,20.2,104.8,2.8,451798,25850,29,29,bbr1
0.577,20643,14,15840,45.2,43.4,20.2,104.8,3.1,451798,25853,29,29,bbr1
0.587,23491,16,18720,45.0,43.9,20.2,104.8,2.6,451798,25857,29,29,bbr1
0.592,26339,18,18720,45.0,44.4,20.2,104.8,2.1,564747,25859,29,29,bbr1
0.597,27046,18,18720,45.0,45.3,20.2,104.8,1.7,564747,25861,29,29,bbr1
0.605,27046,18,20160,45.0,45.4,20.2,104.8,1.4,564747,25864,29,29,bbr1
0.614,27046,18,21600,45.2,46.2,20.2,104.8,1.3,338848,25867,29,29,bbr1
0.628,20643,14,15840,44.3,43.2,20.2,104.8,2.1,338848,25868,29,29,bbr1
0.636,23491,16,17280,44.2,43.2,20.2,104.8,1.9,451798,25871,29,29,bbr1
0.642,26339,18,17280,44.3,45.4,20.2,104.8,1.7,451798,25873,29,29,bbr1
0.652,27046,18,18720,44.7,47.2,20.2,104.8,2.0,451798,25876,29,29,bbr1
0.658,27046,18,18720,45.2,48.6,20.2,104.8,2.5,451798,25878,29,29,bbr1
0.664,27046,18,18720,45.9,50.7,20.2,104.8,3.2,451798,25880,29,29,bbr1
0.670,17795,12,17280,45.0,39.4,20.2,104.8,4.1,564747,25882,29,29,bbr1
0.679,20643,14,15840,44.6,41.5,20.2,104.8,3.9,564747,25883,29,29,bbr1
0.687,23491,16,18720,44.4,42.7,20.2,104.8,3.4,564747,25887,29,29,bbr1
0.695,27046,18,18720,44.0,41.3,20.2,104.8,3.3,564747,25890,29,29,bbr1
0.703,27046,18,20160,43.7,42.1,20.2,104.8,3.0,564747,25893,29,29,bbr1
0.712,27046,18,21600,43.6,42.3,20.2,104.8,2.6,338848,25896,29,29,bbr1
0.722,19219,13,17335,42.8,37.7,20.2,104.8,2.9,338848,25898,29,29,bbr1
0.729,22067,15,17335,42.7,42.3,20.2,104.8,2.3,451798,25900,29,29,bbr1
0.739,24915,17,20215,43.0,44.6,20.2,104.8,2.2,451798,25904,29,29,bbr1
0.745,27046,18,20215,43.3,45.9,20.2,104.8,2.4,451798,25906,29,29,bbr1
0.751,27046,18,20215,43.9,48.2,20.2,104.8,3.0,564747,25908,29,29,bbr1
0.758,27046,18,21655,44.7,49.8,20.2,104.8,3.7,564747,25911,29,29,bbr1
0.763,27046,18,21655,45.3,49.9,20.2,104.8,4.1,564747,25913,29,29,bbr1
0.773,27046,18,23040,45.0,42.8,20.2,104.8,3.7,338848,25916,29,29,bbr1
0.784,19219,13,18720,45.0,46.7,20.2,104.8,3.0,338848,25917,29,29,bbr1
0.791,22067,15,17280,45.2,46.7,20.2,104.8,2.7,338848,25918,29,29,bbr1
0.799,24915,17,18720,45.5,47.6,20.2,104.8,2.6,451798,25921,29,29,bbr1
0.805,27046,18,18720,46.0,49.4,20.2,104.8,2.9,451798,25923,29,29,bbr1
0.814,27046,18,20160,46.6,51.1,20.2,104.8,3.5,451798,25926,29,29,bbr1
0.821,27046,18,20160,47.4,52.9,20.2,104.8,4.2,451798,25928,29,29,bbr1
0.827,27046,18,20160,48.3,54.6,20.2,104.8,4.9,451798,25930,29,29,bbr1
0.839,19219,13,17280,47.4,42.9,20.2,104.8,4.5,564747,25932,29,29,bbr1
0.846,22067,15,17280,47.1,45.1,20.2,104.8,3.9,540666,25934,29,29,bbr1
0.854,24915,17,20160,47.0,46.0,20.2,104.8,3.2,540666,25938,29,29,bbr1
0.863,26261,18,21600,46.9,46.6,20.2,104.8,2.5,324399,25941,29,29,bbr1
0.868,26261,18,18720,46.8,45.6,20.2,104.8,2.2,324399,25942,29,29,bbr1
0.877,26261,18,18720,46.6,45.7,20.2,104.8,1.9,324399,25944,29,29,bbr1
0.886,17402,12,17280,45.9,40.9,20.2,104.8,2.9,324399,25946,29,29,bbr1
0.892,20250,14,15840,45.3,41.1,20.2,104.8,3.4,430836,25947,29,29,bbr1
0.899,23098,16,17280,45.4,45.9,20.2,104.8,2.7,430836,25950,29,29,bbr1
0.906,25946,18,17280,45.6,47.0,20.2,104.8,2.4,430836,25952,29,29,bbr1
0.913,26192,18,17280,45.8,47.3,20.2,104.8,2.2,538545,25954,29,29,bbr1
0.007,26192,18,0,41.3,22.4,20.2,104.8,6.7,538545,25958,29,29,bbr1
0.007,26192,18,0,39.7,28.4,20.2,104.8,8.2,538545,25960,29,29,bbr1
0.035,26192,18,12960,37.8,24.5,20.2,104.8,10.0,538545,25973,29,29,bbr1
0.045,26192,18,15840,36.7,29.4,20.2,104.8,9.6,538545,25977,29,29,bbr1
0.053,26192,18,17280,36.0,30.8,20.2,104.8,8.7,538545,25980,29,29,bbr1
0.058,26192,18,17280,35.5,32.3,20.2,104.8,7.4,538545,25982,29,29,bbr1
0.066,26192,18,18720,35.3,33.8,20.2,104.8,6.0,538545,25985,29,29,bbr1
0.072,26192,18,18720,35.2,34.8,20.2,104.8,4.6,538545,25987,29,29,bbr1
0.080,26192,18,20160,35.4,36.4,20.2,104.8,3.8,538545,25990,29,29,bbr1
0.087,26192,18,20160,35.7,38.2,20.2,104.8,3.5,323127,25992,29,29,bbr1
0.096,26192,18,20160,36.3,39.8,20.2,104.8,3.7,323127,25994,29,29,bbr1
0.100,26192,18,18720,36.8,40.8,20.2,104.8,3.9,323127,25995,29,29,bbr1
0.109,26192,18,18720,37.6,42.8,20.2,104.8,4.4,323127,25997,29,29,bbr1
0.113,26192,18,17280,38.4,44.0,20.2,104.8,4.9,323127,25998,29,29,bbr1
0.121,26192,18,17280,39.3,45.8,20.2,104.8,5.6,430836,26000,29,29,bbr1
0.128,26192,18,17280,40.3,47.3,20.2,104.8,6.2,430836,26002,29,29,bbr1
0.135,26192,18,17280,41.4,48.8,20.2,104.8,6.7,430836,26004,29,29,bbr1
0.141,26192,18,17280,42.0,46.8,20.2,104.8,6.4,538545,26006,29,29,bbr1
0.153,18792,13,14400,42.3,42.2,20.2,104.8,4.1,538545,26008,29,29,bbr1
0.161,21640,15,17280,42.1,40.5,20.2,104.8,3.6,538545,26012,29,29,bbr1
0.169,24488,17,18720,41.9,40.7,20.2,104.8,3.0,537783,26015,29,29,bbr1
0.175,26167,18,18720,41.8,40.9,20.2,104.8,2.5,537783,26017,29,29,bbr1
0.183,26167,18,20160,41.7,40.8,20.2,104.8,2.1,537783,26020,29,29,bbr1
0.190,26167,18,18720,40.8,34.2,20.2,104.8,3.5,322670,26022,29,29,bbr1
0.195,26167,18,18720,39.9,34.3,20.2,104.8,4.2,322670,26023,29,29,bbr1
0.207,18779,13,15840,39.9,40.2,20.2,104.8,2.6,322670,26025,29,29,bbr1
0.216,21627,15,17280,40.2,42.2,20.2,104.8,2.5,431113,26028,29,29,bbr1
0.222,24475,16,17280,40.6,43.3,20.2,104.8,2.7,431861,26030,29,29,bbr1
0.229,26234,18,17280,41.1,44.7,20.2,104.8,3.0,431861,26032,29,29,bbr1
0.235,26234,18,17280,41.7,46.0,20.2,104.8,3.5,539826,26034,29,29,bbr1
0.243,26234,18,18720,42.0,44.0,20.2,104.8,3.2,539826,26037,29,29,bbr1
0.254,18813,13,15895,41.5,40.4,20.2,104.8,2.6,539826,26040,29,29,bbr1
0.261,21661,15,17335,41.4,40.7,20.2,104.8,2.2,539826,26043,29,29,bbr1
0.270,24509,17,20215,41.3,40.7,20.2,104.8,1.8,539826,26047,29,29,bbr1
0.278,26234,18,20215,41.3,40.9,20.2,104.8,1.4,323895,26049,29,29,bbr1
0.282,26234,18,18775,41.3,41.9,20.2,104.8,1.2,323895,26050,29,29,bbr1
0.291,26234,18,18775,41.7,43.9,20.2,104.8,1.6,323895,26052,29,29,bbr1
0.295,17428,12,15840,41.4,39.3,20.2,104.8,1.8,329455,26053,29,29,bbr1
0.306,20276,14,15840,41.6,42.8,20.2,104.8,1.7,439274,26055,29,29,bbr1
0.313,23124,16,17280,42.0,45.4,20.2,104.8,2.2,439274,26058,29,29,bbr1
0.323,26721,18,17280,42.5,45.8,20.2,104.8,2.6,443837,26061,29,29,bbr1
0.328,26721,18,17280,42.7,44.3,20.2,104.8,2.4,554796,26063,29,29,bbr1
0.336,26721,18,18720,42.9,44.0,20.2,104.8,2.1,554796,26066,29,29,bbr1
0.344,26721,18,18720,41.8,34.1,20.2,104.8,3.8,554796,26069,29,29,bbr1
0.357,20480,14,15840,40.8,37.8,20.2,104.8,3.8,332877,26072,29,29,bbr1
0.367,23328,16,17280,40.5,38.1,20.2,104.8,3.5,332877,26075,29,29,bbr1
0.375,26176,18,17280,40.3,39.3,20.2,104.8,2.9,332877,26077,29,29,bbr1
0.379,26721,18,15840,40.5,41.5,20.2,104.8,2.5,443837,26078,29,29,bbr1
0.388,26743,18,17280,40.8,43.1,20.2,104.8,2.5,444366,26081,29,29,bbr1
0.395,26743,18,17280,41.2,44.1,20.2,104.8,2.7,444366,26083,29,29,bbr1
0.407,19067,13,14400,41.4,42.6,20.2,104.8,1.9,555457,26085,29,29,bbr1
0.415,21915,15,17280,41.3,41.1,20.2,104.8,1.5,555457,26089,29,29,bbr1
0.423,24763,17,18720,41.1,39.3,20.2,104.8,1.6,555457,26092,29,29,bbr1
0.428,26743,18,18720,41.0,40.8,20.2,104.8,1.3,555457,26094,29,29,bbr1
0.435,26743,18,20160,41.0,41.0,20.2,104.8,1.0,555457,26097,29,29,bbr1
0.445,26743,18,21600,41.0,41.1,20.2,104.8,0.8,333274,26100,29,29,bbr1
0.449,26743,18,20160,40.4,36.0,20.2,104.8,1.8,333274,26101,29,29,bbr1
0.462,19067,13,17280,40.8,42.7,20.2,104.8,1.7,333274,26103,29,29,bbr1
0.468,21915,15,17280,41.2,44.1,20.2,104.8,2.1,444366,26105,29,29,bbr1
0.478,24763,17,20160,41.8,46.0,20.2,104.8,2.8,444366,26109,29,29,bbr1
0.485,26743,18,20160,42.5,47.5,20.2,104.8,3.5,444366,26111,29,29,bbr1
0.491,26743,18,20160,43.3,48.9,20.2,104.8,4.2,555457,26113,29,29,bbr1
0.496,26743,18,20160,44.0,49.0,20.2,104.8,4.6,555457,26115,29,29,bbr1
0.504,26743,18,21600,44.4,47.5,20.2,104.8,4.3,555457,26118,29,29,bbr1
0.516,20491,14,18720,44.5,44.4,20.2,104.8,2.6,333274,26121,29,29,bbr1
0.525,23339,16,18720,44.5,44.8,20.2,104.8,2.0,333274,26123,29,29,bbr1
0.535,26187,18,20160,44.6,44.9,20.2,104.8,1.6,333274,26126,29,29,bbr1
0.539,26743,18,18720,44.7,45.9,20.2,104.8,1.5,333274,26127,29,29,bbr1
0.548,26743,18,18720,45.1,47.8,20.2,104.8,1.9,333274,26129,29,29,bbr1
0.556,26743,18,18720,45.6,49.0,20.2,104.8,2.4,333274,26131,29,29,bbr1
0.561,26743,18,17280,46.3,51.2,20.2,104.8,3.2,333274,26132,29,29,bbr1
0.573,19067,13,14400,46.5,46.2,20.2,104.8,2.2,444366,26134,29,29,bbr1
0.583,21915,15,17280,46.6,47.7,20.2,104.8,1.9,444366,26138,29,29,bbr1
0.589,24763,17,17280,46.5,45.8,20.2,104.8,1.7,444366,26140,29,29,bbr1
0.595,26743,18,17280,46.2,44.0,20.2,104.8,1.9,444366,26142,29,29,bbr1
0.602,26743,18,17280,45.7,42.1,20.2,104.8,2.4,444366,26144,29,29,bbr1
0.608,26743,18,17280,45.0,40.3,20.2,104.8,3.2,555457,26146,29,29,bbr1
0.616,26743,18,18720,43.9,36.0,20.2,104.8,4.6,555457,26149,29,29,bbr1
0.628,19067,13,15840,42.9,39.9,20.2,104.8,4.2,555457,26151,29,29,bbr1
0.634,21915,15,17280,42.6,40.4,20.2,104.8,3.8,555457,26154,29,29,bbr1
0.643,24763,17,20160,42.4,40.8,20.2,104.8,3.3,555457,26158,29,29,bbr1
0.650,26743,18,20160,42.2,41.0,20.2,104.8,2.8,333274,26160,29,29,bbr1
0.659,26743,18,20160,42.3,42.8,20.2,104.8,2.3,333274,26162,29,29,bbr1
0.663,26743,18,18720,42.5,44.1,20.2,104.8,2.1,333274,26163,29,29,bbr1
0.672,26743,18,17280,42.1,39.4,20.2,104.8,2.4,333274,26165,29,29,bbr1
0.679,17643,12,15840,42.3,43.4,20.2,104.8,2.1,447135,26167,29,29,bbr1
0.688,20491,14,15840,42.6,44.6,20.2,104.8,2.2,447135,26169,29,29,bbr1
0.695,23339,16,17280,43.1,47.0,20.2,104.8,2.7,447135,26172,29,29,bbr1
0.701,26187,18,17280,43.4,45.0,20.2,104.8,2.5,558918,26174,29,29,bbr1
0.709,26856,18,18720,43.3,43.2,20.2,104.8,1.9,558918,26177,29,29,bbr1
0.717,26856,18,20160,43.1,41.3,20.2,104.8,1.9,558918,26180,29,29,bbr1
0.724,26856,18,20160,42.8,40.8,20.2,104.8,2.0,335351,26182,29,29,bbr1
0.736,19124,13,17280,42.3,41.7,20.2,104.8,2.0,335351,26184,29,29,bbr1
0.742,21972,15,17280,42.2,42.0,20.2,104.8,1.5,447135,26186,29,29,bbr1
0.749,24820,17,18720,42.4,43.7,20.2,104.8,1.5,447135,26189,29,29,bbr1
0.759,26856,18,20160,42.8,45.0,20.2,104.8,1.8,447135,26192,29,29,bbr1
0.765,26856,18,20160,43.2,46.6,20.2,104.8,2.3,447135,26194,29,29,bbr1
0.772,26856,18,20160,43.9,48.8,20.2,104.8,3.1,447135,26196,29,29,bbr1
0.779,26856,18,20160,44.3,46.9,20.2,104.8,3.1,447135,26198,29,29,bbr1
0.790,19124,13,17280,44.6,45.8,20.2,104.8,2.2,558918,26200,29,29,bbr1
0.797,21972,15,17280,44.8,46.2,20.2,104.8,2.1,558918,26202,29,29,bbr1
0.805,24820,17,20160,45.0,46.6,20.2,104.8,2.0,558918,26206,29,29,bbr1
0.815,26856,18,21600,45.2,46.9,20.2,104.8,2.0,335351,26209,29,29,bbr1
0.819,26856,18,20160,45.5,47.4,20.2,104.8,2.0,335351,26210,29,29,bbr1
0.828,26856,18,20160,45.8,47.8,20.2,104.8,2.1,335351,26212,29,29,bbr1
0.832,26856,18,18720,46.1,47.9,20.2,104.8,2.1,335351,26213,29,29,bbr1
0.840,17700,12,17280,45.4,40.9,20.2,104.8,2.9,335351,26215,29,29,bbr1
0.843,19124,13,17280,44.9,40.9,20.2,104.8,3.3,447135,26216,29,29,bbr1
0.850,21972,15,17280,44.9,45.6,20.2,104.8,2.6,447135,26218,29,29,bbr1
0.859,24820,17,18720,45.3,47.8,20.2,104.8,2.7,447135,26221,29,29,bbr1
0.866,26856,18,18720,45.5,47.3,20.2,104.8,2.5,447135,26223,29,29,bbr1
0.873,26856,18,18720,45.6,46.1,20.2,104.8,2.0,447135,26225,29,29,bbr1
0.879,26856,18,18720,45.4,44.3,20.2,104.8,1.8,447135,26227,29,29,bbr1
0.891,19124,13,15840,44.8,42.9,20.2,104.8,2.1,447135,26229,29,29,bbr1
0.898,21972,15,17280,44.6,43.0,20.2,104.8,2.1,447135,26232,29,29,bbr1
0.907,24820,17,18720,44.5,43.8,20.2,104.8,1.8,558918,26235,29,29,bbr1
0.912,26856,18,18720,44.4,44.1,20.2,104.8,1.4,558918,26237,29,29,bbr1
0.920,26856,18,20160,44.4,44.1,20.2,104.8,1.1,558918,26240,29,29,bbr1
0.930,26856,18,21600,44.5,45.0,20.2,104.8,1.0,335351,26243,29,29,bbr1
0.943,20548,14,15840,43.7,42.7,20.2,104.8,1.8,335351,26244,29,29,bbr1
0.951,23396,16,17280,43.6,43.3,20.2,104.8,1.5,447135,26247,29,29,bbr1
0.957,26244,18,17280,43.8,45.1,20.2,104.8,1.5,447135,26249,29,29,bbr1
0.006,22929,15,0,41.4,23.3,20.2,104.8,8.2,447135,26251,29,29,bbr1
0.006,25507,17,0,39.6,27.2,20.2,104.8,9.7,447135,26253,29,29,bbr1
0.032,26856,18,11520,37.7,23.8,20.2,104.8,11.2,558918,26264,29,29,bbr1
0.039,26856,18,12960,36.3,27.0,20.2,104.8,11.1,558918,26267,29,29,bbr1
0.047,26856,18,14400,35.2,27.3,20.2,104.8,10.6,558918,26270,29,29,bbr1
0.052,26856,18,14400,34.3,27.8,20.2,104.8,9.8,558918,26272,29,29,bbr1
0.060,26856,18,15840,33.5,28.2,20.2,104.8,8.9,558918,26275,29,29,bbr1
0.068,26856,18,17280,33.0,29.3,20.2,104.8,7.7,558918,26278,29,29,bbr1
0.073,26856,18,17280,32.8,31.4,20.2,104.8,6.2,558918,26280,29,29,bbr1
0.081,26856,18,18720,32.8,32.7,20.2,104.8,4.6,558918,26283,29,29,bbr1
0.088,26856,18,20160,33.0,35.0,20.2,104.8,4.0,558918,26286,29,29,bbr1
0.095,26856,18,20160,33.4,36.1,20.2,104.8,3.8,335351,26288,29,29,bbr1
0.104,26856,18,20160,34.0,38.2,20.2,104.8,4.0,335351,26290,29,29,bbr1
0.108,26856,18,18720,34.7,39.5,20.2,104.8,4.4,335351,26291,29,29,bbr1
0.117,26856,18,18720,35.6,41.7,20.2,104.8,5.0,335351,26293,29,29,bbr1
0.121,26856,18,17280,36.5,42.9,20.2,104.8,5.6,335351,26294,29,29,bbr1
0.128,26856,18,17280,37.6,45.1,20.2,104.8,6.4,447135,26296,29,29,bbr1
0.135,26856,18,17280,38.7,46.8,20.2,104.8,7.1,447135,26298,29,29,bbr1
0.148,19124,13,14400,40.8,46.8,20.2,104.8,7.5,447135,26300,29,29,bbr1
0.158,21972,15,17280,41.3,45.0,20.2,104.8,6.7,447135,26304,29,29,bbr1
0.165,24820,17,17280,41.6,43.2,20.2,104.8,5.5,447135,26306,29,29,bbr1
0.171,26856,18,17280,41.5,41.5,20.2,104.8,4.1,447135,26308,29,29,bbr1
0.177,26856,18,17280,41.6,41.9,20.2,104.8,3.2,447135,26310,29,29,bbr1
0.183,26856,18,17280,41.6,41.9,20.2,104.8,2.5,447135,26312,29,29,bbr1
0.190,17700,12,15840,41.1,37.8,20.2,104.8,2.8,447135,26314,29,29,bbr1
0.198,20548,14,15840,40.7,38.0,20.2,104.8,2.9,447135,26316,29,29,bbr1
0.206,23396,16,17280,40.4,38.0,20.2,104.8,2.9,429789,26319,29,29,bbr1
0.212,26149,18,17280,40.2,39.0,20.2,104.8,2.5,537236,26321,29,29,bbr1
0.220,26149,18,18720,40.1,39.0,20.2,104.8,2.2,537236,26324,29,29,bbr1
0.226,26149,18,18720,40.0,39.8,20.2,104.8,1.7,537236,26326,29,29,bbr1
0.239,18770,13,17280,39.9,39.3,20.2,104.8,1.2,322341,26329,29,29,bbr1
0.245,21618,15,17280,40.0,40.8,20.2,104.8,1.1,322341,26331,29,29,bbr1
0.253,24466,16,17280,40.2,40.9,20.2,104.8,1.0,321801,26333,29,29,bbr1
0.261,26120,18,17280,40.5,42.7,20.2,104.8,1.4,429069,26335,29,29,bbr1
0.268,26120,18,17280,40.9,44.0,20.2,104.8,1.9,429069,26337,29,29,bbr1
0.275,26120,18,17280,41.4,45.1,20.2,104.8,2.5,429069,26339,29,29,bbr1
0.281,26978,18,15840,41.4,41.0,20.2,104.8,2.0,450128,26341,29,29,bbr1
0.297,22033,15,11520,40.6,35.3,20.2,104.8,2.7,450128,26344,29,29,bbr1
0.310,24881,17,15840,40.0,35.6,20.2,104.8,3.3,450128,26349,29,29,bbr1
0.316,26978,18,15840,39.6,37.2,20.2,104.8,3.1,450128,26351,29,29,bbr1
0.323,26978,18,15840,39.4,38.0,20.2,104.8,2.7,450128,26353,29,29,bbr1
0.329,26978,18,15840,39.3,38.5,20.2,104.8,2.3,450128,26355,29,29,bbr1
0.335,16337,11,15840,38.4,32.5,20.2,104.8,3.4,562660,26357,29,29,bbr1
0.341,20609,14,12960,38.0,34.8,20.2,104.8,3.5,562660,26358,29,29,bbr1
0.352,23457,16,17280,37.6,34.8,20.2,104.8,3.4,562660,26363,29,29,bbr1
0.357,26305,18,17280,37.4,35.7,20.2,104.8,3.0,562660,26365,29,29,bbr1
0.365,26978,18,18720,37.2,35.7,20.2,104.8,2.7,562660,26368,29,29,bbr1
0.373,26978,18,20160,37.1,36.6,20.2,104.8,2.1,562660,26371,29,29,bbr1
0.388,20609,14,15840,37.0,39.3,20.2,104.8,2.4,337596,26373,29,29,bbr1
0.396,23457,16,17280,37.5,40.8,20.2,104.8,2.7,337596,26376,29,29,bbr1
0.404,26305,18,17280,38.2,42.8,20.2,104.8,3.4,450128,26378,29,29,bbr1
0.410,26978,18,17280,39.0,44.5,20.2,104.8,4.1,450128,26380,29,29,bbr1
0.416,26978,18,17280,39.9,46.2,20.2,104.8,4.9,450128,26382,29,29,bbr1
0.423,26978,18,17280,40.8,47.5,20.2,104.8,5.6,450128,26384,29,29,bbr1
0.430,17761,12,15840,40.6,39.4,20.2,104.8,4.5,450808,26386,29,29,bbr1
0.439,20609,14,15840,40.6,40.7,20.2,104.8,3.4,450808,26388,29,29,bbr1
0.449,23457,16,18720,40.6,40.4,20.2,104.8,2.6,450808,26392,29,29,bbr1
0.455,26305,18,18720,40.6,40.7,20.2,104.8,2.0,563510,26394,29,29,bbr1
0.459,27005,18,18720,40.7,41.3,20.2,104.8,1.7,563510,26396,29,29,bbr1
0.467,27005,18,20160,40.8,41.7,20.2,104.8,1.5,563510,26399,29,29,bbr1
0.480,20622,14,17280,40.8,39.3,20.2,104.8,1.4,338106,26402,29,29,bbr1
0.490,23470,16,18720,41.1,43.2,20.2,104.8,1.7,338106,26405,29,29,bbr1
0.498,26318,18,18720,41.4,43.5,20.2,104.8,1.9,338106,26407,29,29,bbr1
0.506,27005,18,18720,41.6,43.6,20.2,104.8,2.0,338106,26409,29,29,bbr1
0.510,27005,18,17280,42.0,44.8,20.2,104.8,2.3,338106,26410,29,29,bbr1
0.518,27005,18,17280,42.6,46.8,20.2,104.8,2.9,450808,26412,29,29,bbr1
0.525,27005,18,17280,43.4,48.8,20.2,104.8,3.7,450808,26414,29,29,bbr1
0.531,27005,18,17280,43.8,46.7,20.2,104.8,3.6,450808,26416,29,29,bbr1
0.543,19198,13,14455,43.8,43.4,20.2,104.8,2.3,450808,26419,29,29,bbr1
0.553,22046,15,17335,43.6,42.2,20.2,104.8,2.1,450808,26423,29,29,bbr1
0.559,24894,17,17335,43.2,40.5,20.2,104.8,2.4,563510,26425,29,29,bbr1
0.566,27005,18,18775,42.9,40.9,20.2,104.8,2.4,563510,26428,29,29,bbr1
0.572,27005,18,18775,42.7,41.0,20.2,104.8,2.3,563510,26430,29,29,bbr1
0.579,27005,18,20215,42.6,41.9,20.2,104.8,1.9,563510,26433,29,29,bbr1
0.591,19237,13,18720,41.5,39.9,20.2,104.8,2.8,338106,26436,29,29,bbr1
0.598,22085,15,17280,41.4,40.1,20.2,104.8,2.4,338106,26437,29,29,bbr1
0.606,24933,17,18720,41.5,42.1,20.2,104.8,2.0,450808,26440,29,29,bbr1
0.612,27005,18,18720,41.8,43.9,20.2,104.8,2.1,450808,26442,29,29,bbr1
0.622,27005,18,20160,42.2,45.1,20.2,104.8,2.4,450808,26445,29,29,bbr1
0.629,27005,18,20160,42.7,46.8,20.2,104.8,3.0,450808,26447,29,29,bbr1
0.635,27005,18,20160,43.5,48.5,20.2,104.8,3.7,450808,26449,29,29,bbr1
0.646,19198,13,17280,43.7,42.7,20.2,104.8,2.8,450808,26451,29,29,bbr1
0.653,22046,15,17280,43.8,45.0,20.2,104.8,2.5,450808,26453,29,29,bbr1
0.663,24894,17,20160,44.1,46.0,20.2,104.8,2.4,450808,26457,29,29,bbr1
0.669,27005,18,20160,44.4,46.4,20.2,104.8,2.4,563510,26459,29,29,bbr1
0.676,27005,18,20160,44.5,44.9,20.2,104.8,1.9,563510,26462,29,29,bbr1
0.684,27005,18,21600,44.6,45.7,20.2,104.8,1.7,563510,26465,29,29,bbr1
0.699,20622,14,18720,43.8,41.0,20.2,104.8,2.4,338106,26468,29,29,bbr1
0.706,23470,16,18720,43.9,44.9,20.2,104.8,2.1,338106,26470,29,29,bbr1
0.716,26318,18,20160,44.0,45.0,20.2,104.8,1.9,338106,26473,29,29,bbr1
0.721,27005,18,18720,44.4,47.0,20.2,104.8,2.1,338106,26474,29,29,bbr1
0.729,27005,18,18720,45.0,48.8,20.2,104.8,2.7,338106,26476,29,29,bbr1
0.737,27005,18,18720,45.6,50.1,20.2,104.8,3.3,338106,26478,29,29,bbr1
0.742,27005,18,17280,46.4,52.2,20.2,104.8,4.1,338106,26479,29,29,bbr1
0.749,27005,18,15840,46.4,46.3,20.2,104.8,3.1,450808,26481,29,29,bbr1
0.764,19198,13,14400,46.6,46.3,20.2,104.8,2.1,450808,26484,29,29,bbr1
0.774,22046,15,17280,46.3,44.5,20.2,104.8,2.1,450808,26488,29,29,bbr1
0.780,24894,17,17280,45.9,43.0,20.2,104.8,2.4,450808,26490,29,29,bbr1
0.787,27005,18,17280,45.3,41.3,20.2,104.8,2.9,450808,26492,29,29,bbr1
0.793,27005,18,17280,44.7,40.7,20.2,104.8,3.4,450808,26494,29,29,bbr1
0.800,27005,18,17280,44.3,41.2,20.2,104.8,3.4,450808,26496,29,29,bbr1
0.812,19198,13,14400,42.8,39.7,20.2,104.8,4.4,563510,26498,29,29,bbr1
0.820,22046,15,17280,42.4,39.9,20.2,104.8,4.0,563510,26502,29,29,bbr1
0.828,24894,17,18720,42.2,40.6,20.2,104.8,3.5,563510,26505,29,29,bbr1
0.835,27005,18,18720,41.9,39.6,20.2,104.8,3.3,563510,26508,29,29,bbr1
0.843,27005,18,20160,41.6,40.0,20.2,104.8,2.9,563510,26511,29,29,bbr1
0.858,20622,14,17280,40.5,38.8,20.2,104.8,3.5,338106,26514,29,29,bbr1
0.867,23470,16,18720,40.6,41.2,20.2,104.8,2.8,338106,26517,29,29,bbr1
0.876,26318,18,18720,40.8,42.4,20.2,104.8,2.6,338106,26519,29,29,bbr1
0.880,27005,18,17280,41.3,44.5,20.2,104.8,2.9,338106,26520,29,29,bbr1
0.887,27005,18,17280,41.9,46.3,20.2,104.8,3.4,450808,26522,29,29,bbr1
0.894,27005,18,17280,42.6,47.6,20.2,104.8,4.0,450808,26524,29,29,bbr1
0.901,27005,18,17280,43.5,49.7,20.2,104.8,4.8,450808,26526,29,29,bbr1
0.906,27005,18,17280,43.4,42.7,20.2,104.8,3.8,450808,26528,29,29,bbr1
0.920,19198,13,15840,43.3,42.2,20.2,104.8,2.5,450808,26531,29,29,bbr1
0.927,22046,15,17280,43.0,41.1,20.2,104.8,2.5,450808,26534,29,29,bbr1
0.936,24894,17,18720,42.8,41.5,20.2,104.8,2.2,556215,26537,29,29,bbr1
0.941,26768,18,18720,42.7,41.8,20.2,104.8,1.9,556215,26539,29,29,bbr1
0.949,26768,18,20160,42.6,42.0,20.2,104.8,1.6,556215,26542,29,29,bbr1
0.958,26768,18,21600,42.7,42.9,20.2,104.8,1.3,333729,26545,29,29,bbr1
0.971,20504,14,15840,42.3,42.7,20.2,104.8,1.5,333729,26546,29,29,bbr1
0.007,26768,18,319,43.3,37.6,20.2,104.8,3.7,444972,26550,29,29,bbr1
0.007,13671,9,2880,41.9,32.2,20.2,104.8,5.5,444972,26552,29,29,bbr1
0.033,19367,13,8640,39.3,21.6,20.2,104.8,9.2,444972,26560,29,29,bbr1
0.043,22215,15,11520,37.6,25.4,20.2,104.8,10.4,444972,26564,29,29,bbr1
0.050,25063,17,11520,36.1,25.9,20.2,104.8,10.7,444972,26566,29,29,bbr1
0.056,26768,18,11520,34.9,26.1,20.2,104.8,10.5,556215,26568,29,29,bbr1
0.064,26768,18,12960,33.8,26.5,20.2,104.8,10.0,556215,26571,29,29,bbr1
0.071,26768,18,14400,33.0,26.9,20.2,104.8,9.2,556215,26574,29,29,bbr1
0.076,26768,18,14400,32.3,27.3,20.2,104.8,8.3,556215,26576,29,29,bbr1
0.084,26768,18,15840,31.6,27.2,20.2,104.8,7.5,556215,26579,29,29,bbr1
0.089,26768,18,15840,31.3,29.3,20.2,104.8,6.2,556215,26581,29,29,bbr1
0.097,26768,18,17280,31.2,30.4,20.2,104.8,4.9,556215,26584,29,29,bbr1
0.105,26768,18,18720,31.4,32.6,20.2,104.8,4.0,556215,26587,29,29,bbr1
0.110,26768,18,18720,31.7,33.8,20.2,104.8,3.6,556215,26589,29,29,bbr1
0.117,26768,18,20160,32.2,36.0,20.2,104.8,3.8,556215,26592,29,29,bbr1
0.127,26768,18,21600,32.9,37.3,20.2,104.8,4.1,333729,26595,29,29,bbr1
0.131,26768,18,20160,33.7,39.3,20.2,104.8,4.7,333729,26596,29,29,bbr1
0.140,26768,18,20160,34.6,40.9,20.2,104.8,5.3,333729,26598,29,29,bbr1
0.144,26768,18,18720,35.6,42.8,20.2,104.8,6.0,333729,26599,29,29,bbr1
0.153,26768,18,18720,36.7,44.1,20.2,104.8,6.7,333729,26601,29,29,bbr1
0.162,26768,18,18720,37.8,46.0,20.2,104.8,7.3,333729,26603,29,29,bbr1
0.171,19080,13,14400,40.3,49.0,20.2,104.8,8.4,444972,26604,29,29,bbr1
0.181,21928,15,17280,41.4,48.9,20.2,104.8,8.5,444972,26608,29,29,bbr1
0.188,26200,18,15840,41.8,44.9,20.2,104.8,7.2,444972,26610,29,29,bbr1
0.194,26768,18,15840,42.0,43.1,20.2,104.8,5.8,444972,26612,29,29,bbr1
0.200,26768,18,15840,41.9,41.4,20.2,104.8,4.5,444972,26614,29,29,bbr1
0.210,17656,12,15840,40.9,34.1,20.2,104.8,5.3,444972,26617,29,29,bbr1
0.217,20504,14,15840,40.5,37.9,20.2,104.8,4.7,444972,26619,29,29,bbr1
0.226,23352,16,17280,40.3,38.3,20.2,104.8,4.1,444972,26622,29,29,bbr1
0.233,26200,18,17280,40.0,38.2,20.2,104.8,3.6,444972,26624,29,29,bbr1
0.239,26761,18,17280,39.8,38.6,20.2,104.8,3.0,444814,26626,29,29,bbr1
0.246,26761,18,17280,39.8,39.4,20.2,104.8,2.4,444814,26628,29,29,bbr1
0.258,19076,13,14400,39.7,39.2,20.2,104.8,1.5,444814,26630,29,29,bbr1
0.268,21924,15,17280,39.8,40.5,20.2,104.8,1.3,444814,26634,29,29,bbr1
0.274,24772,17,17280,39.9,40.8,20.2,104.8,1.3,556017,26636,29,29,bbr1
0.279,26761,18,17280,40.1,41.0,20.2,104.8,1.2,556017,26638,29,29,bbr1
0.287,26761,18,18720,40.3,41.7,20.2,104.8,1.3,556017,26641,29,29,bbr1
0.295,26761,18,20160,40.5,41.9,20.2,104.8,1.4,556017,26644,29,29,bbr1
0.307,19076,13,17335,39.9,39.7,20.2,104.8,1.7,333610,26647,29,29,bbr1
0.313,21924,15,17335,39.9,40.0,20.2,104.8,1.3,333610,26649,29,29,bbr1
0.323,24772,17,18775,40.1,41.8,20.2,104.8,1.4,444814,26652,29,29,bbr1
0.329,26761,18,18775,40.5,42.9,20.2,104.8,1.8,444814,26654,29,29,bbr1
0.336,26761,18,18775,41.1,45.1,20.2,104.8,2.5,444814,26656,29,29,bbr1
0.342,26761,18,18775,41.8,46.6,20.2,104.8,3.2,444814,26658,29,29,bbr1
0.349,26761,18,18775,42.4,46.7,20.2,104.8,3.7,444814,26660,29,29,bbr1
0.356,17691,12,17280,42.2,41.3,20.2,104.8,3.0,444814,26662,29,29,bbr1
0.363,20539,14,15840,42.2,41.9,20.2,104.8,2.4,444814,26663,29,29,bbr1
0.373,23387,16,18720,42.1,41.9,20.2,104.8,1.9,444814,26667,29,29,bbr1
0.380,26235,18,18720,42.2,42.6,20.2,104.8,1.5,444814,26669,29,29,bbr1
0.386,26761,18,18720,42.3,42.8,20.2,104.8,1.3,444814,26671,29,29,bbr1
0.393,26761,18,18720,42.4,43.5,20.2,104.8,1.3,444814,26673,29,29,bbr1
0.399,26761,18,18720,42.6,43.7,20.2,104.8,1.3,444814,26675,29,29,bbr1
0.405,17652,12,17280,42.2,39.3,20.2,104.8,1.8,444814,26677,29,29,bbr1
0.414,20500,14,15840,42.3,43.1,20.2,104.8,1.5,444814,26678,29,29,bbr1
0.424,23348,16,18720,42.4,43.3,20.2,104.8,1.4,444814,26682,29,29,bbr1
0.430,26196,18,18720,42.5,43.5,20.2,104.8,1.3,556017,26684,29,29,bbr1
0.435,26761,18,18720,42.7,44.2,20.2,104.8,1.4,556017,26686,29,29,bbr1
0.443,26761,18,20160,42.9,44.1,20.2,104.8,1.4,556017,26689,29,29,bbr1
0.453,26761,18,21600,43.2,44.9,20.2,104.8,1.5,333610,26692,29,29,bbr1
0.466,20500,14,15840,42.7,43.1,20.2,104.8,1.7,333610,26693,29,29,bbr1
0.474,23348,16,17280,42.8,43.3,20.2,104.8,1.4,444814,26696,29,29,bbr1
0.480,26196,18,17280,43.1,45.1,20.2,104.8,1.6,444814,26698,29,29,bbr1
0.486,26761,18,17280,43.5,46.3,20.2,104.8,2.0,444814,26700,29,29,bbr1
0.496,26761,18,18720,44.1,48.4,20.2,104.8,2.8,444814,26703,29,29,bbr1
0.502,26761,18,18720,44.8,50.1,20.2,104.8,3.6,444814,26705,29,29,bbr1
0.509,17652,12,17280,44.1,39.2,20.2,104.8,4.1,444814,26707,29,29,bbr1
0.517,21924,15,14400,43.6,40.0,20.2,104.8,4.1,444814,26708,29,29,bbr1
0.527,24772,17,17280,43.3,40.8,20.2,104.8,3.8,444814,26712,29,29,bbr1
0.534,26761,18,17280,43.0,41.2,20.2,104.8,3.4,444814,26714,29,29,bbr1
0.540,26761,18,17280,42.8,41.3,20.2,104.8,2.9,444814,26716,29,29,bbr1
0.546,26761,18,17280,42.7,41.9,20.2,104.8,2.4,444814,26718,29,29,bbr1
0.556,26761,18,18720,42.6,42.3,20.2,104.8,1.9,444814,26721,29,29,bbr1
0.567,19076,13,15840,41.9,41.4,20.2,104.8,2.2,556017,26723,29,29,bbr1
0.574,21924,15,17280,41.9,41.8,20.2,104.8,1.7,556017,26726,29,29,bbr1
0.583,24772,17,20160,41.9,42.0,20.2,104.8,1.3,556017,26730,29,29,bbr1
0.589,26761,18,20160,42.0,42.5,20.2,104.8,1.1,333610,26732,29,29,bbr1
0.598,26761,18,20160,42.1,42.9,20.2,104.8,1.0,333610,26734,29,29,bbr1
0.602,26761,18,18720,42.2,43.1,20.2,104.8,1.0,333610,26735,29,29,bbr1
0.611,17652,12,17280,41.9,39.4,20.2,104.8,1.5,333610,26737,29,29,bbr1
0.618,20500,14,15840,42.0,42.7,20.2,104.8,1.3,444814,26738,29,29,bbr1
0.628,23348,16,18720,42.5,46.0,20.2,104.8,2.0,444814,26742,29,29,bbr1
0.635,26196,18,18720,43.1,47.5,20.2,104.8,2.8,444388,26744,29,29,bbr1
0.641,26744,18,18720,43.7,47.5,20.2,104.8,3.2,444388,26746,29,29,bbr1
0.648,26744,18,18720,43.9,45.6,20.2,104.8,2.9,444388,26748,29,29,bbr1
0.654,26744,18,18720,43.9,44.1,20.2,104.8,2.2,444388,26750,29,29,bbr1
0.660,17644,12,17280,43.3,39.2,20.2,104.8,2.8,444388,26752,29,29,bbr1
0.669,20492,14,15840,43.3,43.0,20.2,104.8,2.2,444388,26753,29,29,bbr1
0.679,24764,17,17280,43.1,41.3,20.2,104.8,2.1,444388,26757,29,29,bbr1
0.686,26744,18,17280,43.0,42.2,20.2,104.8,1.8,444388,26759,29,29,bbr1
0.692,26744,18,17280,42.9,42.4,20.2,104.8,1.5,444388,26761,29,29,bbr1
0.699,26744,18,17280,42.9,42.9,20.2,104.8,1.1,444388,26763,29,29,bbr1
0.712,19068,13,15895,42.3,37.6,20.2,104.8,2.1,444388,26767,29,29,bbr1
0.719,21916,15,17335,42.2,41.4,20.2,104.8,1.8,444388,26770,29,29,bbr1
0.728,24764,17,18775,42.1,41.7,20.2,104.8,1.4,444388,26773,29,29,bbr1
0.735,26744,18,18775,42.1,41.9,20.2,104.8,1.1,444388,26775,29,29,bbr1
0.742,26744,18,18775,42.1,42.5,20.2,104.8,0.9,444388,26777,29,29,bbr1
0.748,26744,18,18775,42.2,42.9,20.2,104.8,0.9,555485,26779,29,29,bbr1
0.764,20531,14,15840,42.0,42.9,20.2,104.8,1.3,555485,26782,29,29,bbr1
0.772,23379,16,18720,42.2,43.5,20.2,104.8,1.3,555485,26786,29,29,bbr1
0.779,26227,18,20160,42.4,44.0,20.2,104.8,1.4,555485,26789,29,29,bbr1
0.786,26744,18,20160,42.7,44.4,20.2,104.8,1.6,333291,26791,29,29,bbr1
0.795,26744,18,20160,42.9,44.6,20.2,104.8,1.6,333291,26793,29,29,bbr1
0.799,26744,18,18720,43.3,46.5,20.2,104.8,2.1,333291,26794,29,29,bbr1
0.808,17644,12,17280,42.8,39.3,20.2,104.8,2.6,333291,26796,29,29,bbr1
0.815,20492,14,15840,43.0,43.7,20.2,104.8,2.2,444388,26797,29,29,bbr1
0.825,23340,16,18720,43.3,45.4,20.2,104.8,2.2,444388,26801,29,29,bbr1
0.832,26188,18,18720,43.8,47.5,20.2,104.8,2.8,434164,26803,29,29,bbr1
0.838,26327,18,18720,44.3,47.5,20.2,104.8,3.0,434164,26805,29,29,bbr1
0.845,26327,18,18720,44.4,45.3,20.2,104.8,2.5,434164,26807,29,29,bbr1
0.851,17435,12,17280,44.0,41.3,20.2,104.8,2.6,434164,26809,29,29,bbr1
0.858,20283,14,15840,43.2,37.6,20.2,104.8,3.6,434164,26810,29,29,bbr1
0.868,23131,16,18720,43.0,41.3,20.2,104.8,3.2,434164,26814,29,29,bbr1
0.875,25979,18,18720,42.8,41.7,20.2,104.8,2.7,434164,26816,29,29,bbr1
0.881,26327,18,18720,42.7,41.7,20.2,104.8,2.3,434164,26818,29,29,bbr1
0.888,26327,18,18720,42.6,42.1,20.2,104.8,1.9,434164,26820,29,29,bbr1
0.894,26327,18,18720,42.6,42.4,20.2,104.8,1.5,434164,26822,29,29,bbr1
0.901,17435,12,17280,42.2,39.3,20.2,104.8,1.9,434164,26824,29,29,bbr1
0.909,20283,14,15840,42.2,42.8,20.2,104.8,1.6,434164,26825,29,29,bbr1
0.919,23131,16,18720,42.4,43.1,20.2,104.8,1.4,434164,26829,29,29,bbr1
0.925,25979,18,18720,42.5,43.3,20.2,104.8,1.3,542705,26831,29,29,bbr1
0.931,26327,18,18720,42.6,43.4,20.2,104.8,1.2,542705,26833,29,29,bbr1
0.939,26327,18,20160,42.7,43.4,20.2,104.8,1.1,542705,26836,29,29,bbr1
0.945,26327,18,20160,42.8,43.9,20.2,104.8,1.1,325623,26838,29,29,bbr1
0.961,20283,14,15840,42.5,43.0,20.2,104.8,1.4,325623,26840,29,29,bbr1
0.968,23131,16,17280,42.6,43.2,20.2,104.8,1.3,434164,26843,29,29,bbr1
0.975,25979,18,17280,42.8,44.3,20.2,104.8,1.4,434164,26845,29,29,bbr1
0.982,26327,18,17280,43.2,46.3,20.2,104.8,1.9,434164,26847,29,29,bbr1
0.988,26327,18,17280,43.8,47.6,20.2,104.8,2.5,434164,26849,29,29,bbr1
0.995,26327,18,17280,44.2,47.6,20.2,104.8,2.8,434164,26851,29,29,bbr1
1.002,17435,12,15840,43.7,39.6,20.2,104.8,3.3,434164,26853,29,29,bbr1
1.011,20283,14,15840,43.2,40.1,20.2,104.8,3.4,434164,26855,29,29,bbr1
1.019,23131,16,17280,42.8,40.2,20.2,104.8,3.3,434164,26858,29,29,bbr1
0.046,25979,18,17280,42.5,40.1,20.2,104.8,3.1,434164,26860,29,29,bbr1
0.006,26091,18,0,41.2,39.3,20.2,104.8,1.6,542705,26863,29,29,bbr1
0.033,26327,18,12960,39.0,23.0,20.2,104.8,5.8,542705,26876,29,29,bbr1
0.041,26327,18,14400,37.6,27.8,20.2,104.8,7.1,542705,26879,29,29,bbr1
0.049,26327,18,15840,36.5,29.2,20.2,104.8,7.4,542705,26882,29,29,bbr1
0.057,26327,18,17280,35.8,30.8,20.2,104.8,7.0,542705,26885,29,29,bbr1
0.062,26327,18,17280,35.4,32.6,20.2,104.8,6.0,542705,26887,29,29,bbr1
0.070,26327,18,18720,35.2,34.0,20.2,104.8,4.9,542705,26890,29,29,bbr1
0.078,26327,18,20160,35.3,35.7,20.2,104.8,3.8,542705,26893,29,29,bbr1
0.085,26327,18,20160,35.5,37.3,20.2,104.8,3.3,325623,26895,29,29,bbr1
0.089,26327,18,18720,35.9,38.3,20.2,104.8,3.2,325623,26896,29,29,bbr1
0.099,26327,18,18720,36.4,40.0,20.2,104.8,3.4,325623,26898,29,29,bbr1
0.103,26327,18,17280,37.1,41.9,20.2,104.8,3.9,325623,26899,29,29,bbr1
0.110,26327,18,17280,37.8,43.0,20.2,104.8,4.4,434164,26901,29,29,bbr1
0.117,26327,18,17280,38.7,45.0,20.2,104.8,5.1,434164,26903,29,29,bbr1
0.124,26327,18,17280,39.7,46.6,20.2,104.8,5.8,434164,26905,29,29,bbr1
0.130,26327,18,17280,40.7,48.0,20.2,104.8,6.4,434164,26907,29,29,bbr1
0.140,26327,18,18720,41.4,45.9,20.2,104.8,6.1,434164,26910,29,29,bbr1
0.151,18859,13,15840,41.7,41.8,20.2,104.8,3.9,434164,26912,29,29,bbr1
0.158,21707,15,17280,41.7,42.2,20.2,104.8,3.0,434164,26915,29,29,bbr1
0.165,24555,17,17280,41.8,42.5,20.2,104.8,2.5,434164,26917,29,29,bbr1
0.174,26327,18,18720,42.0,42.7,20.2,104.8,2.1,434164,26920,29,29,bbr1
0.181,26327,18,18720,42.1,42.9,20.2,104.8,1.8,434164,26922,29,29,bbr1
0.188,26327,18,17280,42.0,41.6,20.2,104.8,1.5,434164,26924,29,29,bbr1
0.194,26327,18,17280,41.5,37.7,20.2,104.8,2.2,434164,26926,29,29,bbr1
0.207,18859,13,14400,41.3,40.7,20.2,104.8,1.5,434164,26928,29,29,bbr1
0.217,21707,15,17280,41.3,41.5,20.2,104.8,1.2,434164,26932,29,29,bbr1
0.223,24555,17,17280,41.4,41.7,20.2,104.8,1.0,542705,26934,29,29,bbr1
0.229,26327,18,17280,41.4,41.9,20.2,104.8,0.8,542705,26936,29,29,bbr1
0.237,26327,18,18720,41.5,42.0,20.2,104.8,0.8,542705,26939,29,29,bbr1
0.242,26327,18,18720,41.6,42.3,20.2,104.8,0.8,542705,26941,29,29,bbr1
0.250,26249,18,20160,40.9,35.8,20.2,104.8,2.0,540300,26944,29,29,bbr1
0.262,18820,13,17280,40.6,39.7,20.2,104.8,1.7,324180,26946,29,29,bbr1
0.269,21668,15,17280,40.6,40.8,20.2,104.8,1.3,324180,26948,29,29,bbr1
0.279,24516,17,18720,40.9,42.8,20.2,104.8,1.5,432240,26951,29,29,bbr1
0.286,26249,18,18720,41.3,44.2,20.2,104.8,2.0,432240,26953,29,29,bbr1
0.293,26249,18,18720,41.9,45.9,20.2,104.8,2.6,432240,26955,29,29,bbr1
0.299,26249,18,18720,42.5,47.4,20.2,104.8,3.3,432240,26957,29,29,bbr1
0.305,26249,18,18720,43.3,48.4,20.2,104.8,4.0,432240,26959,29,29,bbr1
0.312,26249,18,18720,43.2,42.8,20.2,104.8,3.1,432240,26961,29,29,bbr1
0.324,18820,13,15840,43.3,43.0,20.2,104.8,2.0,432240,26963,29,29,bbr1
0.331,21668,15,17280,43.3,43.1,20.2,104.8,1.5,432240,26966,29,29,bbr1
0.340,24516,17,18720,43.2,43.0,20.2,104.8,1.2,432240,26969,29,29,bbr1
0.347,26249,18,18720,43.3,43.7,20.2,104.8,1.0,432240,26971,29,29,bbr1
0.350,26249,18,17280,43.1,42.2,20.2,104.8,1.0,432240,26972,29,29,bbr1
0.357,26249,18,17280,43.0,42.3,20.2,104.8,1.0,432240,26974,29,29,bbr1
0.364,26249,18,15840,42.4,37.7,20.2,104.8,2.1,432240,26976,29,29,bbr1
0.380,18820,13,14400,42.1,41.4,20.2,104.8,1.6,432240,26979,29,29,bbr1
0.390,21668,15,17280,42.0,41.5,20.2,104.8,1.4,432240,26983,29,29,bbr1
0.396,24516,17,17280,42.0,41.6,20.2,104.8,1.1,531183,26985,29,29,bbr1
0.402,25952,18,17280,41.9,41.7,20.2,104.8,0.9,531183,26987,29,29,bbr1
0.410,25952,18,18720,42.0,42.1,20.2,104.8,0.7,531183,26990,29,29,bbr1
0.415,25952,18,18720,42.0,42.3,20.2,104.8,0.6,531183,26992,29,29,bbr1
0.423,25952,18,20160,41.2,35.9,20.2,104.8,2.0,531183,26995,29,29,bbr1
0.435,18672,12,17280,40.8,39.6,20.2,104.8,1.8,318710,26997,29,29,bbr1
0.442,21520,14,15840,40.8,40.7,20.2,104.8,1.4,318710,26998,29,29,bbr1
0.450,24368,16,17280,41.0,42.0,20.2,104.8,1.3,424947,27001,29,29,bbr1
0.457,25952,18,17280,41.3,44.0,20.2,104.8,1.8,424947,27003,29,29,bbr1
0.463,25952,18,17280,41.8,45.1,20.2,104.8,2.3,424947,27005,29,29,bbr1
0.470,25952,18,17280,42.4,46.4,20.2,104.8,2.8,424947,27007,29,29,bbr1
0.477,25952,18,17280,43.1,47.8,20.2,104.8,3.5,424947,27009,29,29,bbr1
0.484,17248,11,15840,42.6,39.3,20.2,104.8,3.5,435997,27011,29,29,bbr1
0.493,20096,13,14400,42.5,41.7,20.2,104.8,2.9,435997,27012,29,29,bbr1
0.503,22944,15,17280,42.4,41.6,20.2,104.8,2.4,435997,27016,29,29,bbr1
0.510,26402,18,15840,42.1,40.2,20.2,104.8,2.3,435997,27018,29,29,bbr1
0.516,26402,18,15840,41.9,40.2,20.2,104.8,2.2,435997,27020,29,29,bbr1
0.523,26402,18,15840,41.7,40.3,20.2,104.8,2.1,435997,27022,29,29,bbr1
0.530,17473,12,14400,40.7,34.4,20.2,104.8,3.4,435997,27024,29,29,bbr1
0.539,20321,14,15840,40.4,37.8,20.2,104.8,3.3,435997,27027,29,29,bbr1
0.549,23169,16,17280,40.1,38.0,20.2,104.8,3.0,435997,27030,29,29,bbr1
0.555,26017,18,17280,39.9,38.2,20.2,104.8,2.7,544996,27032,29,29,bbr1
0.561,26402,18,17280,39.7,38.5,20.2,104.8,2.4,544996,27034,29,29,bbr1
0.569,26402,18,18720,39.5,38.5,20.2,104.8,2.1,544996,27037,29,29,bbr1
0.580,18897,13,15840,39.4,39.2,20.2,104.8,1.3,544996,27039,29,29,bbr1
0.588,21745,15,17280,39.4,39.5,20.2,104.8,1.0,544996,27042,29,29,bbr1
0.596,24593,17,20160,39.5,39.8,20.2,104.8,0.8,544996,27046,29,29,bbr1
0.603,26402,18,20160,39.6,40.7,20.2,104.8,0.9,326997,27048,29,29,bbr1
0.612,26402,18,20160,40.0,42.9,20.2,104.8,1.5,326997,27050,29,29,bbr1
0.617,26402,18,18720,40.6,44.2,20.2,104.8,2.2,326997,27051,29,29,bbr1
0.626,26984,18,17280,40.4,39.3,20.2,104.8,1.9,337711,27053,29,29,bbr1
0.639,19188,13,14400,41.2,45.4,20.2,104.8,2.6,450282,27055,29,29,bbr1
0.649,22036,15,17280,42.0,47.4,20.2,104.8,3.5,450282,27059,29,29,bbr1
0.655,24884,17,17280,42.6,47.2,20.2,104.8,3.9,450282,27061,29,29,bbr1
0.661,26984,18,17280,43.0,45.3,20.2,104.8,3.6,450282,27063,29,29,bbr1
0.667,26984,18,17280,43.0,43.3,20.2,104.8,2.8,450282,27065,29,29,bbr1
0.674,26984,18,17280,42.6,39.7,20.2,104.8,2.9,450282,27067,29,29,bbr1
0.680,26984,18,17280,41.5,34.1,20.2,104.8,4.3,450282,27069,29,29,bbr1
0.692,19188,13,14400,40.7,38.2,20.2,104.8,3.8,450282,27071,29,29,bbr1
0.702,22036,15,17280,40.5,38.9,20.2,104.8,3.3,450282,27075,29,29,bbr1
0.708,24884,17,17280,40.3,39.3,20.2,104.8,2.8,562852,27077,29,29,bbr1
0.712,26984,18,17280,40.3,39.8,20.2,104.8,2.2,562852,27079,29,29,bbr1
0.720,26984,18,18720,40.2,40.0,20.2,104.8,1.7,562852,27082,29,29,bbr1
0.728,26984,18,20160,40.3,40.7,20.2,104.8,1.4,562852,27085,29,29,bbr1
0.740,19188,13,18720,39.8,39.8,20.2,104.8,1.6,337711,27088,29,29,bbr1
0.746,22036,15,17280,39.8,40.0,20.2,104.8,1.3,337711,27089,29,29,bbr1
0.754,24884,17,18720,40.1,41.9,20.2,104.8,1.5,450282,27092,29,29,bbr1
0.760,26984,18,18720,40.4,43.1,20.2,104.8,1.9,450282,27094,29,29,bbr1
0.770,26984,18,20160,41.0,45.1,20.2,104.8,2.6,450282,27097,29,29,bbr1
0.776,26984,18,20160,41.8,47.1,20.2,104.8,3.5,450282,27099,29,29,bbr1
0.783,26984,18,20160,42.7,48.8,20.2,104.8,4.3,450282,27101,29,29,bbr1
0.795,19188,13,17280,43.1,42.9,20.2,104.8,3.2,450282,27103,29,29,bbr1
0.801,22036,15,17280,43.3,45.1,20.2,104.8,2.9,450282,27105,29,29,bbr1
0.810,24884,17,20160,43.7,46.1,20.2,104.8,2.8,562852,27109,29,29,bbr1
0.815,26984,18,20160,44.0,46.6,20.2,104.8,2.9,562852,27111,29,29,bbr1
0.823,26984,18,21600,44.4,46.8,20.2,104.8,2.8,562852,27114,29,29,bbr1
0.831,26984,18,20160,44.6,45.9,20.2,104.8,2.5,337711,27116,29,29,bbr1
0.848,20612,14,15840,43.7,41.0,20.2,104.8,2.9,337711,27118,29,29,bbr1
0.855,23460,16,17280,43.8,44.8,20.2,104.8,2.5,450282,27121,29,29,bbr1
0.861,26308,18,17280,44.2,46.5,20.2,104.8,2.5,450282,27123,29,29,bbr1
0.871,26984,18,18720,44.6,47.7,20.2,104.8,2.8,450282,27126,29,29,bbr1
0.877,26984,18,18720,45.3,50.0,20.2,104.8,3.4,450282,27128,29,29,bbr1
0.884,26984,18,18720,45.7,48.5,20.2,104.8,3.4,450282,27130,29,29,bbr1
0.891,17764,12,17280,44.9,39.2,20.2,104.8,4.1,450282,27132,29,29,bbr1
0.899,20612,14,15840,44.5,41.7,20.2,104.8,3.9,450282,27133,29,29,bbr1
0.909,23460,16,18720,44.2,42.5,20.2,104.8,3.4,450282,27137,29,29,bbr1
0.915,26308,18,18720,44.1,43.0,20.2,104.8,2.9,450282,27139,29,29,bbr1
0.922,26984,18,18720,44.0,43.5,20.2,104.8,2.3,450282,27141,29,29,bbr1
0.934,26984,18,18720,44.1,44.6,20.2,104.8,1.4,562852,27145,29,29,bbr1
0.951,20612,14,15840,43.5,43.4,20.2,104.8,1.7,562852,27148,29,29,bbr1
0.959,23460,16,18720,43.5,43.6,20.2,104.8,1.3,562852,27152,29,29,bbr1
0.966,26308,18,20160,43.6,44.3,20.2,104.8,1.1,562852,27155,29,29,bbr1
0.973,26984,18,20160,43.7,44.2,20.2,104.8,1.0,337711,27157,29,29,bbr1
0.981,26984,18,20160,43.9,45.1,20.2,104.8,1.1,337711,27159,29,29,bbr1
0.986,26984,18,18720,44.2,46.8,20.2,104.8,1.5,337711,27160,29,29,bbr1
0.990,17764,12,15840,43.4,37.3,20.2,104.8,2.9,337711,27161,29,29,bbr1
1.000,20612,14,15840,43.2,42.4,20.2,104.8,2.4,450282,27163,29,29,bbr1
1.007,23460,16,17280,43.3,44.0,20.2,104.8,2.0,450282,27166,29,29,bbr1
1.017,26308,18,18720,43.6,45.5,20.2,104.8,2.0,450282,27169,29,29,bbr1
0.007,26984,18,0,40.7,25.2,20.2,104.8,5.4,450282,27172,29,29,bbr1
0.007,26984,18,0,39.2,28.1,20.2,104.8,7.2,450282,27174,29,29,bbr1
0.035,26984,18,11520,37.4,25.2,20.2,104.8,8.9,562852,27186,29,29,bbr1
0.045,26984,18,14400,36.4,29.1,20.2,104.8,8.7,562852,27190,29,29,bbr1
0.051,26984,18,14400,35.5,29.5,20.2,104.8,8.3,562852,27192,29,29,bbr1
0.058,26984,18,15840,34.8,29.9,20.2,104.8,7.6,562852,27195,29,29,bbr1
0.066,26984,18,17280,34.3,30.5,20.2,104.8,6.8,562852,27198,29,29,bbr1
0.074,26984,18,18720,34.0,32.1,20.2,104.8,5.6,562852,27201,29,29,bbr1
0.079,26984,18,18720,34.0,33.8,20.2,104.8,4.3,562852,27203,29,29,bbr1
0.086,26984,18,20160,34.2,35.6,20.2,104.8,3.6,562852,27206,29,29,bbr1
0.096,26984,18,21600,34.6,37.2,20.2,104.8,3.5,337711,27209,29,29,bbr1
0.100,26984,18,20160,35.1,39.1,20.2,104.8,3.7,337711,27210,29,29,bbr1
0.109,26984,18,20160,35.8,40.7,20.2,104.8,4.2,337711,27212,29,29,bbr1
0.113,26984,18,18720,36.7,42.6,20.2,104.8,4.8,337711,27213,29,29,bbr1
0.122,26984,18,18720,37.6,44.2,20.2,104.8,5.5,337711,27215,29,29,bbr1
0.130,26984,18,18720,38.7,46.1,20.2,104.8,6.2,337711,27217,29,29,bbr1
0.134,26984,18,17280,39.8,47.7,20.2,104.8,6.9,337711,27218,29,29,bbr1
0.147,19188,13,14455,42.1,49.5,20.2,104.8,7.9,450282,27221,29,29,bbr1
0.157,22036,15,17335,42.8,47.9,20.2,104.8,7.3,450282,27225,29,29,bbr1
0.163,24884,17,17335,43.2,46.2,20.2,104.8,6.4,450282,27227,29,29,bbr1
0.170,26253,18,17335,43.3,44.2,20.2,104.8,5.0,432336,27229,29,29,bbr1
0.176,26253,18,17335,43.3,42.7,20.2,104.8,3.9,432336,27231,29,29,bbr1
0.183,26253,18,17335,43.0,41.0,20.2,104.8,3.5,432336,27233,29,29,bbr1
0.189,26253,18,17280,42.1,36.0,20.2,104.8,4.4,432336,27235,29,29,bbr1
0.202,20246,14,13015,41.5,38.8,20.2,104.8,3.6,432336,27238,29,29,bbr1
0.212,23094,16,15895,41.2,39.1,20.2,104.8,3.3,432336,27242,29,29,bbr1
0.219,25942,18,15895,40.9,39.2,20.2,104.8,3.0,432336,27244,29,29,bbr1
0.225,26253,18,15895,40.7,39.1,20.2,104.8,2.7,432336,27246,29,29,bbr1
0.232,26263,18,15895,40.6,39.7,20.2,104.8,2.3,432584,27248,29,29,bbr1
0.239,17442,12,14400,39.8,34.3,20.2,104.8,3.3,432584,27250,29,29,bbr1
0.248,20290,14,15840,39.5,37.9,20.2,104.8,2.9,432584,27253,29,29,bbr1
0.255,23138,16,15840,39.4,38.1,20.2,104.8,2.6,432584,27255,29,29,bbr1
0.262,25986,18,15840,39.2,38.3,20.2,104.8,2.2,540730,27257,29,29,bbr1
0.269,26263,18,17280,38.9,36.7,20.2,104.8,2.3,540730,27260,29,29,bbr1
0.275,26263,18,17280,38.6,36.8,20.2,104.8,2.2,540730,27262,29,29,bbr1
0.283,26263,18,20160,38.4,36.6,20.2,104.8,2.2,540730,27265,29,29,bbr1
0.290,18827,13,17280,37.8,33.9,20.2,104.8,2.7,324438,27267,29,29,bbr1
0.298,21675,15,17280,37.4,34.1,20.2,104.8,3.0,324438,27269,29,29,bbr1
0.303,24523,17,15840,37.3,37.2,20.2,104.8,2.3,329989,27270,29,29,bbr1
0.310,26970,18,15840,37.5,38.9,20.2,104.8,2.1,449931,27272,29,29,bbr1
0.317,26970,18,15840,37.9,40.0,20.2,104.8,2.2,449931,27274,29,29,bbr1
0.327,26970,18,17280,38.3,41.5,20.2,104.8,2.6,449931,27277,29,29,bbr1
0.333,27322,18,17280,39.0,43.5,20.2,104.8,3.2,458587,27279,29,29,bbr1
0.344,19357,13,14400,39.3,39.4,20.2,104.8,2.3,458587,27281,29,29,bbr1
0.354,22205,15,17280,39.2,38.8,20.2,104.8,1.8,458587,27285,29,29,bbr1
0.366,27322,18,15840,39.1,38.0,20.2,104.8,1.4,458587,27289,29,29,bbr1
0.375,27322,18,17280,39.0,38.7,20.2,104.8,1.1,458587,27292,29,29,bbr1
0.382,17933,12,15840,38.4,34.2,20.2,104.8,2.0,458587,27294,29,29,bbr1
0.390,20781,14,15840,38.4,38.0,20.2,104.8,1.6,458587,27296,29,29,bbr1
0.397,23629,16,17280,38.3,38.2,20.2,104.8,1.3,458587,27299,29,29,bbr1
0.406,26477,18,18720,38.4,38.7,20.2,104.8,1.1,573233,27302,29,29,bbr1
0.411,27322,18,18720,38.6,39.8,20.2,104.8,1.1,573233,27304,29,29,bbr1
0.419,27322,18,20160,38.8,40.5,20.2,104.8,1.3,573233,27307,29,29,bbr1
0.432,19357,13,18775,39.1,39.5,20.2,104.8,1.2,343940,27311,29,29,bbr1
0.438,22205,15,17335,39.5,42.0,20.2,104.8,1.7,343940,27312,29,29,bbr1
0.447,25053,17,18775,39.9,42.9,20.2,104.8,2.1,343940,27315,29,29,bbr1
0.455,27322,18,18775,40.4,44.1,20.2,104.8,2.6,343940,27317,29,29,bbr1
0.459,27322,18,17335,41.1,46.0,20.2,104.8,3.4,343940,27318,29,29,bbr1
0.467,27322,18,17335,41.9,47.7,20.2,104.8,4.2,458587,27320,29,29,bbr1
0.473,27322,18,17335,42.9,49.5,20.2,104.8,5.0,458587,27322,29,29,bbr1
0.486,19396,13,15895,43.2,42.8,20.2,104.8,3.6,458587,27326,29,29,bbr1
0.493,22244,15,17335,43.4,44.6,20.2,104.8,3.0,458587,27329,29,29,bbr1
0.502,25092,17,18775,43.3,43.0,20.2,104.8,2.4,458587,27332,29,29,bbr1
0.509,27322,18,18775,43.1,41.5,20.2,104.8,2.2,458587,27334,29,29,bbr1
0.515,27322,18,18775,42.9,41.6,20.2,104.8,2.0,458587,27336,29,29,bbr1
0.521,27322,18,18775,42.9,42.7,20.2,104.8,1.6,458587,27338,29,29,bbr1
0.538,20820,14,15840,42.5,42.8,20.2,104.8,1.7,573233,27341,29,29,bbr1
0.546,23668,16,18720,42.6,43.5,20.2,104.8,1.5,573233,27345,29,29,bbr1
0.553,26516,18,20160,42.6,42.6,20.2,104.8,1.1,573233,27348,29,29,bbr1
0.558,27322,18,20160,42.6,42.8,20.2,104.8,0.9,573233,27350,29,29,bbr1
0.565,27322,18,21600,42.8,43.7,20.2,104.8,0.9,573233,27353,29,29,bbr1
0.572,27322,18,21600,43.0,44.4,20.2,104.8,1.1,343940,27355,29,29,bbr1
0.587,20781,14,17280,42.4,43.0,20.2,104.8,1.8,343940,27357,29,29,bbr1
0.595,23629,16,18720,42.6,44.4,20.2,104.8,1.8,458587,27360,29,29,bbr1
0.601,26477,18,18720,43.1,46.5,20.2,104.8,2.4,458587,27362,29,29,bbr1
0.611,27322,18,20160,43.8,48.4,20.2,104.8,3.1,458587,27365,29,29,bbr1
0.617,27322,18,20160,44.6,50.3,20.2,104.8,3.9,458587,27367,29,29,bbr1
0.623,27322,18,20160,45.5,52.0,20.2,104.8,4.8,458587,27369,29,29,bbr1
0.630,27322,18,20160,46.1,50.3,20.2,104.8,4.8,458587,27371,29,29,bbr1
0.642,19357,13,17280,45.7,45.8,20.2,104.8,3.3,458587,27373,29,29,bbr1
0.649,22205,15,17280,45.8,46.1,20.2,104.8,2.6,458587,27375,29,29,bbr1
0.658,25053,17,20160,45.9,46.7,20.2,104.8,2.2,573233,27379,29,29,bbr1
0.663,27322,18,20160,46.1,47.4,20.2,104.8,2.0,573233,27381,29,29,bbr1
0.671,27322,18,21600,46.3,47.6,20.2,104.8,1.9,573233,27384,29,29,bbr1
0.680,27322,18,23040,46.5,48.5,20.2,104.8,2.0,343940,27387,29,29,bbr1
0.684,27322,18,21600,46.8,48.5,20.2,104.8,2.0,343940,27388,29,29,bbr1
0.692,27322,18,21600,46.3,42.8,20.2,104.8,2.5,343940,27390,29,29,bbr1
0.704,19357,13,18720,46.0,46.6,20.2,104.8,2.2,343940,27392,29,29,bbr1
0.711,23629,16,15840,46.2,47.7,20.2,104.8,2.1,343940,27393,29,29,bbr1
0.722,26477,18,18720,46.6,49.6,20.2,104.8,2.4,458587,27397,29,29,bbr1
0.728,27322,18,18720,47.2,51.4,20.2,104.8,3.0,458587,27399,29,29,bbr1
0.735,27322,18,18720,47.7,51.5,20.2,104.8,3.3,458587,27401,29,29,bbr1
0.741,27322,18,18720,47.9,49.5,20.2,104.8,2.9,458587,27403,29,29,bbr1
0.748,27322,18,18720,48.0,48.5,20.2,104.8,2.3,458587,27405,29,29,bbr1
0.753,17933,12,17280,47.1,41.0,20.2,104.8,3.5,458587,27407,29,29,bbr1
0.764,20781,14,15840,46.6,43.1,20.2,104.8,3.6,458587,27408,29,29,bbr1
0.774,23629,16,18720,46.2,43.2,20.2,104.8,3.6,458587,27412,29,29,bbr1
0.779,26477,18,18720,45.9,44.0,20.2,104.8,3.2,458587,27414,29,29,bbr1
0.786,27322,18,18720,45.7,44.4,20.2,104.8,2.8,458587,27416,29,29,bbr1
0.792,27322,18,18720,45.7,45.2,20.2,104.8,2.2,458587,27418,29,29,bbr1
0.798,26290,18,18720,45.6,45.4,20.2,104.8,1.8,541548,27420,29,29,bbr1
0.815,20265,14,15840,44.7,43.3,20.2,104.8,2.5,541548,27423,29,29,bbr1
0.823,23113,16,18720,44.5,43.5,20.2,104.8,2.2,541548,27427,29,29,bbr1
0.831,25961,18,20160,44.5,44.2,20.2,104.8,1.7,541548,27430,29,29,bbr1
0.839,26290,18,20160,44.5,45.0,20.2,104.8,1.4,324929,27432,29,29,bbr1
0.842,26290,18,18720,44.6,45.4,20.2,104.8,1.3,324929,27433,29,29,bbr1
0.851,26290,18,18720,45.0,47.1,20.2,104.8,1.6,324929,27435,29,29,bbr1
0.860,17417,12,17280,44.3,39.5,20.2,104.8,2.6,324929,27437,29,29,bbr1
0.867,21689,15,14400,44.2,43.3,20.2,104.8,2.2,433239,27438,29,29,bbr1
0.877,24537,17,17280,44.3,45.0,20.2,104.8,1.8,433239,27442,29,29,bbr1
0.883,26290,18,17280,44.5,46.2,20.2,104.8,1.9,433239,27444,29,29,bbr1
0.890,26290,18,17280,44.5,44.7,20.2,104.8,1.4,433239,27446,29,29,bbr1
0.897,26290,18,17280,44.3,42.6,20.2,104.8,1.6,433239,27448,29,29,bbr1
0.910,18841,13,14400,43.4,40.6,20.2,104.8,2.4,433239,27450,29,29,bbr1
0.916,21689,15,15840,43.1,40.8,20.2,104.8,2.4,433239,27453,29,29,bbr1
0.923,24537,17,15840,42.8,40.9,20.2,104.8,2.4,433239,27455,29,29,bbr1
0.933,26290,18,17280,42.6,41.1,20.2,104.8,2.2,433239,27458,29,29,bbr1
0.940,26290,18,17280,42.4,41.3,20.2,104.8,2.0,433239,27460,29,29,bbr1
0.947,26290,18,17280,42.3,41.4,20.2,104.8,1.7,433239,27462,29,29,bbr1
0.957,18841,13,14400,41.2,39.1,20.2,104.8,2.8,433239,27464,29,29,bbr1
0.964,21689,15,15840,40.9,39.3,20.2,104.8,2.6,433239,27467,29,29,bbr1
0.973,24537,17,17280,40.8,39.5,20.2,104.8,2.3,541548,27470,29,29,bbr1
0.979,26290,18,17280,40.6,39.7,20.2,104.8,2.0,541548,27472,29,29,bbr1
0.987,26290,18,18720,40.5,39.8,20.2,104.8,1.7,541548,27475,29,29,bbr1
0.992,26290,18,18720,40.4,39.9,20.2,104.8,1.4,541548,27477,29,29,bbr1
1.005,18841,13,17280,39.8,39.4,20.2,104.8,1.8,324929,27480,29,29,bbr1
1.012,21689,15,17280,39.8,39.7,20.2,104.8,1.4,324929,27482,29,29,bbr1
1.019,24537,17,17280,39.9,40.7,20.2,104.8,1.3,324929,27484,29,29,bbr1
1.027,26290,18,17280,40.3,42.7,20.2,104.8,1.6,433239,27486,29,29,bbr1
0.009,26193,18,0,39.0,25.7,20.2,104.8,4.7,445780,27489,29,29,bbr1
0.007,5760,4,0,38.0,31.4,20.2,104.8,5.4,445780,27491,29,29,bbr1
0.033,5760,4,1440,36.3,24.2,20.2,104.8,7.5,445780,27496,29,29,bbr1
0.044,5760,4,5760,35.2,27.8,20.2,104.8,7.7,445780,27500,29,29,bbr1
0.059,5760,4,2880,33.4,20.8,20.2,104.8,9.4,445780,27501,29,29,bbr1
0.066,5760,4,4320,31.8,20.6,20.2,104.8,10.3,445780,27504,29,29,bbr1
0.085,5760,4,2880,30.4,20.7,20.2,104.8,10.5,445780,27506,29,29,bbr1
0.092,5760,4,4320,29.2,20.8,20.2,104.8,10.3,445780,27509,29,29,bbr1
0.111,5760,4,2880,28.2,20.8,20.2,104.8,9.8,445780,27511,29,29,bbr1
0.118,5760,4,4320,27.2,20.9,20.2,104.8,9.2,445780,27514,29,29,bbr1
0.137,5760,4,2880,26.4,20.7,20.2,104.8,8.5,445780,27516,29,29,bbr1
0.143,5760,4,4320,25.7,20.8,20.2,104.8,7.8,445780,27519,29,29,bbr1
0.162,5760,4,2880,25.1,20.7,20.2,104.8,7.1,445780,27521,29,29,bbr1
0.169,5760,4,4320,24.6,20.8,20.2,104.8,6.4,445780,27524,29,29,bbr1
0.188,27004,18,2880,24.1,20.6,20.2,104.8,5.8,445780,27526,29,29,bbr1
0.198,27004,18,5760,23.7,20.8,20.2,104.8,5.1,445780,27530,29,29,bbr1
0.214,27004,18,8640,23.3,20.7,20.2,104.8,4.6,445780,27535,29,29,bbr1
0.224,27004,18,10080,23.0,21.0,20.2,104.8,4.0,445780,27538,29,29,bbr1
0.231,27004,18,10080,22.8,21.7,20.2,104.8,3.4,445780,27540,29,29,bbr1
0.237,27004,18,10080,22.7,21.9,20.2,104.8,2.8,445780,27542,29,29,bbr1
0.243,27004,18,10080,22.7,22.3,20.2,104.8,2.2,445780,27544,29,29,bbr1
0.249,27004,18,10080,22.7,22.6,20.2,104.8,1.6,445780,27546,29,29,bbr1
0.256,27004,18,10080,22.6,22.6,20.2,104.8,1.2,445780,27548,29,29,bbr1
0.263,27004,18,10080,22.8,23.5,20.2,104.8,1.1,445780,27550,29,29,bbr1
0.269,27004,18,10080,22.9,23.6,20.2,104.8,1.1,557225,27552,29,29,bbr1
0.276,27004,18,11520,23.0,24.3,20.2,104.8,1.1,557225,27555,29,29,bbr1
0.284,27004,18,12960,23.2,24.5,20.2,104.8,1.2,557225,27558,29,29,bbr1
0.289,27004,18,12960,23.4,24.6,20.2,104.8,1.3,557225,27560,29,29,bbr1
0.297,26481,18,14400,23.7,25.7,20.2,104.8,1.5,541362,27563,29,29,bbr1
0.305,26481,18,15840,24.1,27.1,20.2,104.8,2.0,541362,27566,29,29,bbr1
0.310,26481,18,15840,24.7,28.9,20.2,104.8,2.7,541362,27568,29,29,bbr1
0.318,26481,18,17280,25.5,31.1,20.2,104.8,3.6,541362,27571,29,29,bbr1
0.323,26481,18,17280,26.4,32.6,20.2,104.8,4.5,541362,27573,29,29,bbr1
0.331,26481,18,18720,27.3,33.9,20.2,104.8,5.2,541362,27576,29,29,bbr1
0.339,25813,17,20160,28.4,35.9,20.2,104.8,6.1,521076,27579,29,29,bbr1
0.347,25813,17,20160,29.5,37.2,20.2,104.8,6.8,312645,27581,29,29,bbr1
0.352,25813,17,18720,30.7,39.0,20.2,104.8,7.4,312645,27582,29,29,bbr1
0.361,25813,17,18720,31.9,40.5,20.2,104.8,8.0,312645,27584,29,29,bbr1
0.366,25813,17,17280,33.1,41.5,20.2,104.8,8.4,312645,27585,29,29,bbr1
0.373,26993,18,15840,34.3,42.6,20.2,104.8,8.7,445510,27587,29,29,bbr1
0.383,26993,18,17280,35.5,43.6,20.2,104.8,8.9,445510,27590,29,29,bbr1
0.389,26993,18,17280,36.7,45.6,20.2,104.8,9.2,445510,27592,29,29,bbr1
0.396,26993,18,17280,37.7,44.8,20.2,104.8,8.9,445510,27594,29,29,bbr1
0.407,19192,13,14400,38.6,40.0,20.2,104.8,6.3,445510,27596,29,29,bbr1
0.417,22040,15,17280,38.6,39.0,20.2,104.8,4.9,445510,27600,29,29,bbr1
0.423,24888,17,17280,38.7,39.5,20.2,104.8,3.9,556887,27602,29,29,bbr1
0.428,26993,18,17280,38.9,40.0,20.2,104.8,3.2,556887,27604,29,29,bbr1
0.436,26993,18,18720,39.1,40.5,20.2,104.8,2.8,556887,27607,29,29,bbr1
0.441,26993,18,18720,39.3,40.9,20.2,104.8,2.6,556887,27609,29,29,bbr1
0.449,26993,18,20160,38.9,35.9,20.2,104.8,2.8,556887,27612,29,29,bbr1
0.462,19192,13,18720,39.2,40.2,20.2,104.8,2.0,334132,27615,29,29,bbr1
0.469,22040,15,17280,39.5,42.0,20.2,104.8,2.2,334132,27616,29,29,bbr1
0.478,24888,17,18720,40.0,43.1,20.2,104.8,2.6,334132,27619,29,29,bbr1
0.487,26993,18,18720,40.6,45.3,20.2,104.8,3.3,334132,27621,29,29,bbr1
0.491,26993,18,17280,41.4,46.5,20.2,104.8,3.9,334132,27622,29,29,bbr1
0.499,26993,18,17280,42.3,48.6,20.2,104.8,4.7,445510,27624,29,29,bbr1
0.505,26993,18,17280,43.2,49.8,20.2,104.8,5.4,445510,27626,29,29,bbr1
0.517,19192,13,14400,43.4,42.5,20.2,104.8,3.8,445510,27628,29,29,bbr1
0.527,22040,15,17280,43.5,44.1,20.2,104.8,3.1,445510,27632,29,29,bbr1
0.534,26312,18,15840,43.0,39.5,20.2,104.8,3.3,445510,27634,29,29,bbr1
0.540,26993,18,15840,42.5,38.7,20.2,104.8,3.5,445510,27636,29,29,bbr1
0.546,26993,18,15840,42.0,38.7,20.2,104.8,3.6,445510,27638,29,29,bbr1
0.556,17768,12,15840,41.0,33.9,20.2,104.8,4.7,445510,27641,29,29,bbr1
0.563,20616,14,15840,40.6,37.7,20.2,104.8,4.3,445510,27643,29,29,bbr1
0.572,23464,16,17280,40.3,38.1,20.2,104.8,3.9,445510,27646,29,29,bbr1
0.578,26312,18,17280,40.0,38.2,20.2,104.8,3.4,556887,27648,29,29,bbr1
0.583,26993,18,17280,39.8,38.5,20.2,104.8,3.0,556887,27650,29,29,bbr1
0.591,26993,18,18720,39.7,39.2,20.2,104.8,2.4,556887,27653,29,29,bbr1
0.604,19192,13,17280,39.7,39.4,20.2,104.8,1.4,334132,27656,29,29,bbr1
0.611,22040,15,17280,39.7,40.0,20.2,104.8,1.2,334132,27658,29,29,bbr1
0.622,24888,17,18720,39.9,40.8,20.2,104.8,1.1,334132,27661,29,29,bbr1
0.626,26993,18,17280,40.2,42.4,20.2,104.8,1.5,334132,27662,29,29,bbr1
0.634,26993,18,17280,40.7,44.1,20.2,104.8,2.1,445510,27664,29,29,bbr1
0.640,26993,18,17280,41.3,45.8,20.2,104.8,2.9,445510,27666,29,29,bbr1
0.647,26993,18,17280,42.1,47.3,20.2,104.8,3.7,445510,27668,29,29,bbr1
0.659,19192,13,14400,42.7,43.9,20.2,104.8,3.1,445510,27670,29,29,bbr1
0.669,22040,15,17280,42.6,42.1,20.2,104.8,2.5,445510,27674,29,29,bbr1
0.675,24888,17,17280,42.3,40.4,20.2,104.8,2.4,445510,27676,29,29,bbr1
0.682,26993,18,17280,42.1,40.8,20.2,104.8,2.2,445510,27678,29,29,bbr1
0.688,26993,18,17280,42.0,40.9,20.2,104.8,1.9,445510,27680,29,29,bbr1
0.691,26993,18,15840,41.7,39.8,20.2,104.8,2.0,445510,27681,29,29,bbr1
0.700,26993,18,17280,40.8,34.2,20.2,104.8,3.4,556887,27684,29,29,bbr1
0.712,19192,13,14400,40.2,38.3,20.2,104.8,3.0,556887,27686,29,29,bbr1
0.720,22040,15,17280,40.0,38.8,20.2,104.8,2.6,556887,27690,29,29,bbr1
0.728,24888,17,18720,39.9,39.1,20.2,104.8,2.1,556887,27693,29,29,bbr1
0.733,26993,18,18720,39.8,39.4,20.2,104.8,1.7,556887,27695,29,29,bbr1
0.740,26993,18,20160,39.8,39.9,20.2,104.8,1.3,556887,27698,29,29,bbr1
0.747,26993,18,20160,40.0,41.6,20.2,104.8,1.4,334132,27700,29,29,bbr1
0.756,26993,18,20160,39.5,35.9,20.2,104.8,2.1,334132,27702,29,29,bbr1
0.767,19192,13,15840,40.1,42.6,20.2,104.8,2.2,334132,27703,29,29,bbr1
0.775,22040,15,17280,40.6,44.1,20.2,104.8,2.6,445510,27706,29,29,bbr1
0.781,24888,17,17280,41.2,46.0,20.2,104.8,3.3,445510,27708,29,29,bbr1
0.790,26993,18,18720,42.0,47.7,20.2,104.8,4.1,445510,27711,29,29,bbr1
0.797,26993,18,18720,43.0,49.3,20.2,104.8,4.9,445510,27713,29,29,bbr1
0.803,26993,18,18720,43.5,47.6,20.2,104.8,4.8,445510,27715,29,29,bbr1
0.809,17768,12,17280,43.0,39.3,20.2,104.8,4.7,538186,27717,29,29,bbr1
0.818,20616,14,15840,42.8,41.6,20.2,104.8,3.9,538186,27718,29,29,bbr1
0.826,23464,16,18720,42.8,42.5,20.2,104.8,3.0,538186,27722,29,29,bbr1
0.834,26312,18,20160,42.8,42.8,20.2,104.8,2.2,538186,27725,29,29,bbr1
0.842,26376,18,20160,42.8,43.2,20.2,104.8,1.8,322911,27727,29,29,bbr1
0.846,26376,18,18720,42.9,43.4,20.2,104.8,1.5,322911,27728,29,29,bbr1
0.855,26376,18,18720,42.8,42.2,20.2,104.8,1.3,322911,27730,29,29,bbr1
0.860,17460,12,15840,42.2,37.7,20.2,104.8,2.2,320025,27731,29,29,bbr1
0.868,20308,14,15840,42.2,42.5,20.2,104.8,1.8,430636,27733,29,29,bbr1
0.877,23156,16,17280,42.4,43.6,20.2,104.8,1.7,430636,27736,29,29,bbr1
0.884,26004,18,17280,42.8,45.5,20.2,104.8,2.0,430636,27738,29,29,bbr1
0.890,26380,18,17280,43.0,44.9,20.2,104.8,2.0,430636,27740,29,29,bbr1
0.896,26380,18,17280,43.0,43.1,20.2,104.8,1.5,538295,27742,29,29,bbr1
0.909,18886,13,14400,42.3,39.3,20.2,104.8,2.2,538295,27744,29,29,bbr1
0.917,21734,15,17280,42.0,39.8,20.2,104.8,2.3,538295,27748,29,29,bbr1
0.923,24582,17,17280,41.8,40.3,20.2,104.8,2.1,538295,27750,29,29,bbr1
0.931,26380,18,18720,41.6,40.5,20.2,104.8,1.9,538295,27753,29,29,bbr1
0.938,26380,18,20160,41.5,40.7,20.2,104.8,1.7,538295,27756,29,29,bbr1
0.945,26380,18,20160,41.5,41.6,20.2,104.8,1.3,322977,27758,29,29,bbr1
0.950,26380,18,18720,40.8,35.9,20.2,104.8,2.4,322977,27759,29,29,bbr1
0.964,18886,13,15840,41.0,42.4,20.2,104.8,1.7,322977,27761,29,29,bbr1
0.972,21734,15,17280,41.4,43.8,20.2,104.8,2.0,430636,27764,29,29,bbr1
0.978,24582,17,17280,41.8,45.0,20.2,104.8,2.4,430636,27766,29,29,bbr1
0.985,26380,18,17280,42.4,46.3,20.2,104.8,2.9,430636,27768,29,29,bbr1
0.992,26380,18,17280,43.1,48.3,20.2,104.8,3.7,430636,27770,29,29,bbr1
0.998,26380,18,17280,43.5,46.2,20.2,104.8,3.5,538295,27772,29,29,bbr1
1.006,17462,12,17280,43.0,39.2,20.2,104.8,3.7,538295,27775,29,29,bbr1
1.013,20310,14,15840,42.6,39.9,20.2,104.8,3.6,538295,27776,29,29,bbr1
1.021,23158,16,18720,42.3,40.0,20.2,104.8,3.3,538295,27780,29,29,bbr1
1.029,26006,18,20160,42.0,40.0,20.2,104.8,3.1,538295,27783,29,29,bbr1
1.037,26380,18,20160,41.7,40.0,20.2,104.8,2.8,322977,27785,29,29,bbr1
1.041,26380,18,18720,41.6,41.0,20.2,104.8,2.3,322977,27786,29,29,bbr1
1.050,26380,18,18720,41.7,42.2,20.2,104.8,1.8,322977,27788,29,29,bbr1
1.054,17462,12,15840,41.4,39.3,20.2,104.8,2.0,332654,27789,29,29,bbr1
1.065,20310,14,15840,41.8,44.2,20.2,104.8,2.2,443539,27791,29,29,bbr1
1.071,23158,16,17280,42.2,45.2,20.2,104.8,2.5,443539,27794,29,29,bbr1
1.081,26006,18,18720,42.8,47.1,20.2,104.8,3.1,443539,27797,29,29,bbr1
1.088,26912,18,18720,43.3,46.5,20.2,104.8,3.3,443539,27799,29,29,bbr1
1.094,26912,18,18720,43.5,44.8,20.2,104.8,2.8,554423,27801,29,29,bbr1
1.106,19152,13,15840,42.9,39.3,20.2,104.8,2.7,554423,27803,29,29,bbr1
1.112,22000,15,17280,42.8,42.5,20.2,104.8,2.1,554423,27806,29,29,bbr1
0.006,27180,18,0,42.9,45.1,20.2,104.8,1.7,562578,27808,29,29,bbr1
0.006,27180,18,0,41.2,29.0,20.2,104.8,4.7,562578,27810,29,29,bbr1
0.035,27180,18,14400,39.1,24.3,20.2,104.8,7.8,562578,27824,29,29,bbr1
0.043,27180,18,15840,37.9,29.3,20.2,104.8,8.3,562578,27827,29,29,bbr1
0.050,27180,18,17280,37.0,31.1,20.2,104.8,7.9,562578,27830,29,29,bbr1
0.058,27180,18,18720,36.5,32.7,20.2,104.8,7.0,562578,27833,29,29,bbr1
0.065,27180,18,20160,36.2,33.9,20.2,104.8,5.9,562578,27836,29,29,bbr1
0.070,27180,18,20160,36.2,36.3,20.2,104.8,4.5,562578,27838,29,29,bbr1
0.078,27180,18,21600,36.4,38.1,20.2,104.8,3.8,562578,27841,29,29,bbr1
0.088,27180,18,23040,36.8,39.3,20.2,104.8,3.6,337547,27844,29,29,bbr1
0.092,27180,18,21600,37.3,40.9,20.2,104.8,3.7,337547,27845,29,29,bbr1
0.101,27180,18,21600,38.0,42.7,20.2,104.8,4.1,337547,27847,29,29,bbr1
0.105,27180,18,20160,38.8,45.0,20.2,104.8,4.9,337547,27848,29,29,bbr1
0.113,27180,18,20160,39.8,46.6,20.2,104.8,5.6,337547,27850,29,29,bbr1
0.122,27180,18,20160,40.9,48.4,20.2,104.8,6.3,337547,27852,29,29,bbr1
0.126,27180,18,18720,42.0,49.6,20.2,104.8,6.9,337547,27853,29,29,bbr1
0.135,27180,18,18720,43.2,51.9,20.2,104.8,7.7,337547,27855,29,29,bbr1
0.139,27180,18,17280,44.5,53.5,20.2,104.8,8.3,337547,27856,29,29,bbr1
0.153,19286,13,14400,46.0,50.0,20.2,104.8,7.2,450063,27858,29,29,bbr1
0.162,22134,15,17280,46.3,48.6,20.2,104.8,6.1,450063,27862,29,29,bbr1
0.169,24982,17,17280,46.4,46.7,20.2,104.8,4.6,450063,27864,29,29,bbr1
0.175,27180,18,17280,46.2,45.1,20.2,104.8,3.8,450063,27866,29,29,bbr1
0.182,27180,18,17280,45.8,43.1,20.2,104.8,3.6,450063,27868,29,29,bbr1
0.188,27180,18,15840,44.3,33.9,20.2,104.8,5.7,450063,27870,29,29,bbr1
0.194,27180,18,17280,43.0,34.0,20.2,104.8,6.8,562578,27872,29,29,bbr1
0.206,19286,13,14400,41.9,38.2,20.2,104.8,5.9,562578,27874,29,29,bbr1
0.213,22134,15,17280,41.5,38.7,20.2,104.8,5.2,562578,27878,29,29,bbr1
0.221,24982,17,18720,41.2,39.1,20.2,104.8,4.5,562578,27881,29,29,bbr1
0.226,27180,18,18720,40.9,39.3,20.2,104.8,3.8,562578,27883,29,29,bbr1
0.234,27180,18,20160,40.8,40.1,20.2,104.8,3.1,562578,27886,29,29,bbr1
0.242,27180,18,21600,41.0,41.8,20.2,104.8,2.5,562578,27889,29,29,bbr1
0.249,27180,18,21600,40.3,35.8,20.2,104.8,3.2,337547,27891,29,29,bbr1
0.260,19286,13,18720,40.6,42.7,20.2,104.8,2.4,337547,27893,29,29,bbr1
0.267,22134,15,17280,41.0,44.0,20.2,104.8,2.7,337547,27894,29,29,bbr1
0.275,24982,17,18720,41.7,46.1,20.2,104.8,3.3,450063,27897,29,29,bbr1
0.281,27180,18,18720,42.4,47.8,20.2,104.8,4.0,450063,27899,29,29,bbr1
0.291,27180,18,20160,43.3,49.6,20.2,104.8,4.8,450063,27902,29,29,bbr1
0.297,27180,18,20160,44.3,51.0,20.2,104.8,5.5,450063,27904,29,29,bbr1
0.303,27180,18,20160,45.1,50.9,20.2,104.8,5.8,562578,27906,29,29,bbr1
0.315,19286,13,17280,44.9,42.8,20.2,104.8,4.1,562578,27908,29,29,bbr1
0.320,22134,15,17280,44.7,43.2,20.2,104.8,3.5,562578,27910,29,29,bbr1
0.328,24982,17,20160,44.9,46.0,20.2,104.8,2.9,562578,27914,29,29,bbr1
0.336,27180,18,20160,44.5,41.4,20.2,104.8,3.1,562578,27917,29,29,bbr1
0.343,27180,18,20160,44.1,41.6,20.2,104.8,3.0,562578,27920,29,29,bbr1
0.351,27180,18,21600,44.1,43.8,20.2,104.8,2.3,562578,27923,29,29,bbr1
0.361,27180,18,23040,43.3,37.6,20.2,104.8,3.3,337547,27926,29,29,bbr1
0.371,19286,13,18720,42.9,43.7,20.2,104.8,2.9,337547,27927,29,29,bbr1
0.378,22134,15,17280,43.3,46.0,20.2,104.8,3.0,337547,27928,29,29,bbr1
0.386,24982,17,18720,43.8,47.5,20.2,104.8,3.3,450063,27931,29,29,bbr1
0.392,27180,18,18720,44.4,48.9,20.2,104.8,3.7,450063,27933,29,29,bbr1
0.402,27180,18,20160,45.3,51.1,20.2,104.8,4.5,450063,27936,29,29,bbr1
0.408,27180,18,20160,46.2,52.9,20.2,104.8,5.3,562578,27938,29,29,bbr1
0.413,27180,18,20160,47.2,54.5,20.2,104.8,6.0,562578,27940,29,29,bbr1
0.426,19286,13,18720,46.5,42.6,20.2,104.8,4.7,337547,27943,29,29,bbr1
0.433,22134,15,17280,46.4,45.1,20.2,104.8,3.9,337547,27944,29,29,bbr1
0.442,24982,17,18720,46.3,45.9,20.2,104.8,3.0,337547,27947,29,29,bbr1
0.450,27180,18,18720,46.3,46.4,20.2,104.8,2.3,337547,27949,29,29,bbr1
0.455,27180,18,17280,46.4,46.8,20.2,104.8,1.9,337547,27950,29,29,bbr1
0.462,27180,18,17280,46.7,48.6,20.2,104.8,1.9,450063,27952,29,29,bbr1
0.468,27180,18,17280,47.0,49.7,20.2,104.8,2.2,450063,27954,29,29,bbr1
0.475,27180,18,17280,46.9,46.2,20.2,104.8,1.9,450063,27956,29,29,bbr1
0.488,19286,13,14400,46.2,44.4,20.2,104.8,2.3,450063,27958,29,29,bbr1
0.498,22134,15,17280,45.7,42.8,20.2,104.8,2.6,450063,27962,29,29,bbr1
0.504,26406,18,15840,45.0,39.6,20.2,104.8,3.5,450063,27964,29,29,bbr1
0.510,27180,18,15840,44.4,40.0,20.2,104.8,3.8,562578,27966,29,29,bbr1
0.517,27180,18,17280,43.8,40.1,20.2,104.8,4.0,562578,27969,29,29,bbr1
0.525,27180,18,17280,42.6,34.2,20.2,104.8,5.4,562578,27972,29,29,bbr1
0.541,19286,13,17280,41.6,38.3,20.2,104.8,4.8,562578,27976,29,29,bbr1
0.548,22134,15,17280,41.2,38.9,20.2,104.8,4.3,562578,27978,29,29,bbr1
0.556,24982,17,20160,41.2,40.6,20.2,104.8,3.4,562578,27982,29,29,bbr1
0.565,26981,18,21600,41.3,42.3,20.2,104.8,2.8,333912,27985,29,29,bbr1
0.569,26981,18,20160,41.6,43.9,20.2,104.8,2.8,333912,27986,29,29,bbr1
0.578,26981,18,20160,42.1,45.2,20.2,104.8,3.0,333912,27988,29,29,bbr1
0.582,26981,18,18720,42.7,47.5,20.2,104.8,3.6,333912,27989,29,29,bbr1
0.596,19186,13,15840,42.7,42.6,20.2,104.8,2.0,333912,27991,29,29,bbr1
0.604,22034,15,17280,43.3,47.3,20.2,104.8,2.7,445217,27994,29,29,bbr1
0.610,24882,17,17280,44.1,49.5,20.2,104.8,3.6,445217,27996,29,29,bbr1
0.619,26981,18,18720,44.7,49.0,20.2,104.8,3.9,445217,27999,29,29,bbr1
0.626,26981,18,18720,45.1,47.8,20.2,104.8,3.7,445217,28001,29,29,bbr1
0.632,26981,18,18720,45.2,46.0,20.2,104.8,3.0,556521,28003,29,29,bbr1
0.637,17762,12,17280,44.5,39.4,20.2,104.8,3.7,556521,28005,29,29,bbr1
0.647,20610,14,15840,44.1,41.7,20.2,104.8,3.5,556521,28006,29,29,bbr1
0.655,23458,16,18720,43.9,42.5,20.2,104.8,3.0,556521,28010,29,29,bbr1
0.663,26306,18,20160,43.8,42.8,20.2,104.8,2.5,556521,28013,29,29,bbr1
0.670,26981,18,18720,43.5,41.3,20.2,104.8,2.5,333912,28015,29,29,bbr1
0.678,26981,18,18720,43.3,42.3,20.2,104.8,2.2,333912,28017,29,29,bbr1
0.690,19186,13,15840,42.9,37.6,20.2,104.8,3.3,333912,28019,29,29,bbr1
0.699,22034,15,17280,42.8,42.0,20.2,104.8,2.7,445217,28022,29,29,bbr1
0.706,24882,17,17280,43.0,44.3,20.2,104.8,2.4,445217,28024,29,29,bbr1
0.712,26981,18,17280,43.3,45.8,20.2,104.8,2.5,445217,28026,29,29,bbr1
0.718,26981,18,17280,43.7,45.8,20.2,104.8,2.5,445217,28028,29,29,bbr1
0.724,26981,18,17280,43.7,44.1,20.2,104.8,2.0,445217,28030,29,29,bbr1
0.738,19186,13,14400,42.8,40.6,20.2,104.8,2.6,556521,28032,29,29,bbr1
0.746,22034,15,17280,42.6,40.9,20.2,104.8,2.4,556521,28036,29,29,bbr1
0.753,24882,17,18720,42.4,41.1,20.2,104.8,2.2,556521,28039,29,29,bbr1
0.758,26981,18,18720,42.3,41.7,20.2,104.8,1.8,556521,28041,29,29,bbr1
0.766,26981,18,20160,42.3,42.0,20.2,104.8,1.4,556521,28044,29,29,bbr1
0.773,26981,18,20160,42.3,42.7,20.2,104.8,1.2,333912,28046,29,29,bbr1
0.786,19186,13,17280,41.4,40.4,20.2,104.8,2.2,333912,28048,29,29,bbr1
0.792,22034,15,17280,41.5,42.6,20.2,104.8,1.9,445217,28050,29,29,bbr1
0.802,24882,17,20160,41.9,44.1,20.2,104.8,2.1,445217,28054,29,29,bbr1
0.809,26981,18,20160,42.4,46.0,20.2,104.8,2.6,445217,28056,29,29,bbr1
0.815,26981,18,20160,43.0,47.5,20.2,104.8,3.2,445217,28058,29,29,bbr1
0.822,26981,18,20160,43.8,49.3,20.2,104.8,4.0,445217,28060,29,29,bbr1
0.835,20610,14,15840,43.1,41.0,20.2,104.8,3.4,445217,28062,29,29,bbr1
0.845,23458,16,18720,43.3,44.6,20.2,104.8,2.9,445217,28066,29,29,bbr1
0.851,26306,18,18720,43.5,44.8,20.2,104.8,2.6,556521,28068,29,29,bbr1
0.856,26981,18,18720,43.7,44.8,20.2,104.8,2.2,556521,28070,29,29,bbr1
0.864,26981,18,20160,43.9,45.7,20.2,104.8,2.2,556521,28073,29,29,bbr1
0.872,26708,18,21600,44.2,45.8,20.2,104.8,2.1,548236,28076,29,29,bbr1
0.887,20474,14,17280,43.5,43.1,20.2,104.8,2.2,328941,28078,29,29,bbr1
0.896,23322,16,18720,43.5,43.4,20.2,104.8,1.7,328941,28081,29,29,bbr1
0.904,26170,18,18720,43.7,45.2,20.2,104.8,1.7,328941,28083,29,29,bbr1
0.909,26708,18,17280,44.0,46.4,20.2,104.8,1.9,328941,28084,29,29,bbr1
0.916,26708,18,17280,44.6,48.5,20.2,104.8,2.6,438589,28086,29,29,bbr1
0.923,26708,18,17280,45.3,50.1,20.2,104.8,3.3,438589,28088,29,29,bbr1
0.930,26708,18,17280,46.1,51.8,20.2,104.8,4.1,438589,28090,29,29,bbr1
0.941,19050,13,14400,45.5,44.0,20.2,104.8,3.3,438589,28092,29,29,bbr1
0.951,21898,15,17280,45.1,42.2,20.2,104.8,3.3,438589,28096,29,29,bbr1
0.958,24746,17,17280,44.5,40.5,20.2,104.8,3.6,438589,28098,29,29,bbr1
0.964,26708,18,17280,44.0,40.7,20.2,104.8,3.7,438589,28100,29,29,bbr1
0.971,26708,18,17280,43.6,40.9,20.2,104.8,3.5,438589,28102,29,29,bbr1
0.978,26708,18,17280,43.3,41.0,20.2,104.8,3.3,438589,28104,29,29,bbr1
0.985,17626,12,15840,42.6,37.8,20.2,104.8,3.9,438589,28106,29,29,bbr1
0.991,20474,14,15840,42.0,37.9,20.2,104.8,4.1,438589,28108,29,29,bbr1
1.001,23322,16,17280,41.5,37.9,20.2,104.8,4.1,438589,28111,29,29,bbr1
1.007,26170,18,17280,41.2,38.9,20.2,104.8,3.7,548236,28113,29,29,bbr1
1.012,26708,18,17280,40.9,38.9,20.2,104.8,3.4,548236,28115,29,29,bbr1
1.020,26708,18,18720,40.6,39.0,20.2,104.8,3.0,548236,28118,29,29,bbr1
1.032,19050,13,17280,40.3,39.4,20.2,104.8,2.3,328941,28121,29,29,bbr1
1.039,21898,15,17280,40.3,40.0,20.2,104.8,1.8,328941,28123,29,29,bbr1
1.047,24746,17,17280,40.2,40.1,20.2,104.8,1.4,328941,28125,29,29,bbr1
1.056,26708,18,17280,40.5,41.9,20.2,104.8,1.4,328941,28127,29,29,bbr1
1.060,26708,18,15840,40.8,43.0,20.2,104.8,1.7,438589,28128,29,29,bbr1
0.006,3072,2,0,41.8,39.4,20.2,104.8,2.4,438589,28130,30,30,bbr1
0.007,5760,4,0,40.1,27.6,20.2,104.8,5.4,438589,28132,30,30,bbr1
0.033,11456,7,1440,38.1,24.0,20.2,104.8,8.0,438589,28137,30,30,bbr1
0.046,12880,8,7200,36.7,27.4,20.2,104.8,8.7,438589,28142,30,30,bbr1
0.060,17152,11,8640,34.7,20.6,20.2,104.8,10.5,438589,28146,30,30,bbr1
0.066,20000,13,8640,33.0,20.9,20.2,104.8,11.4,438589,28148,30,30,bbr1
0.073,22848,15,8640,31.5,21.2,20.2,104.8,11.5,438589,28150,30,30,bbr1
0.082,25696,17,10080,30.3,21.5,20.2,104.8,11.1,438589,28153,30,30,bbr1
0.088,26708,18,10080,29.1,21.4,20.2,104.8,10.5,548236,28155,30,30,bbr1
0.094,26708,18,10080,28.3,22.0,20.2,104.8,9.7,548236,28157,30,30,bbr1
0.102,26708,18,11520,27.5,22.3,20.2,104.8,8.8,548236,28160,30,30,bbr1
0.107,26708,18,11520,26.9,22.5,20.2,104.8,7.8,548236,28162,30,30,bbr1
0.115,26708,18,12960,26.5,23.5,20.2,104.8,6.7,548236,28165,30,30,bbr1
0.123,26708,18,14400,26.3,25.1,20.2,104.8,5.4,548236,28168,30,30,bbr1
0.128,26708,18,14400,26.3,26.7,20.2,104.8,4.1,548236,28170,30,30,bbr1
0.136,26708,18,15840,26.6,28.2,20.2,104.8,3.6,548236,28173,30,30,bbr1
0.144,26708,18,17280,27.0,30.0,20.2,104.8,3.5,548236,28176,30,30,bbr1
0.149,26708,18,17280,27.5,31.4,20.2,104.8,3.7,548236,28178,30,30,bbr1
0.157,26708,18,18720,28.2,32.6,20.2,104.8,4.1,548236,28181,30,30,bbr1
0.162,26708,18,18720,29.0,34.7,20.2,104.8,4.7,548236,28183,30,30,bbr1
0.170,26708,18,20160,29.8,35.8,20.2,104.8,5.2,548236,28186,30,30,bbr1
0.179,26708,18,21600,30.8,37.3,20.2,104.8,5.8,328941,28189,30,30,bbr1
0.184,26708,18,20160,31.9,39.6,20.2,104.8,6.5,328941,28190,30,30,bbr1
0.193,26708,18,20160,33.0,40.7,20.2,104.8,7.1,328941,28192,30,30,bbr1
0.197,26708,18,18720,34.2,42.7,20.2,104.8,7.8,328941,28193,30,30,bbr1
0.206,26708,18,18720,35.4,44.1,20.2,104.8,8.3,328941,28195,30,30,bbr1
0.210,26708,18,17280,36.7,45.9,20.2,104.8,8.8,328941,28196,30,30,bbr1
0.218,26708,18,17280,37.9,45.7,20.2,104.8,8.9,438589,28198,30,30,bbr1
0.225,26708,18,17280,39.0,46.7,20.2,104.8,8.9,438589,28200,30,30,bbr1
0.235,19050,13,14400,40.6,45.1,20.2,104.8,7.8,438589,28202,30,30,bbr1
0.245,21898,15,17280,41.0,43.3,20.2,104.8,6.5,432836,28206,30,30,bbr1
0.252,24746,17,17280,41.0,41.3,20.2,104.8,5.0,432836,28208,30,30,bbr1
0.258,26471,18,17280,40.8,39.6,20.2,104.8,4.1,432836,28210,30,30,bbr1
0.265,26471,18,17280,40.7,39.8,20.2,104.8,3.3,432836,28212,30,30,bbr1
0.272,26471,18,17280,40.8,41.3,20.2,104.8,2.6,432836,28214,30,30,bbr1
0.283,18931,13,14400,40.1,39.6,20.2,104.8,2.5,432836,28216,30,30,bbr1
0.360,26471,18,2880,63.1,85.0,20.2,109.9,28.7,432836,28218,30,30,bbr1
0.387,26471,18,10080,58.0,22.1,20.2,109.9,31.8,432836,28227,30,30,bbr1
0.610,26471,18,1440,129.5,222.0,20.2,242.0,101.7,541045,28228,30,30,bbr1
0.006,3072,2,0,87.1,29.3,20.2,242.0,87.1,541045,28237,31,31,bbr1
0.007,5760,4,0,79.6,27.3,20.2,242.0,80.2,541045,28239,31,31,bbr1
0.034,11456,7,1440,72.8,25.2,20.2,242.0,73.8,541045,28244,31,31,bbr1
0.045,12880,8,7200,67.3,28.9,20.2,242.0,66.3,541045,28249,31,31,bbr1
0.059,17152,11,8640,61.5,20.8,20.2,242.0,61.4,541045,28253,31,31,bbr1
0.068,20000,13,11520,56.6,22.5,20.2,242.0,55.8,541045,28257,31,31,bbr1
0.075,22848,15,12960,52.6,24.2,20.2,242.0,49.9,541045,28260,31,31,bbr1
0.081,25696,17,12960,49.2,25.8,20.2,242.0,44.1,541045,28262,31,31,bbr1
0.089,26471,18,14400,45.8,22.2,20.2,242.0,39.9,541045,28265,31,31,bbr1
0.094,26471,18,14400,43.5,27.1,20.2,242.0,34.6,541045,28267,31,31,bbr1
0.102,26471,18,15840,41.6,28.2,20.2,242.0,29.8,541045,28270,31,31,bbr1
0.107,26471,18,15840,40.2,30.2,20.2,242.0,25.2,541045,28272,31,31,bbr1
0.115,26471,18,17280,39.1,31.4,20.2,242.0,21.1,541045,28275,31,31,bbr1
0.123,26471,18,18720,38.3,32.8,20.2,242.0,17.4,541045,28278,31,31,bbr1
0.129,26471,18,18720,37.8,34.7,20.2,242.0,13.9,541045,28280,31,31,bbr1
0.137,26471,18,20160,37.6,35.7,20.2,242.0,11.0,541045,28283,31,31,bbr1
0.144,26471,18,20160,37.6,37.8,20.2,242.0,8.3,324627,28285,31,31,bbr1
0.153,26471,18,20160,37.8,39.3,20.2,242.0,6.6,324627,28287,31,31,bbr1
0.157,26471,18,18720,38.2,40.9,20.2,242.0,5.7,324627,28288,31,31,bbr1
0.166,26471,18,18720,38.7,41.9,20.2,242.0,5.2,324627,28290,31,31,bbr1
0.170,26471,18,17280,39.3,43.9,20.2,242.0,5.2,324627,28291,31,31,bbr1
0.178,26471,18,17280,40.0,45.2,20.2,242.0,5.4,432836,28293,31,31,bbr1
0.185,26471,18,17280,40.9,46.7,20.2,242.0,5.7,432836,28295,31,31,bbr1
0.191,26471,18,17280,41.8,48.1,20.2,242.0,6.1,432836,28297,31,31,bbr1
0.204,18931,13,14400,42.6,44.3,20.2,242.0,4.8,432836,28299,31,31,bbr1
0.309,26471,18,2880,81.0,108.8,20.2,242.0,41.2,432836,28301,31,31,bbr1
0.335,26471,18,10080,73.8,23.6,20.2,242.0,45.3,432836,28310,31,31,bbr1
0.345,26471,18,11520,67.8,25.5,20.2,242.0,46.0,432836,28313,31,31,bbr1
0.352,26471,18,11520,62.7,27.4,20.2,242.0,44.6,432836,28315,31,31,bbr1
0.359,26471,18,11520,58.3,27.6,20.2,242.0,42.3,432836,28317,31,31,bbr1
0.365,26471,18,11520,54.5,27.8,20.2,242.0,39.3,432836,28319,31,31,bbr1
0.372,26471,18,11520,51.2,28.0,20.2,242.0,36.1,432836,28321,31,31,bbr1
0.379,26471,18,11520,48.3,28.1,20.2,242.0,32.9,432836,28323,31,31,bbr1
0.388,26471,18,12960,45.8,28.1,20.2,242.0,29.7,541045,28326,31,31,bbr1
0.393,26471,18,12960,43.6,28.3,20.2,242.0,26.7,541045,28328,31,31,bbr1
0.401,25831,17,14400,41.8,28.8,20.2,242.0,23.7,521623,28331,31,31,bbr1
0.407,25831,17,14400,40.2,29.0,20.2,242.0,21.0,521623,28333,31,31,bbr1
0.558,25831,17,1440,99.3,151.9,20.2,242.0,69.5,521623,28334,31,31,bbr1
0.586,25831,17,12960,89.8,23.2,20.2,242.0,71.1,521623,28345,31,31,bbr1
0.594,25831,17,14400,82.1,28.3,20.2,242.0,68.7,521623,28348,31,31,bbr1
0.600,25831,17,14400,75.3,27.5,20.2,242.0,65.2,521623,28350,31,31,bbr1
0.608,25831,17,15840,69.5,28.8,20.2,242.0,60.5,521623,28353,31,31,bbr1
0.613,25831,17,15840,64.6,30.2,20.2,242.0,55.2,521623,28355,31,31,bbr1
0.619,25831,17,15840,60.4,31.4,20.2,242.0,49.7,521623,28357,31,31,bbr1
0.627,25831,17,17280,57.0,32.8,20.2,242.0,44.2,521623,28360,31,31,bbr1
0.006,3072,2,0,45.8,41.7,20.2,242.0,14.1,547271,28363,32,32,bbr1
0.007,5760,4,0,43.6,28.4,20.2,242.0,14.9,547271,28365,32,32,bbr1
0.034,11456,7,1440,41.3,25.1,20.2,242.0,15.8,547271,28370,32,32,bbr1
0.044,12880,8,7200,39.8,28.9,20.2,242.0,15.0,547271,28375,32,32,bbr1
0.060,17152,11,8640,37.5,21.4,20.2,242.0,15.8,547271,28379,32,32,bbr1
0.067,20000,13,11520,35.6,22.9,20.2,242.0,15.5,547271,28383,32,32,bbr1
0.075,22848,15,12960,34.2,24.0,20.2,242.0,14.6,547271,28386,32,32,bbr1
0.081,25696,17,12960,33.2,26.1,20.2,242.0,12.9,547271,28388,32,32,bbr1
0.089,26676,18,14400,31.8,22.1,20.2,242.0,12.5,547271,28391,32,32,bbr1
0.094,26676,18,14400,31.2,27.1,20.2,242.0,10.5,547271,28393,32,32,bbr1
0.102,26676,18,15840,30.8,28.2,20.2,242.0,8.7,547271,28396,32,32,bbr1
0.110,26676,18,17280,30.8,30.3,20.2,242.0,6.6,547271,28399,32,32,bbr1
0.115,26676,18,17280,30.9,31.6,20.2,242.0,5.2,547271,28401,32,32,bbr1
0.123,26676,18,18720,31.1,32.8,20.2,242.0,4.4,547271,28404,32,32,bbr1
0.128,26676,18,18720,31.6,35.1,20.2,242.0,4.3,547271,28406,32,32,bbr1
0.136,26676,18,20160,32.2,36.1,20.2,242.0,4.3,547271,28409,32,32,bbr1
0.146,26676,18,21600,32.9,38.2,20.2,242.0,4.7,328362,28412,32,32,bbr1
0.150,26676,18,20160,33.8,39.9,20.2,242.0,5.3,328362,28413,32,32,bbr1
0.159,26676,18,20160,34.7,40.9,20.2,242.0,5.8,328362,28415,32,32,bbr1
0.163,26676,18,18720,35.7,42.5,20.2,242.0,6.3,328362,28416,32,32,bbr1
0.172,26676,18,18720,36.7,44.2,20.2,242.0,6.8,328362,28418,32,32,bbr1
0.176,26676,18,17280,37.9,46.1,20.2,242.0,7.5,328362,28419,32,32,bbr1
0.184,26676,18,17280,39.1,47.7,20.2,242.0,8.1,437817,28421,32,32,bbr1
0.191,26676,18,17280,40.3,48.8,20.2,242.0,8.5,437817,28423,32,32,bbr1
0.203,19034,13,14400,42.1,47.3,20.2,242.0,7.8,437817,28425,32,32,bbr1
0.213,21882,15,17280,42.5,45.2,20.2,242.0,6.6,437817,28429,32,32,bbr1
0.220,26154,18,15840,42.3,40.7,20.2,242.0,5.4,437817,28431,32,32,bbr1
0.227,26676,18,15840,42.0,39.9,20.2,242.0,4.7,437817,28433,32,32,bbr1
0.233,26676,18,15840,41.7,39.9,20.2,242.0,4.1,437817,28435,32,32,bbr1
0.240,26676,18,14400,40.8,34.2,20.2,242.0,4.9,437817,28437,32,32,bbr1
0.249,26676,18,15840,40.4,37.8,20.2,242.0,4.4,437817,28440,32,32,bbr1
0.259,26676,18,17280,40.1,38.1,20.2,242.0,3.9,437817,28443,32,32,bbr1
0.266,26676,18,17280,39.9,38.3,20.2,242.0,3.4,437817,28445,32,32,bbr1
0.272,26676,18,17280,39.7,38.6,20.2,242.0,2.9,547271,28447,32,32,bbr1
0.277,26676,18,17280,39.6,38.5,20.2,242.0,2.5,547271,28449,32,32,bbr1
0.285,26676,18,18720,39.5,39.1,20.2,242.0,2.0,547271,28452,32,32,bbr1
0.293,26676,18,20160,39.5,39.4,20.2,242.0,1.5,547271,28455,32,32,bbr1
0.304,20458,14,15840,39.3,38.0,20.2,242.0,1.3,328362,28457,32,32,bbr1
0.313,23306,16,17280,39.3,38.9,20.2,242.0,1.0,328362,28460,32,32,bbr1
0.321,24730,17,18720,39.4,40.0,20.2,242.0,1.0,437817,28462,32,32,bbr1
0.327,28147,19,15840,39.4,39.7,20.2,242.0,0.8,473539,28464,32,32,bbr1
0.336,28147,19,17280,39.7,41.3,20.2,242.0,1.1,473539,28467,32,32,bbr1
0.342,28147,19,17280,40.2,44.2,20.2,242.0,1.9,473539,28469,32,32,bbr1
0.356,19769,13,15840,40.2,40.8,20.2,242.0,1.4,473539,28472,32,32,bbr1
0.362,22617,15,17280,40.2,40.0,20.2,242.0,1.1,473539,28475,32,32,bbr1
0.371,26889,18,17280,40.0,39.0,20.2,242.0,1.1,473539,28478,32,32,bbr1
0.379,28147,19,18720,40.0,39.9,20.2,242.0,0.9,591923,28481,32,32,bbr1
0.387,28147,19,20160,40.1,40.6,20.2,242.0,0.8,591923,28484,32,32,bbr1
0.391,28147,19,20160,40.2,41.2,20.2,242.0,0.9,591923,28486,32,32,bbr1
0.399,28147,19,21600,39.9,37.6,20.2,242.0,1.3,591923,28489,32,32,bbr1
0.419,22617,15,17280,40.7,43.3,20.2,242.0,1.9,355154,28492,32,32,bbr1
0.426,25465,17,18720,41.2,44.7,20.2,242.0,2.4,473539,28495,32,32,bbr1
0.436,28147,19,20160,41.9,46.6,20.2,242.0,3.2,473539,28498,32,32,bbr1
0.441,28147,19,20160,42.7,48.7,20.2,242.0,4.1,473539,28500,32,32,bbr1
0.447,28147,19,20160,43.7,50.6,20.2,242.0,5.0,473539,28502,32,32,bbr1
0.453,28147,19,20160,44.9,52.7,20.2,242.0,6.0,473539,28504,32,32,bbr1
0.463,28147,19,21600,46.1,54.5,20.2,242.0,6.9,473539,28507,32,32,bbr1
0.469,28147,19,21600,45.6,42.7,20.2,242.0,6.1,473539,28509,32,32,bbr1
0.475,28147,19,21600,45.7,45.8,20.2,242.0,4.6,473539,28511,32,32,bbr1
0.480,28147,19,21600,45.8,46.5,20.2,242.0,3.6,591923,28513,32,32,bbr1
0.490,28147,19,24480,46.0,47.6,20.2,242.0,3.2,591923,28517,32,32,bbr1
0.508,22617,15,18720,46.9,49.6,20.2,242.0,2.8,355154,28519,32,32,bbr1
0.516,25465,17,20160,47.3,50.1,20.2,242.0,2.9,355154,28522,32,32,bbr1
0.525,28147,19,20160,47.8,51.0,20.2,242.0,3.1,355154,28524,32,32,bbr1
0.532,28147,19,20160,48.3,51.9,20.2,242.0,3.4,355154,28526,32,32,bbr1
0.537,28147,19,18720,48.7,51.3,20.2,242.0,3.3,355154,28527,32,32,bbr1
0.540,28147,19,17280,49.3,53.6,20.2,242.0,3.7,355154,28528,32,32,bbr1
0.548,28147,19,17280,50.1,55.5,20.2,242.0,4.3,473539,28530,32,32,bbr1
0.557,28147,19,17280,49.4,44.4,20.2,242.0,4.7,473539,28533,32,32,bbr1
0.566,28147,19,18720,49.0,46.5,20.2,242.0,4.2,473539,28536,32,32,bbr1
0.578,19769,13,15840,47.9,44.0,20.2,242.0,4.3,473539,28538,32,32,bbr1
0.585,22617,15,17280,47.3,42.7,20.2,242.0,4.5,473539,28541,32,32,bbr1
0.594,25465,17,18720,46.6,41.7,20.2,242.0,4.8,473539,28544,32,32,bbr1
0.600,28147,19,18720,46.1,43.2,20.2,242.0,4.4,473539,28546,32,32,bbr1
0.605,28147,19,18720,45.9,44.1,20.2,242.0,3.8,473539,28548,32,32,bbr1
0.615,28147,19,20160,45.7,44.8,20.2,242.0,3.2,473539,28551,32,32,bbr1
0.621,28147,19,18720,45.0,39.5,20.2,242.0,3.9,473539,28553,32,32,bbr1
0.629,28147,19,20160,44.7,42.8,20.2,242.0,3.5,591923,28556,32,32,bbr1
0.636,28147,19,21600,44.6,44.2,20.2,242.0,2.8,591923,28559,32,32,bbr1
0.657,22617,15,17280,45.0,46.4,20.2,242.0,1.8,355154,28562,32,32,bbr1
0.665,25465,17,18720,45.2,47.2,20.2,242.0,1.9,355154,28565,32,32,bbr1
0.674,28147,19,18720,45.5,47.7,20.2,242.0,2.0,355154,28567,32,32,bbr1
0.681,28147,19,18720,46.0,48.8,20.2,242.0,2.3,355154,28569,32,32,bbr1
0.685,28147,19,17280,46.6,50.9,20.2,242.0,3.0,355154,28570,32,32,bbr1
0.692,28147,19,15840,47.3,52.1,20.2,242.0,3.6,473539,28572,32,32,bbr1
0.702,28147,19,15840,46.5,41.0,20.2,242.0,4.3,473539,28575,32,32,bbr1
0.717,19769,13,14400,45.5,41.3,20.2,242.0,4.2,473539,28578,32,32,bbr1
0.726,22617,15,17280,44.8,40.4,20.2,242.0,4.4,473539,28582,32,32,bbr1
0.733,25465,17,17280,44.1,39.2,20.2,242.0,4.8,473539,28584,32,32,bbr1
0.737,28147,19,17280,43.6,40.0,20.2,242.0,4.6,591923,28586,32,32,bbr1
0.745,28147,19,18720,43.2,40.7,20.2,242.0,4.2,591923,28589,32,32,bbr1
0.752,28147,19,20160,43.0,41.2,20.2,242.0,3.6,591923,28592,32,32,bbr1
0.760,28147,19,21600,42.1,35.9,20.2,242.0,4.5,591923,28595,32,32,bbr1
0.778,22617,15,17335,41.8,41.7,20.2,242.0,2.3,355154,28599,32,32,bbr1
0.786,25465,17,18775,42.0,43.6,20.2,242.0,2.2,355154,28602,32,32,bbr1
0.795,26826,18,18775,42.4,45.2,20.2,242.0,2.4,331101,28604,32,32,bbr1
0.799,26826,18,17335,43.0,47.6,20.2,242.0,3.1,331101,28605,32,32,bbr1
0.807,26826,18,17335,43.8,49.5,20.2,242.0,4.0,441469,28607,32,32,bbr1
0.814,26826,18,17335,44.7,51.0,20.2,242.0,4.8,441469,28609,32,32,bbr1
0.820,26826,18,17335,45.8,53.5,20.2,242.0,5.8,441469,28611,32,32,bbr1
0.826,26826,18,17280,45.5,42.9,20.2,242.0,5.1,441469,28613,32,32,bbr1
0.836,26826,18,18720,45.4,45.1,20.2,242.0,3.9,441469,28616,32,32,bbr1
0.847,19109,13,15840,44.7,41.6,20.2,242.0,3.5,441469,28618,32,32,bbr1
0.854,21957,15,17280,44.3,42.0,20.2,242.0,3.3,441469,28621,32,32,bbr1
0.864,24805,17,18720,44.1,42.0,20.2,242.0,3.1,441469,28624,32,32,bbr1
0.866,26826,18,17280,43.7,40.9,20.2,242.0,3.1,551836,28625,32,32,bbr1
0.874,26826,18,18720,43.4,41.2,20.2,242.0,2.9,551836,28628,32,32,bbr1
0.882,26826,18,20160,43.1,41.4,20.2,242.0,2.7,551836,28631,32,32,bbr1
0.897,20533,14,15840,42.2,41.0,20.2,242.0,2.9,331101,28633,32,32,bbr1
0.905,23381,16,17280,42.2,41.6,20.2,242.0,2.3,331101,28636,32,32,bbr1
0.913,26229,18,17280,42.2,42.6,20.2,242.0,1.9,441469,28638,32,32,bbr1
0.919,26826,18,17280,42.5,44.3,20.2,242.0,1.9,441469,28640,32,32,bbr1
0.926,26826,18,17280,42.8,45.4,20.2,242.0,2.2,441469,28642,32,32,bbr1
0.933,26826,18,17280,43.4,47.6,20.2,242.0,2.8,441469,28644,32,32,bbr1
0.939,26826,18,15840,42.9,39.3,20.2,242.0,3.2,441469,28646,32,32,bbr1
0.949,26826,18,17280,42.7,40.7,20.2,242.0,2.9,441469,28649,32,32,bbr1
0.962,19109,13,14400,41.8,38.9,20.2,242.0,3.1,551836,28651,32,32,bbr1
0.970,21957,15,17280,41.7,40.7,20.2,242.0,2.6,551836,28655,32,32,bbr1
0.977,24805,17,18720,41.6,40.6,20.2,242.0,2.2,551836,28658,32,32,bbr1
0.983,26826,18,18720,41.6,41.5,20.2,242.0,1.7,551836,28660,32,32,bbr1
0.990,26826,18,20160,41.6,41.8,20.2,242.0,1.3,551836,28663,32,32,bbr1
1.000,26826,18,21600,41.6,42.0,20.2,242.0,1.1,331101,28666,32,32,bbr1
1.005,26826,18,20160,40.9,35.8,20.2,242.0,2.3,331101,28667,32,32,bbr1
1.013,26826,18,20160,40.9,40.8,20.2,242.0,1.7,331101,28669,32,32,bbr1
1.023,20533,14,14400,41.2,42.7,20.2,242.0,1.6,334174,28670,32,32,bbr1
0.020,3072,2,0,42.7,37.6,20.2,242.0,3.5,556957,28673,33,33,bbr1
0.007,5760,4,0,42.8,43.4,20.2,242.0,2.8,556957,28675,33,33,bbr1
0.032,11456,7,1440,40.4,23.7,20.2,242.0,6.9,556957,28680,33,33,bbr1
0.043,12880,8,7200,38.8,27.3,20.2,242.0,8.4,556957,28685,33,33,bbr1
0.058,17152,11,8640,36.6,21.0,20.2,242.0,10.8,556957,28689,33,33,bbr1
0.066,20000,13,11520,34.9,23.1,20.2,242.0,11.4,556957,28693,33,33,bbr1
0.074,22848,15,12960,33.6,24.4,20.2,242.0,11.2,556957,28696,33,33,bbr1
0.079,25696,17,12960,32.7,26.6,20.2,242.0,10.1,556957,28698,33,33,bbr1
0.087,26995,18,14400,31.4,22.4,20.2,242.0,10.2,556957,28701,33,33,bbr1
0.095,26995,18,15840,30.8,26.7,20.2,242.0,8.8,556957,28704,33,33,bbr1
0.100,26995,18,15840,30.6,29.0,20.2,242.0,7.1,556957,28706,33,33,bbr1
0.107,26995,18,17280,30.5,30.2,20.2,242.0,5.4,556957,28709,33,33,bbr1
0.115,26995,18,18720,30.7,32.1,20.2,242.0,4.4,556957,28712,33,33,bbr1
0.121,26995,18,18720,31.1,33.9,20.2,242.0,4.1,556957,28714,33,33,bbr1
0.128,26995,18,20160,31.7,35.6,20.2,242.0,4.2,556957,28717,33,33,bbr1
0.137,26995,18,21600,32.4,37.1,20.2,242.0,4.5,334174,28720,33,33,bbr1
0.142,26995,18,20160,33.2,38.9,20.2,242.0,5.0,334174,28721,33,33,bbr1
0.150,26995,18,20160,34.1,40.5,20.2,242.0,5.6,334174,28723,33,33,bbr1
0.155,26995,18,18720,35.0,41.7,20.2,242.0,6.1,334174,28724,33,33,bbr1
0.164,26995,18,18720,36.2,43.9,20.2,242.0,6.8,334174,28726,33,33,bbr1
0.168,26995,18,17280,37.3,45.1,20.2,242.0,7.3,334174,28727,33,33,bbr1
0.176,26995,18,17280,38.5,47.3,20.2,242.0,8.0,445566,28729,33,33,bbr1
0.182,26995,18,17280,39.8,48.4,20.2,242.0,8.5,445566,28731,33,33,bbr1
0.188,26995,18,17280,40.9,48.9,20.2,242.0,8.6,445566,28733,33,33,bbr1
0.202,19193,13,15840,42.1,45.1,20.2,242.0,6.8,556957,28736,33,33,bbr1
0.209,22041,15,17280,42.2,43.1,20.2,242.0,5.4,556957,28739,33,33,bbr1
0.218,26313,18,18720,41.9,39.9,20.2,242.0,4.6,556957,28743,33,33,bbr1
0.225,26995,18,20160,41.8,40.8,20.2,242.0,3.7,556957,28746,33,33,bbr1
0.235,26995,18,21600,41.7,41.0,20.2,242.0,3.0,334174,28749,33,33,bbr1
0.239,26995,18,20160,41.6,41.5,20.2,242.0,2.3,334174,28750,33,33,bbr1
0.248,26995,18,20160,41.2,37.7,20.2,242.0,2.7,334174,28752,33,33,bbr1
0.258,19193,13,15840,41.5,44.4,20.2,242.0,2.4,334174,28753,33,33,bbr1
0.266,22041,15,17280,42.1,45.7,20.2,242.0,2.8,445566,28756,33,33,bbr1
0.272,26313,18,15840,42.6,46.7,20.2,242.0,3.3,446339,28758,33,33,bbr1
0.282,27027,18,17280,43.3,48.0,20.2,242.0,3.8,446339,28761,33,33,bbr1
0.292,27809,19,15840,43.1,41.3,20.2,242.0,3.4,465318,28764,33,33,bbr1
0.301,27809,19,17280,42.2,35.9,20.2,242.0,4.3,465318,28767,33,33,bbr1
0.313,19600,13,14400,41.3,39.0,20.2,242.0,3.8,581647,28769,33,33,bbr1
0.321,22448,15,17280,41.1,39.4,20.2,242.0,3.4,581647,28773,33,33,bbr1
0.328,25296,17,18720,40.9,39.8,20.2,242.0,2.8,581647,28776,33,33,bbr1
0.336,27809,19,20160,40.8,40.3,20.2,242.0,2.3,581647,28779,33,33,bbr1
0.340,27809,19,20160,40.8,40.8,20.2,242.0,1.7,581647,28781,33,33,bbr1
0.348,27809,19,21600,41.0,41.7,20.2,242.0,1.5,581647,28784,33,33,bbr1
0.357,27809,19,20160,40.3,36.1,20.2,242.0,2.3,348988,28787,33,33,bbr1
0.361,19600,13,15840,39.4,32.9,20.2,242.0,3.6,349467,28788,33,33,bbr1
0.368,23872,16,14400,38.3,30.8,20.2,242.0,4.9,484002,28790,33,33,bbr1
0.374,29568,20,11520,37.0,27.9,20.2,242.0,6.3,509534,28792,33,33,bbr1
0.382,30275,21,11520,35.6,25.5,20.2,242.0,7.6,525181,28795,33,33,bbr1
0.385,30275,21,10080,33.7,20.7,20.2,242.0,9.4,525181,28796,33,33,bbr1
0.390,30275,21,10080,32.3,22.3,20.2,242.0,9.9,656476,28798,33,33,bbr1
0.397,30275,21,11520,31.0,22.1,20.2,242.0,10.0,656476,28801,33,33,bbr1
0.403,29883,20,12960,29.7,20.2,20.2,242.0,10.2,656476,28804,33,33,bbr1
0.410,29854,20,14400,28.5,20.2,20.2,242.0,10.0,656476,28807,33,33,bbr1
0.414,29854,20,12960,27.4,20.2,20.2,242.0,9.6,656476,28809,33,33,bbr1
0.421,32294,22,12960,26.7,21.3,20.2,242.0,8.7,731997,28812,33,33,bbr1
0.426,33458,23,12960,25.9,20.2,20.2,242.0,8.2,768445,28815,33,33,bbr1
0.434,34465,23,14400,25.2,20.2,20.2,242.0,7.5,799610,28819,33,33,bbr1
0.441,35257,24,15840,24.6,20.9,20.2,242.0,6.7,824137,28823,33,33,bbr1
0.446,35257,24,15840,24.2,21.1,20.2,242.0,5.9,824137,28826,33,33,bbr1
0.453,35642,24,17280,23.8,21.2,20.2,242.0,5.2,836040,28830,33,33,bbr1
0.458,36983,25,17280,23.5,21.7,20.2,242.0,4.4,877567,28833,33,33,bbr1
0.463,38059,26,17280,23.1,20.2,20.2,242.0,4.2,910873,28836,33,33,bbr1
0.470,40381,28,17280,22.8,20.2,20.2,242.0,3.9,982923,28840,33,33,bbr1
0.475,40916,28,18720,22.6,21.9,20.2,242.0,3.1,999481,28844,33,33,bbr1
0.481,41781,29,18720,22.4,20.7,20.2,242.0,2.8,1026273,28848,33,33,bbr1
0.488,42580,29,20160,22.2,20.9,20.2,242.0,2.5,1051015,28853,33,33,bbr1
0.495,43702,30,20160,22.0,20.9,20.2,242.0,2.2,1085762,28857,33,33,bbr1
0.499,45621,31,20160,21.9,21.1,20.2,242.0,1.9,1145200,28861,33,33,bbr1
0.507,45621,31,23040,21.9,22.1,20.2,242.0,1.5,1145200,28867,33,33,bbr1
0.513,45621,31,24480,22.1,23.2,20.2,242.0,1.4,1145200,28872,33,33,bbr1
0.520,45621,31,27360,22.1,22.5,20.2,242.0,1.1,1145200,28878,33,33,bbr1
0.527,45621,31,28800,22.6,25.7,20.2,242.0,1.8,1145200,28883,33,33,bbr1
0.533,45621,31,30240,23.2,27.5,20.2,242.0,2.5,1145200,28888,33,33,bbr1
0.541,45621,31,33120,24.0,29.3,20.2,242.0,3.4,1145200,28894,33,33,bbr1
0.548,45621,31,34560,24.8,30.9,20.2,242.0,4.3,687120,28899,33,33,bbr1
0.554,45621,31,33120,25.8,32.7,20.2,242.0,5.2,687120,28902,33,33,bbr1
0.560,45621,31,31680,26.9,34.5,20.2,242.0,6.1,687120,28905,33,33,bbr1
0.569,45621,31,31680,28.0,36.0,20.2,242.0,6.8,687120,28909,33,33,bbr1
0.575,45621,31,30240,29.3,38.0,20.2,242.0,7.6,687120,28912,33,33,bbr1
0.581,45621,31,28800,30.5,39.5,20.2,242.0,8.2,687120,28915,33,33,bbr1
0.588,45621,31,27360,31.9,41.4,20.2,242.0,8.9,687120,28918,33,33,bbr1
0.594,45621,31,27360,32.9,40.2,20.2,242.0,8.7,687120,28921,33,33,bbr1
0.600,45621,31,25920,33.7,38.7,20.2,242.0,8.0,687120,28924,33,33,bbr1
0.606,45621,31,25920,34.1,37.3,20.2,242.0,6.9,916160,28927,33,33,bbr1
0.612,45621,31,25920,34.3,35.8,20.2,242.0,5.6,916160,28931,33,33,bbr1
0.619,45621,31,25920,34.3,33.9,20.2,242.0,4.3,916160,28935,33,33,bbr1
0.626,45621,31,27360,34.1,33.0,20.2,242.0,3.5,916160,28940,33,33,bbr1
0.632,28506,19,27360,33.7,31.0,20.2,242.0,3.4,1145200,28944,33,33,bbr1
0.638,34202,23,23040,33.2,29.8,20.2,242.0,3.5,1145200,28945,33,33,bbr1
0.646,38474,26,28800,32.9,30.9,20.2,242.0,3.2,1145200,28952,33,33,bbr1
0.651,44170,30,28800,32.7,31.1,20.2,242.0,2.9,1145200,28956,33,33,bbr1
0.657,45621,31,30240,32.6,31.8,20.2,242.0,2.4,1145200,28961,33,33,bbr1
0.664,45621,31,34560,32.5,31.6,20.2,242.0,2.0,1145200,28967,33,33,bbr1
0.671,45621,31,34560,32.0,28.6,20.2,242.0,2.5,687120,28971,33,33,bbr1
0.677,45621,31,33120,32.0,32.2,20.2,242.0,1.9,687120,28974,33,33,bbr1
0.689,34202,23,25920,32.7,35.6,20.2,242.0,2.2,687120,28977,33,33,bbr1
0.697,39898,27,27360,33.2,37.4,20.2,242.0,2.9,916160,28982,33,33,bbr1
0.703,45594,31,27360,34.0,39.0,20.2,242.0,3.6,916160,28986,33,33,bbr1
0.709,45621,31,27360,34.8,40.7,20.2,242.0,4.4,916160,28990,33,33,bbr1
0.716,45621,31,27360,35.4,39.2,20.2,242.0,4.4,1145200,28994,33,33,bbr1
0.006,45621,31,0,34.0,30.4,20.2,242.0,2.5,1145200,29001,33,33,bbr1
0.007,45621,31,0,33.1,27.1,20.2,242.0,3.6,1145200,29003,33,33,bbr1
0.033,45621,31,27360,32.0,23.8,20.2,242.0,5.1,1145200,29027,33,33,bbr1
0.040,45621,31,28800,31.2,25.6,20.2,242.0,5.4,1145200,29032,33,33,bbr1
0.046,45621,31,30240,30.7,27.3,20.2,242.0,5.0,1145200,29037,33,33,bbr1
0.054,45621,31,33120,30.5,29.1,20.2,242.0,4.2,1145200,29043,33,33,bbr1
0.061,45621,31,34560,30.5,30.9,20.2,242.0,3.2,687120,29048,33,33,bbr1
0.067,45621,31,33120,30.8,32.5,20.2,242.0,2.9,687120,29051,33,33,bbr1
0.073,45621,31,31680,31.2,34.2,20.2,242.0,3.0,687120,29054,33,33,bbr1
0.080,45621,31,30240,31.8,36.0,20.2,242.0,3.5,687120,29057,33,33,bbr1
0.088,45621,31,30240,32.6,37.8,20.2,242.0,4.1,687120,29061,33,33,bbr1
0.094,45621,31,28800,33.4,39.4,20.2,242.0,4.8,687120,29064,33,33,bbr1
0.101,45621,31,27360,34.4,41.2,20.2,242.0,5.5,687120,29067,33,33,bbr1
0.107,45621,31,25920,35.0,39.5,20.2,242.0,5.4,687120,29070,33,33,bbr1
0.115,45621,31,25920,35.4,37.9,20.2,242.0,4.8,916160,29074,33,33,bbr1
0.121,45621,31,25920,35.5,36.2,20.2,242.0,3.8,916160,29078,33,33,bbr1
0.127,45621,31,27360,35.4,34.7,20.2,242.0,3.1,916160,29082,33,33,bbr1
0.134,45621,31,27360,35.2,33.5,20.2,242.0,2.8,916160,29086,33,33,bbr1
0.140,45621,31,27360,34.8,32.0,20.2,242.0,2.9,916160,29090,33,33,bbr1
0.146,28506,19,27360,34.3,31.0,20.2,242.0,3.1,1145200,29094,33,33,bbr1
0.152,34202,23,23040,33.9,31.0,20.2,242.0,3.1,1145200,29095,33,33,bbr1
0.160,39898,27,27360,33.6,31.9,20.2,242.0,2.9,1145200,29102,33,33,bbr1
0.166,45594,31,28800,33.5,32.4,20.2,242.0,2.5,1145200,29107,33,33,bbr1
0.174,45078,31,31680,33.4,32.7,20.2,242.0,2.0,1128367,29113,33,33,bbr1
0.187,33931,23,27360,33.2,31.4,20.2,242.0,1.7,677020,29118,33,33,bbr1
0.193,39627,27,27360,33.1,32.9,20.2,242.0,1.3,677020,29122,33,33,bbr1
0.202,45078,31,27360,33.3,34.9,20.2,242.0,1.4,677020,29126,33,33,bbr1
0.208,45078,31,25920,33.8,36.7,20.2,242.0,1.9,677020,29129,33,33,bbr1
0.214,44018,30,24480,34.3,38.4,20.2,242.0,2.6,876448,29132,33,33,bbr1
0.220,27705,19,24480,34.2,33.5,20.2,242.0,2.2,1095560,29136,33,33,bbr1
0.225,31977,22,24480,34.2,34.1,20.2,242.0,1.6,1095560,29139,33,33,bbr1
0.232,37673,26,27360,34.0,32.6,20.2,242.0,1.6,1095560,29145,33,33,bbr1
0.240,43369,30,30240,33.6,30.8,20.2,242.0,2.0,1095560,29151,33,33,bbr1
0.247,44018,30,31680,33.1,29.5,20.2,242.0,2.5,1095560,29156,33,33,bbr1
0.254,44018,30,34560,32.7,30.3,20.2,242.0,2.6,657336,29161,33,33,bbr1
0.259,44018,30,31680,32.4,30.4,20.2,242.0,2.6,657336,29163,33,33,bbr1
0.271,33401,23,24480,32.9,34.9,20.2,242.0,2.2,657336,29166,33,33,bbr1
0.279,39097,27,25920,33.3,36.5,20.2,242.0,2.6,876448,29171,33,33,bbr1
0.285,44018,30,24480,33.9,37.8,20.2,242.0,3.0,876448,29174,33,33,bbr1
0.293,44018,30,25920,34.6,39.5,20.2,242.0,3.7,876448,29179,33,33,bbr1
0.299,44018,30,25920,34.9,37.1,20.2,242.0,3.4,876448,29183,33,33,bbr1
0.306,44018,30,25920,34.5,31.4,20.2,242.0,3.4,876448,29187,33,33,bbr1
0.312,44018,30,27360,34.0,30.5,20.2,242.0,3.5,876448,29191,33,33,bbr1
0.317,44018,30,25920,33.6,30.8,20.2,242.0,3.5,876448,29194,33,33,bbr1
0.324,44018,30,25920,33.3,31.0,20.2,242.0,3.2,1095560,29198,33,33,bbr1
0.331,44018,30,28800,33.0,30.9,20.2,242.0,3.0,1095560,29204,33,33,bbr1
0.344,33401,23,24480,32.6,31.6,20.2,242.0,2.3,1095560,29209,33,33,bbr1
0.352,39097,27,28800,32.4,31.3,20.2,242.0,2.1,1086856,29216,33,33,bbr1
0.359,43737,30,30240,32.4,32.6,20.2,242.0,1.6,1086856,29221,33,33,bbr1
0.365,43737,30,33120,32.6,33.9,20.2,242.0,1.6,1086856,29226,33,33,bbr1
0.371,43737,30,33120,32.9,35.3,20.2,242.0,1.9,652113,29230,33,33,bbr1
0.378,43737,30,31680,32.6,30.4,20.2,242.0,2.0,652113,29233,33,33,bbr1
0.385,43737,30,30240,32.8,33.6,20.2,242.0,1.8,652113,29236,33,33,bbr1
0.392,43625,30,28800,33.0,35.1,20.2,242.0,1.9,650030,29239,33,33,bbr1
0.398,43625,30,27360,33.5,36.5,20.2,242.0,2.3,650030,29242,33,33,bbr1
0.404,27508,19,25920,34.0,37.7,20.2,242.0,2.8,658734,29245,33,33,bbr1
0.410,33204,23,23040,34.6,38.4,20.2,242.0,3.2,878312,29247,33,33,bbr1
0.417,38900,27,24480,34.8,36.3,20.2,242.0,2.8,878312,29252,33,33,bbr1
0.425,44093,30,25920,34.7,34.0,20.2,242.0,2.3,878312,29257,33,33,bbr1
0.430,44093,30,24480,34.4,32.4,20.2,242.0,2.3,1097890,29260,33,33,bbr1
0.437,44093,30,27360,33.9,30.4,20.2,242.0,2.7,1097890,29266,33,33,bbr1
0.444,44093,30,28800,33.3,28.9,20.2,242.0,3.3,1097890,29271,33,33,bbr1
0.451,44093,30,30240,32.9,30.1,20.2,242.0,3.3,1097890,29276,33,33,bbr1
0.464,33438,23,25920,32.5,32.1,20.2,242.0,2.4,658734,29281,33,33,bbr1
0.471,39134,27,25920,32.6,33.6,20.2,242.0,2.1,658734,29285,33,33,bbr1
0.478,44093,30,24480,33.0,35.2,20.2,242.0,2.2,658734,29288,33,33,bbr1
0.485,44093,30,23040,33.2,34.7,20.2,242.0,2.1,878312,29291,33,33,bbr1
0.006,33841,23,0,32.0,29.4,20.2,242.0,2.9,1097890,29297,34,34,bbr1
0.006,36418,25,0,31.4,27.0,20.2,242.0,3.4,1097890,29299,34,34,bbr1
0.032,43538,30,25920,30.4,23.7,20.2,242.0,4.5,1097890,29322,34,34,bbr1
0.039,44093,30,27360,29.8,25.3,20.2,242.0,4.6,1097890,29327,34,34,bbr1
0.045,44093,30,28800,29.4,26.7,20.2,242.0,4.2,1097890,29332,34,34,bbr1
0.052,44093,30,30240,29.3,28.3,20.2,242.0,3.4,1097890,29337,34,34,bbr1
0.058,44093,30,31680,29.3,29.9,20.2,242.0,2.7,1097890,29342,34,34,bbr1
0.066,44093,30,33120,29.6,31.4,20.2,242.0,2.6,658734,29347,34,34,bbr1
0.072,44093,30,31680,30.0,32.7,20.2,242.0,2.7,658734,29350,34,34,bbr1
0.079,44093,30,31680,30.5,34.0,20.2,242.0,3.0,658734,29353,34,34,bbr1
0.083,44093,30,28800,31.1,35.5,20.2,242.0,3.5,658734,29355,34,34,bbr1
0.092,44093,30,28800,31.9,37.1,20.2,242.0,4.1,658734,29359,34,34,bbr1
0.099,44093,30,27360,32.7,38.6,20.2,242.0,4.8,658734,29362,34,34,bbr1
0.105,44093,30,25920,33.6,40.2,20.2,242.0,5.5,658734,29365,34,34,bbr1
0.111,44093,30,24480,34.2,37.9,20.2,242.0,5.2,878312,29368,34,34,bbr1
0.117,44093,30,24480,34.4,35.8,20.2,242.0,4.3,878312,29372,34,34,bbr1
0.124,44093,30,25920,34.4,34.7,20.2,242.0,3.3,878312,29376,34,34,bbr1
0.129,44093,30,24480,34.2,32.6,20.2,242.0,2.9,878312,29379,34,34,bbr1
0.137,44093,30,25920,33.8,30.9,20.2,242.0,3.0,878312,29384,34,34,bbr1
0.143,27742,19,24480,33.2,29.5,20.2,242.0,3.3,1097890,29387,34,34,bbr1
0.149,33438,23,23040,32.8,29.7,20.2,242.0,3.4,1097890,29390,34,34,bbr1
0.157,39134,27,27360,32.4,29.8,20.2,242.0,3.3,1097890,29397,34,34,bbr1
0.164,43406,30,30240,32.1,30.1,20.2,242.0,3.0,1097890,29402,34,34,bbr1
0.169,44093,30,30240,31.9,30.7,20.2,242.0,2.6,1097890,29406,34,34,bbr1
0.176,44093,30,31680,31.9,31.6,20.2,242.0,2.1,1097890,29411,34,34,bbr1
0.183,44093,30,33120,31.8,30.7,20.2,242.0,1.8,658734,29416,34,34,bbr1
0.190,44093,30,33120,31.8,32.0,20.2,242.0,1.4,658734,29419,34,34,bbr1
0.194,44093,30,30240,32.0,33.5,20.2,242.0,1.5,658734,29421,34,34,bbr1
0.201,44093,30,28800,32.4,35.0,20.2,242.0,1.9,658734,29424,34,34,bbr1
0.207,44093,30,27360,32.9,36.5,20.2,242.0,2.4,658734,29427,34,34,bbr1
0.214,44093,30,25920,33.5,37.8,20.2,242.0,3.1,658734,29430,34,34,bbr1
0.222,44093,30,25920,34.3,39.5,20.2,242.0,3.8,878312,29434,34,34,bbr1
0.227,44093,30,25920,34.7,37.9,20.2,242.0,3.8,878312,29437,34,34,bbr1
0.233,44093,30,25920,34.9,36.1,20.2,242.0,3.2,878312,29441,34,34,bbr1
0.240,44093,30,25920,34.8,34.1,20.2,242.0,2.6,878312,29445,34,34,bbr1
0.246,27742,19,25920,34.4,32.0,20.2,242.0,2.6,1097890,29449,34,34,bbr1
0.253,33438,23,23040,34.0,30.8,20.2,242.0,2.9,1097890,29451,34,34,bbr1
0.261,39134,27,27360,33.6,30.9,20.2,242.0,2.9,1097890,29458,34,34,bbr1
0.267,44093,30,28800,33.3,31.2,20.2,242.0,2.8,1097890,29463,34,34,bbr1
0.274,44093,30,30240,33.0,31.3,20.2,242.0,2.6,1097890,29468,34,34,bbr1
0.280,44093,30,31680,32.9,32.2,20.2,242.0,2.2,1097890,29473,34,34,bbr1
0.288,44093,30,34560,32.7,30.8,20.2,242.0,2.2,658734,29478,34,34,bbr1
0.298,33438,23,25920,32.8,33.8,20.2,242.0,1.6,658734,29480,34,34,bbr1
0.307,39134,27,27360,33.1,35.4,20.2,242.0,1.8,878312,29485,34,34,bbr1
0.312,44093,30,25920,33.5,36.6,20.2,242.0,2.3,878312,29488,34,34,bbr1
0.320,44092,30,27360,34.1,38.4,20.2,242.0,2.9,878281,29493,34,34,bbr1
0.326,44092,30,27360,34.9,39.9,20.2,242.0,3.6,1097851,29497,34,34,bbr1
0.332,44092,30,28800,34.5,32.2,20.2,242.0,3.4,1097851,29502,34,34,bbr1
0.339,44092,30,30240,34.3,32.3,20.2,242.0,3.1,1097851,29507,34,34,bbr1
0.353,32014,22,28800,33.8,32.4,20.2,242.0,2.5,658710,29513,34,34,bbr1
0.358,37710,26,27360,33.7,32.4,20.2,242.0,2.2,658710,29516,34,34,bbr1
0.366,43406,30,27360,33.8,34.5,20.2,242.0,1.9,658710,29520,34,34,bbr1
0.372,44092,30,25920,34.1,36.1,20.2,242.0,2.0,658710,29523,34,34,bbr1
0.378,44092,30,24480,34.5,37.6,20.2,242.0,2.4,878281,29526,34,34,bbr1
0.385,44092,30,24480,35.1,39.1,20.2,242.0,2.9,878281,29530,34,34,bbr1
0.393,44092,30,25920,34.9,33.9,20.2,242.0,2.5,878281,29535,34,34,bbr1
0.401,27742,19,24480,34.6,32.5,20.2,242.0,2.5,878281,29538,34,34,bbr1
0.405,33438,23,23040,34.1,30.5,20.2,242.0,2.9,878281,29541,34,34,bbr1
0.412,37710,26,25920,33.5,29.6,20.2,242.0,3.3,878281,29546,34,34,bbr1
0.417,43406,30,24480,33.1,29.9,20.2,242.0,3.4,878281,29549,34,34,bbr1
0.425,44092,30,25920,32.8,30.6,20.2,242.0,3.2,1097851,29554,34,34,bbr1
0.432,44092,30,27360,32.2,28.2,20.2,242.0,3.5,1097851,29559,34,34,bbr1
0.438,44092,30,28800,31.9,29.7,20.2,242.0,3.3,1097851,29564,34,34,bbr1
0.451,33438,23,24535,31.5,30.5,20.2,242.0,2.5,1097851,29570,34,34,bbr1
0.459,39134,27,28855,31.5,31.4,20.2,242.0,1.9,1097851,29577,34,34,bbr1
0.465,44092,30,30295,31.6,32.8,20.2,242.0,1.8,1097851,29582,34,34,bbr1
0.472,44092,30,31735,32.0,34.4,20.2,242.0,2.0,1097851,29587,34,34,bbr1
0.479,44092,30,33175,32.5,36.0,20.2,242.0,2.5,658710,29592,34,34,bbr1
0.006,25378,17,0,33.2,24.2,20.2,242.0,5.4,878281,29595,34,34,bbr1
0.006,26124,18,0,32.4,27.2,20.2,242.0,5.5,878281,29596,34,34,bbr1
0.007,28701,19,0,31.8,27.5,20.2,242.0,5.4,1097851,29598,34,34,bbr1
0.032,35821,24,21600,30.8,23.7,20.2,242.0,6.1,1097851,29618,34,34,bbr1
0.039,40093,27,25920,30.1,24.8,20.2,242.0,6.0,1097851,29624,34,34,bbr1
0.044,44092,30,25920,29.6,26.4,20.2,242.0,5.4,1097851,29628,34,34,bbr1
0.052,44092,30,28800,29.4,28.0,20.2,242.0,4.5,1097851,29634,34,34,bbr1
0.059,44092,30,30240,29.4,29.5,20.2,242.0,3.4,1097851,29639,34,34,bbr1
0.066,44092,30,31680,29.4,29.4,20.2,242.0,2.5,1097851,29644,34,34,bbr1
0.073,44092,30,33120,29.6,30.8,20.2,242.0,2.3,658710,29649,34,34,bbr1
0.079,44092,30,31680,29.9,32.4,20.2,242.0,2.4,658710,29652,34,34,bbr1
0.086,44092,30,30240,30.4,33.9,20.2,242.0,2.8,658710,29655,34,34,bbr1
0.092,44092,30,28800,31.0,35.4,20.2,242.0,3.3,658710,29658,34,34,bbr1
0.099,44092,30,27360,31.8,36.9,20.2,242.0,4.0,658710,29661,34,34,bbr1
0.105,44074,30,25920,32.6,38.3,20.2,242.0,4.6,658365,29664,34,34,bbr1
0.112,44074,30,24480,33.4,39.1,20.2,242.0,5.1,877820,29667,34,34,bbr1
0.120,44074,30,25920,33.9,37.2,20.2,242.0,4.8,877820,29672,34,34,bbr1
0.126,44074,30,25920,34.0,35.2,20.2,242.0,3.9,877820,29676,34,34,bbr1
0.133,44074,30,25920,33.9,32.8,20.2,242.0,3.2,877820,29680,34,34,bbr1
0.139,44074,30,25920,33.6,31.3,20.2,242.0,3.1,877820,29684,34,34,bbr1
0.146,27733,19,25920,33.2,30.5,20.2,242.0,3.1,877820,29688,34,34,bbr1
0.152,33429,23,23040,32.8,30.5,20.2,242.0,3.0,877820,29690,34,34,bbr1
0.159,37701,26,25920,32.6,31.1,20.2,242.0,2.7,877820,29695,34,34,bbr1
0.166,43397,30,25920,32.4,31.0,20.2,242.0,2.4,877820,29699,34,34,bbr1
0.172,44074,30,25920,32.3,31.7,20.2,242.0,2.0,877820,29703,34,34,bbr1
0.179,44074,30,25920,32.3,32.0,20.2,242.0,1.6,877820,29707,34,34,bbr1
0.185,44074,30,25920,32.0,30.1,20.2,242.0,1.7,877820,29711,34,34,bbr1
0.191,44074,30,25920,31.9,30.8,20.2,242.0,1.6,1097275,29715,34,34,bbr1
0.199,44074,30,28800,31.7,30.5,20.2,242.0,1.6,1097275,29721,34,34,bbr1
0.206,44074,30,30240,31.6,31.2,20.2,242.0,1.3,1097275,29726,34,34,bbr1
0.213,44074,30,31680,31.6,31.4,20.2,242.0,1.0,1097275,29731,34,34,bbr1
0.220,44074,30,33120,31.5,31.1,20.2,242.0,0.9,658365,29736,34,34,bbr1
0.226,44074,30,31680,31.6,32.5,20.2,242.0,0.9,658365,29739,34,34,bbr1
0.233,44074,30,30240,31.9,34.0,20.2,242.0,1.3,658365,29742,34,34,bbr1
0.240,44074,30,28800,32.4,35.6,20.2,242.0,1.9,658365,29745,34,34,bbr1
0.251,32005,22,23040,33.5,37.8,20.2,242.0,3.1,658365,29748,34,34,bbr1
0.259,37701,26,24480,34.3,39.7,20.2,242.0,3.8,877820,29753,34,34,bbr1
0.265,43397,30,24480,34.7,37.7,20.2,242.0,3.7,877820,29757,34,34,bbr1
0.272,44074,30,24480,34.9,35.7,20.2,242.0,3.0,877820,29761,34,34,bbr1
0.279,44074,30,24480,34.7,33.3,20.2,242.0,2.7,877820,29765,34,34,bbr1
0.286,44074,30,24480,34.0,29.3,20.2,242.0,3.3,877820,29769,34,34,bbr1
0.292,27733,19,24480,33.3,28.6,20.2,242.0,3.9,877820,29773,34,34,bbr1
0.298,33429,23,23040,32.8,29.2,20.2,242.0,3.9,877820,29776,34,34,bbr1
0.305,39125,27,24480,32.4,29.4,20.2,242.0,3.8,877820,29781,34,34,bbr1
0.313,44074,30,25920,32.0,29.2,20.2,242.0,3.6,1097275,29786,34,34,bbr1
0.320,44074,30,27360,31.7,29.5,20.2,242.0,3.4,1097275,29791,34,34,bbr1
0.326,44074,30,28800,31.5,30.1,20.2,242.0,2.9,1097275,29796,34,34,bbr1
0.332,44074,30,30240,31.3,30.3,20.2,242.0,2.5,1097275,29801,34,34,bbr1
0.339,44074,30,31680,31.2,30.5,20.2,242.0,2.1,1097275,29806,34,34,bbr1
0.347,44074,30,33120,31.2,31.4,20.2,242.0,1.6,658365,29811,34,34,bbr1
0.359,33429,23,25920,31.8,34.5,20.2,242.0,1.9,658365,29814,34,34,bbr1
0.367,39125,27,27360,32.3,36.0,20.2,242.0,2.5,877820,29819,34,34,bbr1
0.373,44074,30,25920,33.0,37.6,20.2,242.0,3.2,877820,29822,34,34,bbr1
0.381,44074,30,27360,33.7,39.0,20.2,242.0,3.9,877820,29827,34,34,bbr1
0.387,44074,30,27360,34.5,39.6,20.2,242.0,4.4,877820,29831,34,34,bbr1
0.394,44074,30,27360,34.2,32.1,20.2,242.0,3.9,877820,29835,34,34,bbr1
0.400,27733,19,27360,33.9,32.3,20.2,242.0,3.4,1097275,29839,34,34,bbr1
0.407,33429,23,23040,33.8,32.6,20.2,242.0,2.9,1097275,29840,34,34,bbr1
0.413,39125,27,25920,33.6,32.6,20.2,242.0,2.4,1097275,29846,34,34,bbr1
0.421,43397,30,30240,33.5,32.9,20.2,242.0,2.0,1097275,29852,34,34,bbr1
0.425,44074,30,28800,33.5,33.1,20.2,242.0,1.6,1097275,29855,34,34,bbr1
0.433,42755,29,31680,33.5,33.4,20.2,242.0,1.2,1056457,29861,34,34,bbr1
0.441,42755,29,33120,33.1,30.6,20.2,242.0,1.6,633874,29866,34,34,bbr1
0.452,32769,22,25920,33.1,33.7,20.2,242.0,1.3,633874,29869,34,34,bbr1
0.459,38465,26,25920,33.3,35.2,20.2,242.0,1.5,876892,29873,34,34,bbr1
0.467,44036,30,27360,33.7,36.7,20.2,242.0,2.0,876892,29878,34,34,bbr1
0.474,44036,30,27360,34.3,38.1,20.2,242.0,2.6,876892,29882,34,34,bbr1
0.479,44036,30,27360,34.8,38.5,20.2,242.0,3.0,1096115,29886,34,34,bbr1
0.493,33410,23,24480,34.3,32.7,20.2,242.0,2.6,1096115,29892,34,34,bbr1
0.501,39106,27,28800,34.1,32.7,20.2,242.0,2.4,1096115,29899,34,34,bbr1
0.507,44036,30,30240,33.9,32.7,20.2,242.0,2.1,1096115,29904,34,34,bbr1
0.514,44036,30,31680,33.9,33.7,20.2,242.0,1.6,1096115,29909,34,34,bbr1
0.521,44036,30,33120,34.0,35.2,20.2,242.0,1.5,657669,29914,34,34,bbr1
0.528,44036,30,33120,33.6,30.3,20.2,242.0,2.1,657669,29917,34,34,bbr1
0.533,44036,30,30240,33.6,33.5,20.2,242.0,1.6,657669,29919,34,34,bbr1
0.539,44036,30,28800,33.8,35.0,20.2,242.0,1.5,657669,29922,34,34,bbr1
0.545,44036,30,27360,34.1,36.6,20.2,242.0,1.9,657669,29925,34,34,bbr1
0.552,44036,30,25920,34.6,37.7,20.2,242.0,2.3,657669,29928,34,34,bbr1
0.560,27714,19,25920,35.2,39.6,20.2,242.0,3.0,876892,29932,34,34,bbr1
0.566,33410,23,23040,35.5,37.7,20.2,242.0,2.9,876892,29934,34,34,bbr1
0.574,39106,27,25920,35.5,35.2,20.2,242.0,2.2,876892,29940,34,34,bbr1
0.579,44036,30,24480,35.2,33.7,20.2,242.0,2.1,876892,29943,34,34,bbr1
0.587,44036,30,25920,34.8,31.7,20.2,242.0,2.5,876892,29948,34,34,bbr1
0.594,44036,30,25920,34.2,30.3,20.2,242.0,3.0,876892,29952,34,34,bbr1
0.600,44036,30,25920,33.8,30.5,20.2,242.0,3.2,1096115,29956,34,34,bbr1
0.608,44036,30,28800,33.3,30.3,20.2,242.0,3.2,1096115,29962,34,34,bbr1
0.614,44036,30,30240,33.0,30.5,20.2,242.0,3.1,1096115,29967,34,34,bbr1
0.627,33410,23,25920,32.6,31.4,20.2,242.0,2.4,657669,29972,34,34,bbr1
0.636,39106,27,27360,32.5,32.2,20.2,242.0,1.9,657669,29977,34,34,bbr1
0.642,44036,30,25920,32.7,33.7,20.2,242.0,1.7,657669,29980,34,34,bbr1
0.648,44036,30,24480,33.0,35.2,20.2,242.0,1.9,876892,29983,34,34,bbr1
0.655,44036,30,24480,33.5,36.8,20.2,242.0,2.4,876892,29987,34,34,bbr1
0.662,44036,30,24480,33.3,32.1,20.2,242.0,2.1,876892,29991,34,34,bbr1
0.668,44036,30,24480,33.1,31.8,20.2,242.0,2.0,876892,29995,34,34,bbr1
0.674,44036,30,24480,32.7,29.6,20.2,242.0,2.4,876892,29999,34,34,bbr1
0.681,27714,19,24480,32.3,29.5,20.2,242.0,2.6,876892,30003,34,34,bbr1
0.688,33410,23,23040,31.9,29.2,20.2,242.0,2.7,876892,30006,34,34,bbr1
0.696,39106,27,25920,31.6,29.4,20.2,242.0,2.7,876892,30012,34,34,bbr1
0.701,44036,30,24480,31.4,30.0,20.2,242.0,2.4,1096115,30015,34,34,bbr1
0.708,44036,30,27360,31.2,30.3,20.2,242.0,2.1,1096115,30021,34,34,bbr1
0.715,44036,30,28800,31.1,30.5,20.2,242.0,1.7,1096115,30026,34,34,bbr1
0.723,44036,30,31680,31.1,30.6,20.2,242.0,1.4,1096115,30032,34,34,bbr1
0.730,44036,30,33120,31.0,30.3,20.2,242.0,1.3,657669,30037,34,34,bbr1
0.742,33410,23,25920,31.4,33.4,20.2,242.0,1.5,657669,30040,34,34,bbr1
0.750,39106,27,27360,31.8,35.0,20.2,242.0,2.0,876892,30045,34,34,bbr1
0.755,44036,30,25920,32.4,36.5,20.2,242.0,2.7,876892,30048,34,34,bbr1
0.763,44036,30,27360,33.1,38.0,20.2,242.0,3.4,876892,30053,34,34,bbr1
0.770,44036,30,27360,33.8,38.5,20.2,242.0,3.9,876892,30057,34,34,bbr1
0.777,44036,30,27360,33.6,32.2,20.2,242.0,3.3,876892,30061,34,34,bbr1
0.783,27714,19,27360,33.5,32.4,20.2,242.0,2.8,876892,30065,34,34,bbr1
0.789,31986,22,24480,33.3,32.1,20.2,242.0,2.4,876892,30066,34,34,bbr1
0.794,37682,26,24480,33.2,32.3,20.2,242.0,2.1,876892,30070,34,34,bbr1
0.801,43378,30,24480,33.1,32.4,20.2,242.0,1.7,875723,30074,34,34,bbr1
0.809,43989,30,25920,33.1,33.3,20.2,242.0,1.4,875723,30079,34,34,bbr1
0.816,43989,30,25920,33.1,33.4,20.2,242.0,1.1,875723,30083,34,34,bbr1
0.823,43989,30,25920,32.7,30.0,20.2,242.0,1.6,875723,30087,34,34,bbr1
0.828,43989,30,25920,32.4,30.2,20.2,242.0,1.8,1094653,30091,34,34,bbr1
0.842,33386,23,23040,32.0,30.6,20.2,242.0,1.8,1094653,30097,34,34,bbr1
0.850,39082,27,27360,31.9,31.2,20.2,242.0,1.6,1094653,30104,34,34,bbr1
0.856,43989,30,28800,31.8,31.5,20.2,242.0,1.3,1094653,30109,34,34,bbr1
0.863,43989,30,30240,31.9,32.4,20.2,242.0,1.1,1094653,30114,34,34,bbr1
0.869,43989,30,31680,32.1,33.8,20.2,242.0,1.3,1094653,30119,34,34,bbr1
0.877,43989,30,33120,32.0,31.2,20.2,242.0,1.2,656792,30124,34,34,bbr1
0.883,43989,30,31680,32.1,32.7,20.2,242.0,1.1,656792,30127,34,34,bbr1
0.890,43989,30,30240,32.4,34.2,20.2,242.0,1.4,656792,30130,34,34,bbr1
0.897,43989,30,28800,32.8,35.7,20.2,242.0,1.8,656792,30133,34,34,bbr1
0.903,27690,19,27360,33.3,37.1,20.2,242.0,2.5,656792,30136,34,34,bbr1
0.910,33386,23,23040,34.0,38.8,20.2,242.0,3.2,656792,30137,34,34,bbr1
0.918,39082,27,24480,34.7,39.4,20.2,242.0,3.7,845814,30142,34,34,bbr1
0.925,42782,29,24480,35.0,37.4,20.2,242.0,3.5,845814,30146,34,34,bbr1
0.932,42782,29,24480,35.0,35.2,20.2,242.0,2.7,845814,30150,34,34,bbr1
0.937,42782,29,23040,34.8,33.4,20.2,242.0,2.4,845814,30153,34,34,bbr1
0.943,27087,18,23040,34.1,29.4,20.2,242.0,3.2,845814,30157,34,34,bbr1
0.950,32783,22,21600,33.4,28.4,20.2,242.0,3.8,845814,30160,34,34,bbr1
0.957,38479,26,23040,32.8,28.4,20.2,242.0,4.1,845814,30165,34,34,bbr1
0.964,42782,29,23040,32.2,28.3,20.2,242.0,4.2,845814,30169,34,34,bbr1
0.971,42782,29,23040,31.7,28.3,20.2,242.0,4.1,845814,30173,34,34,bbr1
0.977,42782,29,23040,31.2,27.0,20.2,242.0,4.3,845814,30177,34,34,bbr1
0.006,42782,29,0,28.7,20.2,20.2,242.0,4.6,1057267,30180,34,34,bbr1
0.008,42782,29,0,28.5,26.8,20.2,242.0,4.0,1057267,30182,34,34,bbr1
0.035,42782,29,24480,27.9,23.7,20.2,242.0,4.2,1057267,30204,34,34,bbr1
0.041,42782,29,25920,27.5,25.0,20.2,242.0,3.8,1057267,30209,34,34,bbr1
0.048,42782,29,27360,27.4,26.4,20.2,242.0,3.2,1057267,30214,34,34,bbr1
0.055,42782,29,28800,27.4,27.6,20.2,242.0,2.4,1057267,30219,34,34,bbr1
0.062,42782,29,30240,27.6,29.0,20.2,242.0,2.2,1057267,30224,34,34,bbr1
0.069,42782,29,31680,27.9,30.1,20.2,242.0,2.3,634360,30229,34,34,bbr1
0.076,42782,29,30240,28.4,31.6,20.2,242.0,2.6,634360,30232,34,34,bbr1
0.083,42782,29,28800,28.9,32.7,20.2,242.0,3.0,634360,30235,34,34,bbr1
0.090,42782,29,27360,29.6,34.3,20.2,242.0,3.6,634360,30238,34,34,bbr1
0.097,42782,29,25920,30.3,35.6,20.2,242.0,4.2,634360,30241,34,34,bbr1
0.103,42782,29,25920,31.1,36.6,20.2,242.0,4.7,634360,30244,34,34,bbr1
0.108,42782,29,23040,31.8,36.8,20.2,242.0,5.0,634360,30246,34,34,bbr1
0.114,42782,29,21600,32.2,34.7,20.2,242.0,4.4,845814,30249,34,34,bbr1
0.121,42782,29,21600,32.2,32.4,20.2,242.0,3.4,845814,30253,34,34,bbr1
0.128,42782,29,21600,32.0,30.1,20.2,242.0,3.1,845814,30257,34,34,bbr1
0.134,42782,29,21600,31.4,27.8,20.2,242.0,3.3,845814,30261,34,34,bbr1
0.141,42782,29,21600,30.7,25.9,20.2,242.0,3.9,845814,30265,34,34,bbr1
0.148,27087,18,21600,30.1,26.0,20.2,242.0,4.1,845814,30269,34,34,bbr1
0.155,32783,22,21600,29.6,25.9,20.2,242.0,4.1,845814,30273,34,34,bbr1
0.162,38479,26,21600,29.2,26.0,20.2,242.0,4.0,845814,30277,34,34,bbr1
0.167,42782,29,20160,28.8,25.9,20.2,242.0,3.8,845814,30280,34,34,bbr1
0.174,42782,29,20160,28.4,25.9,20.2,242.0,3.6,845814,30284,34,34,bbr1
0.181,42782,29,20160,28.1,25.9,20.2,242.0,3.3,845814,30288,34,34,bbr1
0.188,27087,18,20160,27.8,25.8,20.2,242.0,3.0,1057267,30292,34,34,bbr1
0.194,32783,22,21600,27.6,25.9,20.2,242.0,2.8,1057267,30297,34,34,bbr1
0.202,38479,26,24480,27.3,25.7,20.2,242.0,2.5,1057267,30303,34,34,bbr1
0.209,42782,29,25920,27.2,25.9,20.2,242.0,2.3,1057267,30308,34,34,bbr1
0.216,42782,29,27360,27.0,25.9,20.2,242.0,2.0,1057267,30313,34,34,bbr1
0.228,32783,22,23040,27.2,29.0,20.2,242.0,1.6,1057267,30318,34,34,bbr1
0.235,37055,25,27360,27.6,29.8,20.2,242.0,1.9,1057267,30324,34,34,bbr1
0.241,42751,29,27360,28.0,30.8,20.2,242.0,2.2,1057667,30328,34,34,bbr1
0.248,42795,29,30240,28.5,32.4,20.2,242.0,2.8,1057667,30333,34,34,bbr1
0.254,42795,29,30240,29.2,33.7,20.2,242.0,3.4,634600,30337,34,34,bbr1
0.266,32789,22,23040,29.4,31.7,20.2,242.0,2.6,634600,30340,34,34,bbr1
0.272,38485,26,23040,29.9,33.0,20.2,242.0,2.9,877952,30344,34,34,bbr1
0.280,44079,30,24480,30.4,34.4,20.2,242.0,3.3,877952,30349,34,34,bbr1
0.287,44079,30,24480,31.1,35.7,20.2,242.0,3.8,877952,30353,34,34,bbr1
0.293,44079,30,24480,31.5,34.2,20.2,242.0,3.6,877952,30357,34,34,bbr1
0.300,44079,30,24480,31.2,29.3,20.2,242.0,3.2,877952,30361,34,34,bbr1
0.306,44079,30,24480,31.0,29.4,20.2,242.0,2.9,877952,30365,34,34,bbr1
0.314,27735,19,25920,30.7,29.2,20.2,242.0,2.6,877952,30370,34,34,bbr1
0.320,33431,23,23040,30.6,29.5,20.2,242.0,2.3,877952,30372,34,34,bbr1
0.326,39127,27,24480,30.5,30.1,20.2,242.0,1.8,877952,30377,34,34,bbr1
0.333,44079,30,24480,30.5,30.4,20.2,242.0,1.4,1097440,30381,34,34,bbr1
0.354,33431,23,23095,30.5,30.4,20.2,242.0,0.6,1097440,30393,34,34,bbr1
0.362,39127,27,27415,30.4,30.2,20.2,242.0,0.6,1097440,30400,34,34,bbr1
0.368,44079,30,28855,30.6,31.4,20.2,242.0,0.7,1097440,30405,34,34,bbr1
0.375,44079,30,30295,30.9,33.4,20.2,242.0,1.2,1097440,30410,34,34,bbr1
0.382,44079,30,31735,31.4,34.9,20.2,242.0,1.9,1097440,30415,34,34,bbr1
0.389,44079,30,33120,31.4,31.2,20.2,242.0,1.5,658464,30420,34,34,bbr1
0.401,33431,23,25920,31.9,34.3,20.2,242.0,1.8,658464,30423,34,34,bbr1
0.409,37703,26,28800,32.3,35.4,20.2,242.0,2.2,877952,30428,34,34,bbr1
0.414,43399,30,27360,32.9,36.8,20.2,242.0,2.8,877952,30431,34,34,bbr1
0.421,44079,30,27360,33.5,38.0,20.2,242.0,3.3,877952,30435,34,34,bbr1
0.428,44079,30,27360,34.3,40.0,20.2,242.0,4.1,877952,30439,34,34,bbr1
0.434,44079,30,27360,34.1,32.1,20.2,242.0,3.7,877952,30443,34,34,bbr1
0.445,32007,22,21600,33.7,32.5,20.2,242.0,2.6,1097440,30446,34,34,bbr1
0.453,37703,26,25920,33.5,32.3,20.2,242.0,2.3,1097440,30453,34,34,bbr1
0.460,43399,30,27360,33.5,32.9,20.2,242.0,1.9,1097440,30458,34,34,bbr1
0.467,44079,30,28800,33.4,33.1,20.2,242.0,1.5,1097440,30463,34,34,bbr1
0.477,32007,22,25920,32.2,29.4,20.2,242.0,2.9,1097440,30468,34,34,bbr1
0.484,37703,26,27360,32.1,30.9,20.2,242.0,2.5,1097440,30473,34,34,bbr1
0.492,43399,30,31680,32.1,32.5,20.2,242.0,2.0,1097440,30480,34,34,bbr1
0.500,44079,30,33120,32.3,34.0,20.2,242.0,1.9,658464,30485,34,34,bbr1
0.506,44079,30,31680,32.7,35.5,20.2,242.0,2.2,658464,30488,34,34,bbr1
0.513,44079,30,30240,32.7,32.1,20.2,242.0,1.8,658464,30491,34,34,bbr1
0.523,32007,22,24480,33.3,36.4,20.2,242.0,2.2,658464,30494,34,34,bbr1
0.531,37703,26,25920,33.8,37.8,20.2,242.0,2.8,877952,30499,34,34,bbr1
0.537,43399,30,24480,34.5,39.4,20.2,242.0,3.5,877952,30502,34,34,bbr1
0.543,44079,30,25920,34.9,37.5,20.2,242.0,3.3,877952,30506,34,34,bbr1
0.550,44079,30,27360,35.0,36.0,20.2,242.0,2.8,877952,30510,34,34,bbr1
0.554,44079,30,24480,34.5,30.3,20.2,242.0,3.3,1097440,30513,34,34,bbr1
0.567,32007,22,24480,33.5,30.3,20.2,242.0,3.5,1097440,30520,34,34,bbr1
0.574,37703,26,27360,33.1,30.4,20.2,242.0,3.4,1097440,30526,34,34,bbr1
0.582,43399,30,30240,32.9,31.0,20.2,242.0,3.1,1097440,30532,34,34,bbr1
0.588,44079,30,31680,32.8,32.0,20.2,242.0,2.5,1097440,30537,34,34,bbr1
0.596,44079,30,33120,32.9,33.6,20.2,242.0,2.1,658464,30542,34,34,bbr1
0.608,33431,23,25920,32.9,33.9,20.2,242.0,1.5,658464,30545,34,34,bbr1
0.616,39127,27,27360,33.3,35.5,20.2,242.0,1.8,877952,30550,34,34,bbr1
0.621,44079,30,25920,33.7,36.9,20.2,242.0,2.3,877952,30553,34,34,bbr1
0.629,42691,29,27360,34.3,38.5,20.2,242.0,2.9,843581,30558,34,34,bbr1
0.636,42691,29,27360,34.9,39.2,20.2,242.0,3.4,1054476,30562,34,34,bbr1
0.648,32737,22,23040,34.3,32.3,20.2,242.0,3.0,1054476,30567,34,34,bbr1
0.655,38433,26,25920,34.1,32.5,20.2,242.0,2.7,1054476,30573,34,34,bbr1
0.662,42691,29,27360,33.9,32.6,20.2,242.0,2.4,1054476,30578,34,34,bbr1
0.669,42691,29,28800,33.7,32.7,20.2,242.0,2.1,1054476,30583,34,34,bbr1
0.676,42691,29,30240,33.8,34.2,20.2,242.0,1.7,1054476,30588,34,34,bbr1
0.683,42691,29,31680,33.4,31.1,20.2,242.0,1.9,632685,30593,34,34,bbr1
0.696,32737,22,24480,33.4,33.7,20.2,242.0,1.4,632685,30596,34,34,bbr1
0.703,38433,26,24480,33.6,35.0,20.2,242.0,1.5,843581,30600,34,34,bbr1
0.709,42691,29,25920,33.9,36.0,20.2,242.0,1.7,843581,30604,34,34,bbr1
0.716,42691,29,25920,34.3,37.3,20.2,242.0,2.1,843581,30608,34,34,bbr1
0.721,42691,29,24480,34.7,37.7,20.2,242.0,2.5,843581,30611,34,34,bbr1
0.728,42691,29,24480,34.2,30.3,20.2,242.0,2.9,1054476,30615,34,34,bbr1
0.742,32737,22,21600,33.4,30.8,20.2,242.0,3.0,1054476,30621,34,34,bbr1
0.748,38433,26,24480,33.0,30.3,20.2,242.0,3.0,1054476,30627,34,34,bbr1
0.755,42691,29,25920,32.7,30.3,20.2,242.0,3.0,1054476,30632,34,34,bbr1
0.762,42691,29,27360,32.5,31.4,20.2,242.0,2.5,1054476,30637,34,34,bbr1
0.769,42691,29,28800,31.8,26.9,20.2,242.0,3.3,1054476,30642,34,34,bbr1
0.775,42691,29,30240,31.5,29.3,20.2,242.0,3.1,1054476,30646,34,34,bbr1
0.783,42691,29,31680,31.4,30.6,20.2,242.0,2.5,632685,30651,34,34,bbr1
0.789,42691,29,31680,31.4,31.6,20.2,242.0,1.9,632685,30654,34,34,bbr1
0.799,32737,22,23040,31.9,34.2,20.2,242.0,2.0,632685,30656,34,34,bbr1
0.806,38433,26,23040,32.4,35.6,20.2,242.0,2.4,843581,30660,34,34,bbr1
0.813,42691,29,23040,32.9,36.6,20.2,242.0,2.9,843581,30664,34,34,bbr1
0.819,42691,29,23040,33.4,36.8,20.2,242.0,3.1,843581,30668,34,34,bbr1
0.826,44067,30,23040,33.6,34.7,20.2,242.0,2.7,1097071,30672,34,34,bbr1
0.833,44067,30,25920,33.0,29.2,20.2,242.0,3.1,1097071,30678,34,34,bbr1
0.840,27729,19,27360,32.5,29.2,20.2,242.0,3.3,1097071,30683,34,34,bbr1
0.847,33425,23,23040,32.1,29.1,20.2,242.0,3.3,1097071,30684,34,34,bbr1
0.855,39121,27,27360,31.7,29.2,20.2,242.0,3.2,1097071,30691,34,34,bbr1
0.861,44067,30,28800,31.6,30.5,20.2,242.0,2.7,1097071,30696,34,34,bbr1
0.868,44067,30,30240,31.6,32.1,20.2,242.0,2.2,1097071,30701,34,34,bbr1
0.874,44067,30,31680,31.9,33.7,20.2,242.0,2.1,1097071,30706,34,34,bbr1
0.882,44067,30,33120,31.8,31.2,20.2,242.0,1.8,658242,30711,34,34,bbr1
0.894,33425,23,25920,32.2,34.2,20.2,242.0,1.7,658242,30714,34,34,bbr1
0.902,39121,27,27360,32.6,35.8,20.2,242.0,2.2,877657,30719,34,34,bbr1
0.908,44067,30,25920,33.2,37.3,20.2,242.0,2.8,877657,30722,34,34,bbr1
0.915,44067,30,27360,33.9,38.8,20.2,242.0,3.5,877657,30727,34,34,bbr1
0.922,44067,30,27360,34.6,39.4,20.2,242.0,4.0,1097071,30731,34,34,bbr1
0.928,44067,30,28800,34.3,32.2,20.2,242.0,3.6,1097071,30736,34,34,bbr1
0.941,33425,23,24480,33.9,32.6,20.2,242.0,2.8,1097071,30741,34,34,bbr1
0.949,39121,27,28800,33.7,32.7,20.2,242.0,2.4,1097071,30748,34,34,bbr1
0.956,44067,30,30240,33.6,32.7,20.2,242.0,2.0,1097071,30753,34,34,bbr1
0.963,44067,30,31680,33.8,34.8,20.2,242.0,1.8,1097071,30758,34,34,bbr1
0.970,44067,30,33120,34.1,36.4,20.2,242.0,2.0,658242,30763,34,34,bbr1
0.982,33425,23,25920,33.9,34.0,20.2,242.0,1.5,658242,30766,34,34,bbr1
0.990,39121,27,27360,34.1,35.5,20.2,242.0,1.5,877657,30771,34,34,bbr1
0.007,27557,19,0,34.7,32.4,20.2,242.0,2.9,1097071,30772,34,34,bbr1
0.007,30135,20,0,33.9,27.8,20.2,242.0,3.9,1097071,30774,34,34,bbr1
0.032,37255,25,23040,32.6,23.8,20.2,242.0,5.5,1097071,30795,34,34,bbr1
0.039,42951,29,25920,31.7,25.2,20.2,242.0,5.9,1097071,30801,34,34,bbr1
0.047,44067,30,28800,31.1,26.8,20.2,242.0,5.7,1097071,30807,34,34,bbr1
0.053,44067,30,30240,30.7,28.3,20.2,242.0,4.9,1097071,30812,34,34,bbr1
0.060,44067,30,31680,30.6,29.9,20.2,242.0,3.9,1097071,30817,34,34,bbr1
0.067,44067,30,33120,30.7,31.0,20.2,242.0,3.0,658242,30822,34,34,bbr1
0.074,44067,30,31680,30.9,32.5,20.2,242.0,2.7,658242,30825,34,34,bbr1
0.081,44067,30,31680,31.3,33.7,20.2,242.0,2.7,658242,30828,34,34,bbr1
0.085,44067,30,28800,31.7,35.2,20.2,242.0,3.0,658242,30830,34,34,bbr1
0.091,44067,30,27360,32.4,36.7,20.2,242.0,3.5,658242,30833,34,34,bbr1
0.100,44067,30,27360,33.0,37.8,20.2,242.0,4.0,658242,30837,34,34,bbr1
0.107,44067,30,25920,33.9,39.8,20.2,242.0,4.7,658242,30840,34,34,bbr1
0.113,44067,30,24480,34.4,37.8,20.2,242.0,4.5,877657,30843,34,34,bbr1
0.120,44067,30,24480,34.5,35.7,20.2,242.0,3.7,877657,30847,34,34,bbr1
0.126,44067,30,24480,34.4,33.9,20.2,242.0,2.9,877657,30851,34,34,bbr1
0.132,44067,30,24480,34.1,31.7,20.2,242.0,2.9,877657,30855,34,34,bbr1
0.139,44067,30,24480,33.5,29.6,20.2,242.0,3.3,877657,30859,34,34,bbr1
0.146,27729,19,24480,33.0,29.5,20.2,242.0,3.5,877657,30863,34,34,bbr1
0.152,33425,23,23040,32.6,29.3,20.2,242.0,3.5,877657,30866,34,34,bbr1
0.161,39121,27,25920,32.3,30.1,20.2,242.0,3.3,877657,30872,34,34,bbr1
0.166,44067,30,24480,32.0,30.2,20.2,242.0,3.0,1097071,30875,34,34,bbr1
0.173,44067,30,27360,31.8,30.4,20.2,242.0,2.6,1097071,30881,34,34,bbr1
0.186,33425,23,23040,31.5,30.5,20.2,242.0,2.0,1097071,30886,34,34,bbr1
0.194,39121,27,27360,31.3,30.2,20.2,242.0,1.8,1097071,30893,34,34,bbr1
0.201,43393,30,30240,31.3,31.0,20.2,242.0,1.4,1097071,30898,34,34,bbr1
0.206,44067,30,30240,31.5,33.0,20.2,242.0,1.5,1097071,30902,34,34,bbr1
0.213,44067,30,31680,31.9,34.6,20.2,242.0,1.9,1097071,30907,34,34,bbr1
0.220,44034,30,33120,31.7,30.7,20.2,242.0,1.7,657635,30912,34,34,bbr1
0.227,44034,30,33120,31.8,31.9,20.2,242.0,1.3,657635,30915,34,34,bbr1
0.237,33409,23,24480,32.3,35.0,20.2,242.0,1.8,658322,30917,34,34,bbr1
0.245,39105,27,25920,32.9,36.5,20.2,242.0,2.4,877763,30922,34,34,bbr1
0.251,44071,30,24480,33.5,37.7,20.2,242.0,3.0,877763,30925,34,34,bbr1
0.258,44071,30,25920,34.2,39.5,20.2,242.0,3.8,877763,30930,34,34,bbr1
0.265,44073,30,25920,34.6,37.5,20.2,242.0,3.6,877815,30934,34,34,bbr1
0.272,44073,30,25920,34.3,31.6,20.2,242.0,3.5,877815,30938,34,34,bbr1
0.278,27732,19,25920,33.7,30.2,20.2,242.0,3.6,1097268,30942,34,34,bbr1
0.284,33428,23,23040,33.3,30.4,20.2,242.0,3.6,1097268,30944,34,34,bbr1
0.292,39124,27,27360,33.0,30.7,20.2,242.0,3.3,1097268,30951,34,34,bbr1
0.299,43396,30,30240,32.8,31.1,20.2,242.0,3.0,1097268,30956,34,34,bbr1
0.304,44073,30,30240,32.5,31.0,20.2,242.0,2.7,1097268,30960,34,34,bbr1
0.311,44073,30,33120,32.4,31.7,20.2,242.0,2.2,1097268,30965,34,34,bbr1
0.317,44073,30,33120,32.0,28.8,20.2,242.0,2.6,658361,30969,34,34,bbr1
0.329,32004,22,27360,32.1,33.2,20.2,242.0,1.8,658361,30972,34,34,bbr1
0.336,37700,26,27360,32.4,34.4,20.2,242.0,1.9,660909,30976,34,34,bbr1
0.342,43396,30,25920,32.9,36.2,20.2,242.0,2.4,660909,30979,34,34,bbr1
0.348,44211,30,24480,33.5,37.7,20.2,242.0,3.0,881212,30982,34,34,bbr1
0.354,44211,30,24480,34.2,39.2,20.2,242.0,3.7,881212,30986,34,34,bbr1
0.361,44211,30,24480,33.9,32.1,20.2,242.0,3.3,881212,30990,34,34,bbr1
0.366,26377,18,24480,33.8,32.8,20.2,242.0,2.7,1101515,30993,34,34,bbr1
0.373,32073,22,21600,33.4,30.8,20.2,242.0,2.8,1101515,30995,34,34,bbr1
0.380,37769,26,25920,32.9,29.5,20.2,242.0,3.1,1101515,31002,34,34,bbr1
0.387,42041,29,28800,32.6,30.2,20.2,242.0,3.0,1101515,31007,34,34,bbr1
0.392,44211,30,28800,32.3,30.3,20.2,242.0,2.8,1101515,31011,34,34,bbr1
0.399,44211,30,30240,32.1,30.7,20.2,242.0,2.5,1101515,31016,34,34,bbr1
0.406,44211,30,33120,31.7,29.1,20.2,242.0,2.6,1101515,31021,34,34,bbr1
0.417,33497,23,27360,31.7,32.2,20.2,242.0,1.9,660909,31025,34,34,bbr1
0.425,39193,27,28800,31.9,33.8,20.2,242.0,1.9,660909,31030,34,34,bbr1
0.432,44211,30,27360,32.4,35.3,20.2,242.0,2.3,660909,31033,34,34,bbr1
0.438,44211,30,25920,32.9,36.8,20.2,242.0,2.8,660909,31036,34,34,bbr1
0.445,44211,30,24480,33.5,38.0,20.2,242.0,3.4,881212,31039,34,34,bbr1
0.451,44273,30,23040,33.6,33.8,20.2,242.0,2.6,882748,31043,34,34,bbr1
0.459,27832,19,24480,33.6,33.4,20.2,242.0,2.0,882748,31048,34,34,bbr1
0.466,33528,23,23040,33.3,31.3,20.2,242.0,2.1,882748,31051,34,34,bbr1
0.474,39224,27,25920,32.8,29.7,20.2,242.0,2.4,882748,31057,34,34,bbr1
0.479,44273,30,24480,32.5,29.9,20.2,242.0,2.6,1103435,31060,34,34,bbr1
0.486,44273,30,27360,32.1,29.7,20.2,242.0,2.6,1103435,31066,34,34,bbr1
0.500,33528,23,23040,31.7,30.4,20.2,242.0,2.2,1103435,31071,34,34,bbr1
0.508,39224,27,27360,31.5,30.3,20.2,242.0,2.0,1103435,31078,34,34,bbr1
0.514,44273,30,28800,31.6,32.0,20.2,242.0,1.6,1103435,31083,34,34,bbr1
0.520,44273,30,30240,31.8,33.5,20.2,242.0,1.7,1103435,31088,34,34,bbr1
0.527,44273,30,33120,32.2,34.7,20.2,242.0,2.0,1103435,31093,34,34,bbr1
0.533,44273,30,33120,32.0,30.8,20.2,242.0,1.8,662061,31097,34,34,bbr1
0.545,33528,23,25920,32.3,34.0,20.2,242.0,1.6,662061,31100,34,34,bbr1
0.553,39224,27,27360,32.7,35.5,20.2,242.0,2.0,882748,31105,34,34,bbr1
0.559,44273,30,25920,33.2,37.1,20.2,242.0,2.6,882748,31108,34,34,bbr1
0.567,44273,30,27360,33.9,38.6,20.2,242.0,3.3,882748,31113,34,34,bbr1
0.573,44273,30,27360,34.6,39.3,20.2,242.0,3.8,1103435,31117,34,34,bbr1
0.586,33528,23,23040,34.0,32.5,20.2,242.0,3.1,1103435,31122,34,34,bbr1
0.594,39224,27,27360,33.9,32.7,20.2,242.0,2.6,1103435,31129,34,34,bbr1
0.601,43496,30,30240,33.7,32.3,20.2,242.0,2.4,1103435,31134,34,34,bbr1
0.606,44273,30,30240,33.6,33.1,20.2,242.0,1.9,1103435,31138,34,34,bbr1
0.612,44273,30,31680,33.7,34.7,20.2,242.0,1.7,1103435,31143,34,34,bbr1
0.620,44273,30,33120,33.4,30.7,20.2,242.0,2.0,662061,31148,34,34,bbr1
0.632,33528,23,25920,33.3,33.8,20.2,242.0,1.5,662061,31151,34,34,bbr1
0.640,39224,27,27360,33.6,35.4,20.2,242.0,1.6,882748,31156,34,34,bbr1
0.646,44273,30,27360,34.0,37.0,20.2,242.0,2.1,882748,31160,34,34,bbr1
0.653,44273,30,27360,34.5,38.4,20.2,242.0,2.7,882748,31164,34,34,bbr1
0.659,44273,30,27360,35.1,39.1,20.2,242.0,3.1,1103435,31168,34,34,bbr1
0.672,33528,23,23040,34.4,32.4,20.2,242.0,2.9,1103435,31173,34,34,bbr1
0.680,39224,27,27360,34.2,32.7,20.2,242.0,2.6,1103435,31180,34,34,bbr1
0.687,44273,30,28800,34.0,32.7,20.2,242.0,2.4,1103435,31185,34,34,bbr1
0.694,44273,30,30240,34.0,33.5,20.2,242.0,1.9,1103435,31190,34,34,bbr1
0.700,44273,30,31680,34.1,35.1,20.2,242.0,1.7,1103435,31195,34,34,bbr1
0.707,44273,30,33120,33.7,31.2,20.2,242.0,2.0,662061,31200,34,34,bbr1
0.720,32104,22,27415,33.6,34.0,20.2,242.0,1.4,662061,31204,34,34,bbr1
0.726,37800,26,27415,33.9,35.5,20.2,242.0,1.5,662061,31208,34,34,bbr1
0.733,43496,30,25975,34.2,36.8,20.2,242.0,1.9,662061,31211,34,34,bbr1
0.739,44273,30,24535,34.8,38.6,20.2,242.0,2.5,882748,31214,34,34,bbr1
0.745,44273,30,24535,35.5,40.1,20.2,242.0,3.2,882748,31218,34,34,bbr1
0.753,44273,30,27360,35.8,37.8,20.2,242.0,3.0,882748,31223,34,34,bbr1
0.758,27832,19,25920,35.4,33.1,20.2,242.0,2.9,882748,31226,34,34,bbr1
0.764,33528,23,23040,34.9,31.0,20.2,242.0,3.3,882748,31228,34,34,bbr1
0.772,39224,27,25920,34.2,29.6,20.2,242.0,3.8,882748,31234,34,34,bbr1
0.777,43496,30,25920,33.7,30.4,20.2,242.0,3.8,882748,31237,34,34,bbr1
0.784,44273,30,25920,33.4,30.7,20.2,242.0,3.6,1103435,31241,34,34,bbr1
0.790,44273,30,27360,33.1,30.9,20.2,242.0,3.3,1103435,31246,34,34,bbr1
0.803,33528,23,23040,32.4,30.7,20.2,242.0,2.9,1095665,31251,34,34,bbr1
0.811,39224,27,27360,32.2,30.9,20.2,242.0,2.6,1095665,31258,34,34,bbr1
0.817,44022,30,28800,32.2,31.6,20.2,242.0,2.1,1095665,31263,34,34,bbr1
0.824,44022,30,30240,32.3,33.5,20.2,242.0,1.9,1095665,31268,34,34,bbr1
0.830,44022,30,31680,32.7,35.0,20.2,242.0,2.1,1095665,31273,34,34,bbr1
0.838,44022,30,33120,32.5,31.2,20.2,242.0,1.9,657399,31278,34,34,bbr1
0.845,44022,30,31680,32.5,32.6,20.2,242.0,1.5,657399,31281,34,34,bbr1
0.857,33403,23,24480,33.1,35.7,20.2,242.0,1.9,657399,31284,34,34,bbr1
0.865,39099,27,25920,33.6,37.2,20.2,242.0,2.5,876532,31289,34,34,bbr1
0.871,44022,30,24480,34.3,38.8,20.2,242.0,3.2,876532,31292,34,34,bbr1
0.877,44022,30,24480,34.9,39.4,20.2,242.0,3.7,876532,31296,34,34,bbr1
0.885,44022,30,25920,35.2,37.3,20.2,242.0,3.4,1095665,31301,34,34,bbr1
0.891,27707,19,27360,34.8,31.6,20.2,242.0,3.4,1095665,31306,34,34,bbr1
0.898,33403,23,23040,34.2,30.2,20.2,242.0,3.7,1095665,31307,34,34,bbr1
0.906,39099,27,27360,33.7,30.5,20.2,242.0,3.7,1095665,31314,34,34,bbr1
0.912,44022,30,28800,33.4,31.1,20.2,242.0,3.4,1095665,31319,34,34,bbr1
0.919,44022,30,30240,33.2,31.6,20.2,242.0,3.0,1095665,31324,34,34,bbr1
0.926,44022,30,31680,33.2,33.5,20.2,242.0,2.3,1095665,31329,34,34,bbr1
0.933,44022,30,33120,32.9,31.1,20.2,242.0,2.3,657399,31334,34,34,bbr1
0.945,33403,23,25920,33.0,34.1,20.2,242.0,1.6,657399,31337,34,34,bbr1
0.953,39099,27,27360,33.4,35.6,20.2,242.0,1.9,876532,31342,34,34,bbr1
0.959,44022,30,25920,33.8,37.1,20.2,242.0,2.3,876532,31345,34,34,bbr1
0.966,44022,30,27360,34.4,38.4,20.2,242.0,2.9,876532,31350,34,34,bbr1
0.973,44022,30,27360,35.0,39.3,20.2,242.0,3.4,876532,31354,34,34,bbr1
0.980,44022,30,27360,34.7,32.2,20.2,242.0,3.3,876532,31358,34,34,bbr1
0.991,31979,22,23040,34.1,32.1,20.2,242.0,2.9,1068780,31362,34,34,bbr1
0.998,37675,26,25920,33.8,32.2,20.2,242.0,2.6,1068780,31368,34,34,bbr1
1.004,43153,29,27360,33.7,32.4,20.2,242.0,2.3,1068780,31373,34,34,bbr1
1.011,43153,29,28800,33.6,33.0,20.2,242.0,1.9,1068780,31378,34,34,bbr1
1.018,43153,29,30240,33.6,33.4,20.2,242.0,1.5,1068780,31383,34,34,bbr1
1.032,32968,22,27360,33.1,32.4,20.2,242.0,1.5,641268,31389,34,34,bbr1
1.038,38664,26,27360,33.2,33.8,20.2,242.0,1.3,641268,31393,34,34,bbr1
1.047,43153,29,27360,33.5,35.3,20.2,242.0,1.5,641268,31397,34,34,bbr1
1.052,43153,29,24480,33.8,36.5,20.2,242.0,1.9,641268,31399,34,34,bbr1
1.060,43153,29,24480,34.4,37.9,20.2,242.0,2.4,855024,31403,34,34,bbr1
1.065,27272,18,23040,34.3,33.8,20.2,242.0,2.0,855024,31406,34,34,bbr1
1.071,31544,21,23040,34.3,34.4,20.2,242.0,1.5,855024,31409,34,34,bbr1
1.077,37240,25,23040,34.0,32.2,20.2,242.0,1.6,855024,31413,34,34,bbr1
1.084,42936,29,23040,33.5,30.0,20.2,242.0,2.2,855024,31417,34,34,bbr1
1.091,43153,29,23040,32.9,28.4,20.2,242.0,2.9,855024,31421,34,34,bbr1
1.098,43153,29,23040,32.4,28.5,20.2,242.0,3.3,855024,31425,34,34,bbr1
1.104,27272,18,23040,31.9,29.0,20.2,242.0,3.3,1068780,31429,34,34,bbr1
0.006,3072,2,0,30.3,28.8,20.2,242.0,2.6,1068780,31431,35,35,bbr1
0.009,5760,4,0,30.0,27.7,20.2,242.0,2.6,1068780,31433,35,35,bbr1
0.035,12880,8,0,29.2,23.7,20.2,242.0,3.5,1068780,31438,35,35,bbr1
0.060,20000,13,5760,28.2,21.1,20.2,242.0,4.7,1068780,31447,35,35,bbr1
0.067,25696,17,8640,27.5,22.4,20.2,242.0,4.9,1068780,31453,35,35,bbr1
0.085,32816,22,18720,26.7,21.0,20.2,242.0,5.3,1054065,31465,35,35,bbr1
0.092,38512,26,21600,26.1,22.5,20.2,242.0,5.0,1054065,31471,35,35,bbr1
0.099,42678,29,23040,25.9,23.9,20.2,242.0,4.3,1054065,31476,35,35,bbr1
0.106,42678,29,24480,25.8,25.3,20.2,242.0,3.4,1054065,31481,35,35,bbr1
0.113,42736,29,25920,25.8,25.5,20.2,242.0,2.6,1055870,31486,35,35,bbr1
0.120,42736,29,27360,25.9,26.8,20.2,242.0,2.2,1055870,31491,35,35,bbr1
0.126,42736,29,28800,26.2,28.2,20.2,242.0,2.2,1055870,31496,35,35,bbr1
0.133,42736,29,30240,26.6,29.5,20.2,242.0,2.5,1055870,31501,35,35,bbr1
0.141,42736,29,31680,27.1,30.7,20.2,242.0,2.9,633522,31506,35,35,bbr1
0.148,42736,29,30240,27.7,32.1,20.2,242.0,3.4,633522,31509,35,35,bbr1
0.155,42736,29,28800,28.4,33.5,20.2,242.0,4.0,633522,31512,35,35,bbr1
0.162,42736,29,27360,29.2,34.7,20.2,242.0,4.6,633522,31515,35,35,bbr1
0.169,42736,29,25920,30.1,36.1,20.2,242.0,5.1,633522,31518,35,35,bbr1
0.176,42736,29,24480,31.0,37.4,20.2,242.0,5.7,633522,31521,35,35,bbr1
0.181,42736,29,23040,31.7,36.9,20.2,242.0,5.7,844696,31524,35,35,bbr1
0.188,42736,29,23040,32.1,34.3,20.2,242.0,5.0,844696,31528,35,35,bbr1
0.194,42736,29,21600,32.0,31.8,20.2,242.0,3.8,844696,31531,35,35,bbr1
0.201,42736,29,23040,31.8,30.1,20.2,242.0,3.3,844696,31535,35,35,bbr1
0.208,42736,29,23040,31.5,29.8,20.2,242.0,3.0,844696,31539,35,35,bbr1
0.214,42736,29,23040,31.0,27.6,20.2,242.0,3.2,844696,31543,35,35,bbr1
0.219,27064,18,21600,30.6,27.5,20.2,242.0,3.3,1055870,31546,35,35,bbr1
0.226,31336,21,23040,30.2,27.1,20.2,242.0,3.4,1055870,31550,35,35,bbr1
0.231,37032,25,24480,29.8,27.0,20.2,242.0,3.3,1055870,31555,35,35,bbr1
0.238,41304,28,27360,29.5,27.3,20.2,242.0,3.1,1055870,31560,35,35,bbr1
0.244,42736,29,27360,29.1,26.9,20.2,242.0,3.0,1055870,31564,35,35,bbr1
0.251,42736,29,28800,29.0,28.1,20.2,242.0,2.5,1055870,31569,35,35,bbr1
0.258,44423,30,30240,29.0,29.1,20.2,242.0,1.9,1108088,31574,35,35,bbr1
0.264,44423,30,31680,29.2,30.4,20.2,242.0,1.8,1108088,31579,35,35,bbr1
0.271,44423,30,33120,29.5,31.7,20.2,242.0,1.9,664853,31584,35,35,bbr1
0.278,44423,30,31680,29.9,32.7,20.2,242.0,2.3,664853,31587,35,35,bbr1
0.285,44423,30,30240,30.5,34.3,20.2,242.0,2.8,664853,31590,35,35,bbr1
0.291,44423,30,28800,31.1,35.6,20.2,242.0,3.4,664853,31593,35,35,bbr1
0.297,44423,30,27360,31.9,37.1,20.2,242.0,4.0,664853,31596,35,35,bbr1
0.306,44423,30,27360,32.7,38.7,20.2,242.0,4.8,664853,31600,35,35,bbr1
0.313,44423,30,25920,33.6,39.5,20.2,242.0,5.2,664853,31603,35,35,bbr1
0.318,44423,30,24480,34.0,37.4,20.2,242.0,4.9,886471,31606,35,35,bbr1
0.325,44423,30,24480,34.2,35.3,20.2,242.0,4.0,886471,31610,35,35,bbr1
0.331,44423,30,24480,34.2,33.8,20.2,242.0,3.1,886471,31614,35,35,bbr1
0.338,27907,19,24480,33.8,31.7,20.2,242.0,2.9,1108088,31618,35,35,bbr1
0.344,33603,23,23040,33.3,29.6,20.2,242.0,3.3,1108088,31621,35,35,bbr1
0.352,39299,27,27360,32.8,29.4,20.2,242.0,3.4,1108088,31628,35,35,bbr1
0.359,44423,30,28800,32.5,30.2,20.2,242.0,3.2,1108088,31633,35,35,bbr1
0.365,44423,30,30240,32.2,30.4,20.2,242.0,3.0,1108088,31638,35,35,bbr1
0.372,44423,30,31680,32.1,31.5,20.2,242.0,2.4,1108088,31643,35,35,bbr1
0.380,44423,30,34560,32.0,31.2,20.2,242.0,2.0,664853,31649,35,35,bbr1
0.387,44423,30,33120,32.1,32.6,20.2,242.0,1.7,664853,31652,35,35,bbr1
0.393,44423,30,31680,32.4,34.4,20.2,242.0,1.8,664853,31655,35,35,bbr1
0.400,44423,30,30240,32.8,35.9,20.2,242.0,2.3,664853,31658,35,35,bbr1
0.406,44423,30,28800,33.4,37.5,20.2,242.0,2.9,664853,31661,35,35,bbr1
0.413,44423,30,28800,34.1,38.7,20.2,242.0,3.5,664853,31664,35,35,bbr1
0.417,44423,30,25920,34.8,40.2,20.2,242.0,4.1,664853,31666,35,35,bbr1
0.425,44423,30,25920,35.4,39.3,20.2,242.0,4.2,886471,31670,35,35,bbr1
0.432,44423,30,25920,35.6,37.4,20.2,242.0,3.7,886471,31674,35,35,bbr1
0.438,27907,19,25920,35.6,35.5,20.2,242.0,2.8,1108088,31678,35,35,bbr1
0.444,33603,23,23040,35.4,33.6,20.2,242.0,2.6,1108088,31680,35,35,bbr1
0.452,37875,26,28800,35.0,32.1,20.2,242.0,2.8,1108088,31687,35,35,bbr1
0.457,43571,30,28800,34.4,30.8,20.2,242.0,3.1,1108088,31691,35,35,bbr1
0.464,44423,30,31680,34.0,30.5,20.2,242.0,3.3,1108088,31696,35,35,bbr1
0.470,44423,30,31680,33.6,31.3,20.2,242.0,3.1,664853,31700,35,35,bbr1
0.476,44423,30,30240,33.0,28.8,20.2,242.0,3.6,664853,31703,35,35,bbr1
0.483,44423,30,28800,32.9,32.0,20.2,242.0,2.9,664853,31706,35,35,bbr1
0.489,27907,19,27360,33.0,33.6,20.2,242.0,2.4,664853,31709,35,35,bbr1
0.495,32179,22,24480,33.2,34.8,20.2,242.0,2.2,664853,31710,35,35,bbr1
0.501,37875,26,24480,33.6,36.1,20.2,242.0,2.4,886471,31714,35,35,bbr1
0.508,43571,30,24480,34.0,36.8,20.2,242.0,2.6,886471,31718,35,35,bbr1
0.514,44423,30,24480,34.1,35.1,20.2,242.0,2.3,886471,31722,35,35,bbr1
0.521,44423,30,24480,34.0,33.3,20.2,242.0,1.9,886471,31726,35,35,bbr1
0.529,44423,30,25920,33.5,29.9,20.2,242.0,2.5,886471,31731,35,35,bbr1
0.534,44423,30,24480,32.9,29.1,20.2,242.0,2.9,886471,31734,35,35,bbr1
0.542,44423,30,25920,32.5,29.3,20.2,242.0,3.1,1108088,31739,35,35,bbr1
0.548,27907,19,27360,32.2,30.2,20.2,242.0,2.9,1108088,31744,35,35,bbr1
0.555,33603,23,23040,32.0,30.4,20.2,242.0,2.6,1108088,31745,35,35,bbr1
0.562,39299,27,27360,31.8,30.2,20.2,242.0,2.4,1108088,31752,35,35,bbr1
0.569,44423,30,28800,31.6,30.5,20.2,242.0,2.1,1108088,31757,35,35,bbr1
0.575,44423,30,30240,31.6,31.7,20.2,242.0,1.6,1108088,31762,35,35,bbr1
0.582,44423,30,31680,31.9,33.6,20.2,242.0,1.7,1108088,31767,35,35,bbr1
0.590,44423,30,34560,31.8,31.2,20.2,242.0,1.4,664853,31773,35,35,bbr1
0.602,33603,23,27360,32.2,34.3,20.2,242.0,1.6,664853,31776,35,35,bbr1
0.611,39299,27,28800,32.7,35.9,20.2,242.0,2.1,664853,31781,35,35,bbr1
0.618,44423,30,27360,33.3,37.5,20.2,242.0,2.8,664853,31784,35,35,bbr1
0.624,44053,30,27360,33.9,38.6,20.2,242.0,3.4,657987,31787,35,35,bbr1
0.628,44053,30,24480,34.7,40.2,20.2,242.0,4.1,657987,31789,35,35,bbr1
0.634,44053,30,23040,35.3,39.3,20.2,242.0,4.2,877317,31792,35,35,bbr1
0.641,27722,19,23040,35.2,34.5,20.2,242.0,3.4,877317,31796,35,35,bbr1
0.648,31994,22,24480,34.9,33.1,20.2,242.0,3.1,877317,31800,35,35,bbr1
0.654,37690,26,24480,34.4,30.7,20.2,242.0,3.4,877317,31804,35,35,bbr1
0.660,43386,30,24480,33.7,28.9,20.2,242.0,3.9,877317,31808,35,35,bbr1
0.667,44053,30,24480,33.1,28.5,20.2,242.0,4.2,877317,31812,35,35,bbr1
0.673,44053,30,24480,32.5,28.6,20.2,242.0,4.3,877317,31816,35,35,bbr1
0.680,27722,19,24480,32.0,28.9,20.2,242.0,4.1,1096646,31820,35,35,bbr1
0.687,33418,23,23040,31.7,29.6,20.2,242.0,3.7,1096646,31823,35,35,bbr1
0.694,39114,27,27360,31.4,29.3,20.2,242.0,3.4,1096646,31830,35,35,bbr1
0.701,44053,30,28800,31.2,29.5,20.2,242.0,3.0,1096646,31835,35,35,bbr1
0.708,44053,30,30240,31.1,30.2,20.2,242.0,2.5,1096646,31840,35,35,bbr1
0.714,44053,30,33120,31.0,30.9,20.2,242.0,1.9,1096646,31845,35,35,bbr1
0.726,33418,23,27360,31.2,32.3,20.2,242.0,1.4,657987,31849,35,35,bbr1
0.735,39114,27,28800,31.5,33.8,20.2,242.0,1.7,657987,31854,35,35,bbr1
0.741,44053,30,27360,32.0,35.3,20.2,242.0,2.2,657987,31857,35,35,bbr1
0.748,44053,30,25920,32.6,36.7,20.2,242.0,2.9,657987,31860,35,35,bbr1
0.754,44066,30,24480,33.3,38.4,20.2,242.0,3.6,877635,31863,35,35,bbr1
0.760,44066,30,24480,33.4,33.7,20.2,242.0,2.8,877635,31867,35,35,bbr1
0.765,44066,30,24480,33.5,34.4,20.2,242.0,2.4,877635,31870,35,35,bbr1
0.772,44066,30,24480,33.4,32.4,20.2,242.0,2.1,877635,31874,35,35,bbr1
0.778,44066,30,24480,32.9,30.0,20.2,242.0,2.4,877635,31878,35,35,bbr1
0.786,27729,19,25920,32.5,29.6,20.2,242.0,2.6,1097043,31883,35,35,bbr1
0.792,33425,23,23040,32.2,29.8,20.2,242.0,2.6,1097043,31885,35,35,bbr1
0.800,39121,27,27360,31.9,30.0,20.2,242.0,2.5,1097043,31892,35,35,bbr1
0.806,44066,30,28800,31.7,30.4,20.2,242.0,2.3,1097043,31897,35,35,bbr1
0.813,44066,30,30240,31.6,30.5,20.2,242.0,2.0,1097043,31902,35,35,bbr1
0.825,33425,23,25920,31.5,31.2,20.2,242.0,1.2,658226,31907,35,35,bbr1
0.834,39121,27,27360,31.6,32.7,20.2,242.0,1.2,658226,31912,35,35,bbr1
0.841,44066,30,25920,32.0,34.3,20.2,242.0,1.6,658226,31915,35,35,bbr1
0.847,44066,30,24480,32.5,35.8,20.2,242.0,2.1,877635,31918,35,35,bbr1
0.854,44066,30,24480,33.0,37.2,20.2,242.0,2.8,877635,31922,35,35,bbr1
0.860,44066,30,24480,32.9,32.2,20.2,242.0,2.3,877635,31926,35,35,bbr1
0.866,44066,30,24480,32.8,31.8,20.2,242.0,2.0,1097043,31930,35,35,bbr1
0.874,27729,19,27360,32.4,29.6,20.2,242.0,2.3,1097043,31936,35,35,bbr1
0.880,33425,23,23040,32.0,29.4,20.2,242.0,2.5,1097043,31937,35,35,bbr1
0.888,39121,27,27360,31.7,29.2,20.2,242.0,2.5,1097043,31944,35,35,bbr1
0.894,44066,30,28800,31.4,29.5,20.2,242.0,2.5,1097043,31949,35,35,bbr1
0.901,44066,30,30240,31.4,31.2,20.2,242.0,1.9,1097043,31954,35,35,bbr1
0.908,44066,30,31680,31.5,32.6,20.2,242.0,1.7,1097043,31959,35,35,bbr1
0.915,44066,30,34560,31.4,30.8,20.2,242.0,1.5,658226,31964,35,35,bbr1
0.919,44066,30,31680,31.5,32.3,20.2,242.0,1.3,658226,31966,35,35,bbr1
0.926,44066,30,30240,31.8,33.9,20.2,242.0,1.6,658226,31969,35,35,bbr1
0.939,33425,23,23040,32.8,36.6,20.2,242.0,2.6,658226,31972,35,35,bbr1
0.946,39121,27,23040,33.4,37.8,20.2,242.0,3.2,877635,31976,35,35,bbr1
0.954,44066,30,24480,34.3,39.9,20.2,242.0,4.0,877635,31981,35,35,bbr1
0.960,44066,30,24480,34.7,37.9,20.2,242.0,3.9,877635,31985,35,35,bbr1
0.966,44066,30,24480,34.9,36.0,20.2,242.0,3.3,877635,31989,35,35,bbr1
0.973,44066,30,25920,34.3,30.1,20.2,242.0,3.6,877635,31993,35,35,bbr1
0.979,27729,19,25920,33.7,29.7,20.2,242.0,3.9,1097043,31997,35,35,bbr1
0.985,33425,23,23040,33.2,30.0,20.2,242.0,3.8,1097043,31999,35,35,bbr1
0.993,39121,27,27360,32.8,29.7,20.2,242.0,3.8,1097043,32006,35,35,bbr1
0.999,44066,30,28800,32.4,29.8,20.2,242.0,3.6,1097043,32011,35,35,bbr1
1.006,44066,30,30240,32.2,30.5,20.2,242.0,3.2,1097043,32016,35,35,bbr1
1.013,44066,30,31680,32.1,31.3,20.2,242.0,2.6,1097043,32021,35,35,bbr1
1.020,44066,30,33120,31.9,30.9,20.2,242.0,2.2,658226,32026,35,35,bbr1
1.032,33425,23,25920,32.2,34.0,20.2,242.0,1.9,658226,32029,35,35,bbr1
1.040,39121,27,27360,32.7,35.6,20.2,242.0,2.2,877635,32034,35,35,bbr1
1.046,44066,30,25920,33.2,37.1,20.2,242.0,2.8,877635,32037,35,35,bbr1
1.054,44066,30,27360,33.9,38.4,20.2,242.0,3.4,877635,32042,35,35,bbr1
1.060,44066,30,28800,34.6,39.7,20.2,242.0,4.0,1097043,32046,35,35,bbr1
1.065,44066,30,28800,34.3,32.1,20.2,242.0,3.6,1097043,32050,35,35,bbr1
1.070,44066,30,30240,34.1,32.7,20.2,242.0,3.1,1097043,32054,35,35,bbr1
1.083,33425,23,25920,33.7,32.7,20.2,242.0,2.4,658226,32059,35,35,bbr1
1.092,39121,27,27360,33.6,32.9,20.2,242.0,2.0,658226,32064,35,35,bbr1
1.099,44066,30,25920,33.7,33.9,20.2,242.0,1.6,658226,32067,35,35,bbr1
1.105,43096,29,24480,33.9,35.7,20.2,242.0,1.7,640210,32070,35,35,bbr1
1.111,43096,29,23040,34.3,37.1,20.2,242.0,2.0,853614,32073,35,35,bbr1
1.118,27244,18,23040,34.0,32.1,20.2,242.0,2.1,1067017,32077,35,35,bbr1
1.124,31516,21,23040,33.8,32.3,20.2,242.0,2.0,1067017,32080,35,35,bbr1
1.129,37212,25,24480,33.3,30.0,20.2,242.0,2.4,1067017,32085,35,35,bbr1
1.136,42908,29,25920,32.7,27.8,20.2,242.0,3.2,1067017,32090,35,35,bbr1
1.142,43096,29,27360,32.0,27.7,20.2,242.0,3.7,1067017,32095,35,35,bbr1
1.149,43096,29,28800,31.6,28.7,20.2,242.0,3.6,1067017,32100,35,35,bbr1
1.163,32940,22,24480,31.3,30.8,20.2,242.0,2.6,640210,32105,35,35,bbr1
1.169,38636,26,24480,31.4,32.2,20.2,242.0,2.1,640210,32109,35,35,bbr1
1.176,43096,29,23040,31.7,33.6,20.2,242.0,2.2,640210,32112,35,35,bbr1
1.183,43096,29,21600,32.1,35.1,20.2,242.0,2.5,853614,32115,35,35,bbr1
1.191,43096,29,23040,32.6,36.5,20.2,242.0,3.0,853614,32120,35,35,bbr1
1.198,27244,18,23040,32.5,31.7,20.2,242.0,2.4,853614,32124,35,35,bbr1
1.204,32940,22,21600,32.2,29.7,20.2,242.0,2.5,853614,32127,35,35,bbr1
0.006,3072,2,0,29.8,27.8,20.2,242.0,3.2,1067017,32130,36,36,bbr1
0.007,5760,4,0,29.5,27.4,20.2,242.0,3.0,1067017,32132,36,36,bbr1
0.033,12880,8,0,28.8,23.8,20.2,242.0,3.7,1067017,32137,36,36,bbr1
0.058,20000,13,5760,27.8,21.1,20.2,242.0,4.7,1067017,32146,36,36,bbr1
0.065,25696,17,8640,27.2,22.5,20.2,242.0,4.9,1067017,32152,36,36,bbr1
0.083,32816,22,18720,26.4,21.1,20.2,242.0,5.2,1067017,32164,36,36,bbr1
0.090,38512,26,21600,25.9,22.5,20.2,242.0,4.9,1067017,32170,36,36,bbr1
0.097,43096,29,23040,25.7,23.9,20.2,242.0,4.1,1067017,32175,36,36,bbr1
0.104,43096,29,24480,25.6,25.2,20.2,242.0,3.2,1067017,32180,36,36,bbr1
0.110,43096,29,25920,25.6,25.4,20.2,242.0,2.5,1067017,32185,36,36,bbr1
0.117,43096,29,27360,25.7,26.8,20.2,242.0,2.1,1067017,32190,36,36,bbr1
0.124,43096,29,30240,26.0,27.8,20.2,242.0,2.1,1067017,32195,36,36,bbr1
0.130,43096,29,30240,26.4,29.3,20.2,242.0,2.4,640210,32199,36,36,bbr1
0.137,43096,29,28800,26.9,30.6,20.2,242.0,2.9,640210,32202,36,36,bbr1
0.144,42816,29,27360,27.6,32.0,20.2,242.0,3.4,635005,32205,36,36,bbr1
0.151,42816,29,25920,28.3,33.4,20.2,242.0,4.0,635005,32208,36,36,bbr1
0.158,42816,29,24480,29.3,36.2,20.2,242.0,5.0,635005,32211,36,36,bbr1
0.164,44032,30,23040,30.1,36.1,20.2,242.0,5.5,876802,32214,36,36,bbr1
0.171,44032,30,23040,30.7,34.8,20.2,242.0,5.3,876802,32218,36,36,bbr1
0.177,44032,30,23040,31.0,32.6,20.2,242.0,4.4,876802,32222,36,36,bbr1
0.183,44032,30,23040,30.9,30.2,20.2,242.0,3.5,1096002,32226,36,36,bbr1
0.191,44032,30,25920,30.5,28.0,20.2,242.0,3.3,1096002,32232,36,36,bbr1
0.198,44032,30,27360,30.2,28.2,20.2,242.0,3.1,1096002,32237,36,36,bbr1
0.204,44032,30,28800,29.9,27.9,20.2,242.0,2.9,1096002,32242,36,36,bbr1
0.211,44032,30,30240,29.7,28.1,20.2,242.0,2.6,1096002,32247,36,36,bbr1
0.222,31984,22,27415,29.9,31.0,20.2,242.0,1.8,657601,32253,36,36,bbr1
0.229,37680,26,27415,30.2,32.7,20.2,242.0,2.1,657601,32257,36,36,bbr1
0.238,41952,29,28855,30.7,33.9,20.2,242.0,2.5,657601,32261,36,36,bbr1
0.242,44032,30,25975,31.3,35.4,20.2,242.0,3.0,657601,32263,36,36,bbr1
0.248,44032,30,24535,32.0,36.9,20.2,242.0,3.7,876802,32266,36,36,bbr1
0.254,44032,30,24535,32.8,38.4,20.2,242.0,4.4,876802,32270,36,36,bbr1
0.263,44032,30,25920,33.0,34.6,20.2,242.0,3.7,876802,32275,36,36,bbr1
0.268,44032,30,24480,33.0,32.6,20.2,242.0,2.9,876802,32278,36,36,bbr1
0.280,31984,22,21600,32.4,29.8,20.2,242.0,2.7,1096002,32283,36,36,bbr1
0.288,37680,26,25920,32.1,30.0,20.2,242.0,2.6,1096002,32290,36,36,bbr1
0.294,43376,30,27360,31.9,30.7,20.2,242.0,2.3,1096002,32295,36,36,bbr1
0.301,44032,30,28800,31.8,30.9,20.2,242.0,2.0,1096002,32300,36,36,bbr1
0.312,31984,22,25920,31.0,29.5,20.2,242.0,2.4,1096002,32305,36,36,bbr1
0.319,36256,25,28800,30.9,30.6,20.2,242.0,1.9,1096002,32310,36,36,bbr1
0.324,41952,29,30240,31.1,32.1,20.2,242.0,1.7,1096002,32315,36,36,bbr1
0.331,44032,30,31680,31.4,33.6,20.2,242.0,1.9,1096002,32320,36,36,bbr1
0.340,44032,30,34560,31.9,35.1,20.2,242.0,2.4,657601,32326,36,36,bbr1
0.349,31984,22,28800,32.2,34.4,20.2,242.0,2.0,657601,32329,36,36,bbr1
0.356,37680,26,27360,32.6,35.8,20.2,242.0,2.4,659223,32332,36,36,bbr1
0.365,43376,30,28800,33.2,37.3,20.2,242.0,2.9,659223,32337,36,36,bbr1
0.372,44120,30,27360,33.9,38.8,20.2,242.0,3.6,659223,32340,36,36,bbr1
0.378,44120,30,25920,34.7,40.3,20.2,242.0,4.3,659223,32343,36,36,bbr1
0.384,44120,30,24480,35.3,39.1,20.2,242.0,4.3,878965,32346,36,36,bbr1
0.391,44120,30,24480,35.1,33.8,20.2,242.0,3.6,878965,32350,36,36,bbr1
0.395,26332,18,24480,35.0,34.5,20.2,242.0,2.9,1098706,32353,36,36,bbr1
0.402,32028,22,21600,34.7,32.6,20.2,242.0,2.7,1098706,32355,36,36,bbr1
0.410,37724,26,25920,34.1,30.1,20.2,242.0,3.2,1098706,32362,36,36,bbr1
0.416,43420,30,27360,33.6,29.7,20.2,242.0,3.5,1098706,32367,36,36,bbr1
0.423,44120,30,28800,33.1,30.0,20.2,242.0,3.5,1098706,32372,36,36,bbr1
0.434,30604,21,27360,31.9,29.0,20.2,242.0,4.0,1098706,32377,36,36,bbr1
0.439,36300,25,25920,31.8,30.5,20.2,242.0,3.3,1098706,32380,36,36,bbr1
0.447,41996,29,30240,31.8,32.1,20.2,242.0,2.6,1098706,32387,36,36,bbr1
0.454,44120,30,31680,32.0,33.6,20.2,242.0,2.4,1098706,32392,36,36,bbr1
0.461,44120,30,33120,32.4,35.0,20.2,242.0,2.5,659223,32397,36,36,bbr1
0.467,44440,30,31680,32.3,32.0,20.2,242.0,2.0,665171,32400,36,36,bbr1
0.476,30764,21,25975,32.6,34.5,20.2,242.0,1.7,665171,32403,36,36,bbr1
0.483,36460,25,25975,33.0,36.0,20.2,242.0,2.2,886895,32407,36,36,bbr1
0.491,42156,29,27415,33.6,37.6,20.2,242.0,2.8,886895,32412,36,36,bbr1
0.497,44440,30,27415,34.3,39.1,20.2,242.0,3.5,886895,32416,36,36,bbr1
0.503,44440,30,27415,34.7,37.6,20.2,242.0,3.4,1108618,32420,36,36,bbr1
0.511,44440,30,30240,34.4,32.2,20.2,242.0,3.2,1108618,32426,36,36,bbr1
0.524,33612,23,25920,34.0,32.8,20.2,242.0,2.4,665171,32431,36,36,bbr1
0.533,39308,27,27360,34.0,33.6,20.2,242.0,1.9,665171,32436,36,36,bbr1
0.539,44440,30,25920,34.0,33.9,20.2,242.0,1.4,665171,32439,36,36,bbr1
0.545,44440,30,24480,34.2,35.8,20.2,242.0,1.5,886895,32442,36,36,bbr1
0.551,44440,30,24480,34.6,37.2,20.2,242.0,1.9,886895,32446,36,36,bbr1
0.558,44440,30,24480,34.3,32.2,20.2,242.0,2.0,886895,32450,36,36,bbr1
0.566,27916,19,25920,34.0,31.8,20.2,242.0,2.1,886895,32455,36,36,bbr1
0.571,33612,23,23040,33.4,29.6,20.2,242.0,2.7,886895,32457,36,36,bbr1
0.579,39308,27,25920,32.9,29.4,20.2,242.0,3.0,886895,32463,36,36,bbr1
0.585,44440,30,24480,32.5,30.0,20.2,242.0,3.0,1108618,32466,36,36,bbr1
0.592,44440,30,27360,32.3,30.3,20.2,242.0,2.8,1108618,32472,36,36,bbr1
0.598,44440,30,28800,32.0,30.1,20.2,242.0,2.6,1108618,32477,36,36,bbr1
0.612,33612,23,25920,31.6,30.4,20.2,242.0,2.1,665171,32483,36,36,bbr1
0.621,39308,27,27360,31.7,32.0,20.2,242.0,1.7,665171,32488,36,36,bbr1
0.628,44440,30,25920,31.9,33.6,20.2,242.0,1.8,665171,32491,36,36,bbr1
0.633,44440,30,24480,32.3,35.2,20.2,242.0,2.1,886895,32494,36,36,bbr1
0.640,44440,30,24480,32.9,36.8,20.2,242.0,2.7,886895,32498,36,36,bbr1
0.646,44440,30,24480,32.8,32.2,20.2,242.0,2.2,886895,32502,36,36,bbr1
0.653,27916,19,24480,32.7,31.8,20.2,242.0,1.9,1108618,32506,36,36,bbr1
0.659,33612,23,23040,32.3,29.7,20.2,242.0,2.2,1108618,32509,36,36,bbr1
0.667,39308,27,27360,31.9,29.2,20.2,242.0,2.4,1108618,32516,36,36,bbr1
0.005,39251,27,55,31.6,32.7,20.2,242.0,1.3,1108618,32518,36,36,bbr1
0.012,40036,27,0,31.0,26.6,20.2,242.0,2.2,1108618,32519,36,36,bbr1
0.007,42614,29,0,31.3,33.7,20.2,242.0,2.3,1108618,32521,36,36,bbr1
0.033,44440,30,27360,30.1,21.6,20.2,242.0,4.2,1108618,32544,36,36,bbr1
0.038,44440,30,27360,29.5,25.0,20.2,242.0,4.4,1108618,32548,36,36,bbr1
0.045,44440,30,28800,29.1,26.5,20.2,242.0,4.0,1108618,32553,36,36,bbr1
0.051,44440,30,30240,29.0,28.2,20.2,242.0,3.3,1108618,32558,36,36,bbr1
0.058,44440,30,31680,29.1,29.7,20.2,242.0,2.6,1108618,32563,36,36,bbr1
0.067,44440,30,34560,29.3,31.0,20.2,242.0,2.4,665171,32569,36,36,bbr1
0.073,44440,30,33120,29.7,32.6,20.2,242.0,2.7,665171,32572,36,36,bbr1
0.079,44440,30,31680,30.3,34.5,20.2,242.0,3.2,665171,32575,36,36,bbr1
0.086,44440,30,30240,31.1,36.2,20.2,242.0,3.9,665171,32578,36,36,bbr1
0.092,44440,30,28800,31.9,37.7,20.2,242.0,4.6,665171,32581,36,36,bbr1
0.099,44440,30,27360,32.8,39.3,20.2,242.0,5.3,665171,32584,36,36,bbr1
0.106,44440,30,25920,34.0,41.9,20.2,242.0,6.2,665171,32587,36,36,bbr1
0.112,44440,30,24480,34.6,38.9,20.2,242.0,5.9,886895,32590,36,36,bbr1
0.119,44440,30,25920,34.8,36.8,20.2,242.0,5.0,886895,32595,36,36,bbr1
0.126,44440,30,25920,34.9,35.1,20.2,242.0,3.8,886895,32599,36,36,bbr1
0.132,44440,30,25920,34.7,33.2,20.2,242.0,3.3,886895,32603,36,36,bbr1
0.139,44440,30,25920,34.2,31.3,20.2,242.0,3.3,886895,32607,36,36,bbr1
0.147,27916,19,27360,33.8,31.0,20.2,242.0,3.3,1108618,32612,36,36,bbr1
0.152,33612,23,23040,33.5,31.3,20.2,242.0,3.1,1108618,32613,36,36,bbr1
0.160,39308,27,27360,33.2,31.0,20.2,242.0,3.0,1108618,32620,36,36,bbr1
0.167,44440,30,28800,33.0,31.4,20.2,242.0,2.7,1108618,32625,36,36,bbr1
0.173,44440,30,30240,32.8,31.8,20.2,242.0,2.3,1108618,32630,36,36,bbr1
0.186,33612,23,25920,32.7,31.4,20.2,242.0,1.7,665171,32635,36,36,bbr1
0.193,39308,27,25920,32.7,33.0,20.2,242.0,1.3,665171,32639,36,36,bbr1
0.202,44440,30,25920,32.9,34.5,20.2,242.0,1.5,665171,32643,36,36,bbr1
0.208,44440,30,24480,33.3,35.7,20.2,242.0,1.8,886895,32646,36,36,bbr1
0.214,44440,30,24480,33.8,37.6,20.2,242.0,2.4,886895,32650,36,36,bbr1
0.221,42710,29,24480,33.6,31.8,20.2,242.0,2.3,844039,32654,36,36,bbr1
0.227,27051,18,24480,33.3,31.2,20.2,242.0,2.3,1055048,32658,36,36,bbr1
0.234,32747,22,21600,32.8,29.4,20.2,242.0,2.7,1055048,32660,36,36,bbr1
0.240,38443,26,24480,32.3,28.9,20.2,242.0,3.0,1055048,32666,36,36,bbr1
0.247,42710,29,25920,31.9,29.2,20.2,242.0,3.0,1055048,32671,36,36,bbr1
0.254,42710,29,27360,31.6,29.4,20.2,242.0,2.9,1055048,32676,36,36,bbr1
0.261,42710,29,30240,31.4,30.4,20.2,242.0,2.5,1055048,32681,36,36,bbr1
0.273,32747,22,24480,31.1,30.9,20.2,242.0,1.9,633029,32685,36,36,bbr1
0.280,38443,26,24480,31.3,32.1,20.2,242.0,1.6,633029,32689,36,36,bbr1
0.286,42710,29,23040,31.5,33.5,20.2,242.0,1.8,844039,32692,36,36,bbr1
0.295,42710,29,24480,32.1,35.7,20.2,242.0,2.4,844039,32697,36,36,bbr1
0.300,44084,30,23040,32.6,36.0,20.2,242.0,2.8,878086,32700,36,36,bbr1
0.306,44084,30,24480,32.3,30.2,20.2,242.0,2.7,878086,32704,36,36,bbr1
0.313,27738,19,24480,31.9,29.4,20.2,242.0,2.7,1097607,32708,36,36,bbr1
0.318,33434,23,23040,31.5,28.4,20.2,242.0,2.9,1097607,32711,36,36,bbr1
0.326,39130,27,27360,31.1,28.7,20.2,242.0,2.9,1097607,32718,36,36,bbr1
0.333,44084,30,28800,30.8,28.5,20.2,242.0,2.8,1097607,32723,36,36,bbr1
0.339,44084,30,30240,30.5,28.8,20.2,242.0,2.6,1097607,32728,36,36,bbr1
0.353,33434,23,25975,30.6,31.3,20.2,242.0,1.7,658564,32734,36,36,bbr1
0.359,39130,27,25975,30.9,32.8,20.2,242.0,1.8,658564,32738,36,36,bbr1
0.368,44084,30,25975,31.3,34.4,20.2,242.0,2.2,658564,32742,36,36,bbr1
0.374,44084,30,24535,31.8,35.4,20.2,242.0,2.7,878086,32745,36,36,bbr1
0.381,44084,30,24535,32.5,37.4,20.2,242.0,3.4,878086,32749,36,36,bbr1
0.387,44084,30,24480,32.5,32.1,20.2,242.0,2.7,878086,32753,36,36,bbr1
0.393,27738,19,24480,32.3,31.3,20.2,242.0,2.3,1097607,32757,36,36,bbr1
0.400,33434,23,23040,31.9,29.1,20.2,242.0,2.5,1097607,32760,36,36,bbr1
0.407,39130,27,25920,31.6,29.3,20.2,242.0,2.6,1097607,32766,36,36,bbr1
0.415,44084,30,28800,31.3,29.5,20.2,242.0,2.4,1097607,32772,36,36,bbr1
0.421,44084,30,30240,31.1,29.7,20.2,242.0,2.2,1097607,32777,36,36,bbr1
0.428,44084,30,31680,31.1,31.0,20.2,242.0,1.7,1097607,32782,36,36,bbr1
0.441,33434,23,27360,31.3,32.5,20.2,242.0,1.3,658564,32787,36,36,bbr1
0.447,39130,27,27360,31.6,34.1,20.2,242.0,1.7,658564,32791,36,36,bbr1
0.454,44084,30,25920,32.1,35.6,20.2,242.0,2.3,658564,32794,36,36,bbr1
0.462,44084,30,25920,32.7,37.0,20.2,242.0,2.9,878086,32798,36,36,bbr1
0.469,44084,30,25920,33.5,38.7,20.2,242.0,3.7,878086,32802,36,36,bbr1
0.475,27738,19,25920,33.5,33.7,20.2,242.0,2.8,1097607,32806,36,36,bbr1
0.480,32010,22,24480,33.6,34.2,20.2,242.0,2.3,1097607,32808,36,36,bbr1
0.486,37706,26,27360,33.4,32.0,20.2,242.0,2.1,1097607,32814,36,36,bbr1
0.494,43402,30,30240,33.1,31.0,20.2,242.0,2.2,1097607,32820,36,36,bbr1
0.501,44084,30,31680,32.8,30.9,20.2,242.0,2.2,1097607,32825,36,36,bbr1
0.509,44084,30,33120,32.7,31.8,20.2,242.0,1.9,658564,32830,36,36,bbr1
0.515,44084,30,31680,32.6,32.2,20.2,242.0,1.5,658564,32833,36,36,bbr1
0.527,33434,23,24480,33.0,35.2,20.2,242.0,1.7,658564,32836,36,36,bbr1
0.534,39130,27,24480,33.5,36.8,20.2,242.0,2.2,878086,32840,36,36,bbr1
0.542,44084,30,25920,34.1,38.0,20.2,242.0,2.7,878086,32845,36,36,bbr1
0.548,44084,30,25920,34.6,38.4,20.2,242.0,3.2,878086,32849,36,36,bbr1
0.554,44084,30,25920,34.9,36.9,20.2,242.0,2.9,1097607,32853,36,36,bbr1
0.568,33434,23,23095,34.0,31.2,20.2,242.0,3.1,1097607,32860,36,36,bbr1
0.574,39130,27,25975,33.7,31.2,20.2,242.0,3.1,1097607,32866,36,36,bbr1
0.582,44084,30,28855,33.4,31.6,20.2,242.0,2.8,1097607,32872,36,36,bbr1
0.589,44084,30,30295,33.3,32.5,20.2,242.0,2.4,1097607,32877,36,36,bbr1
0.596,44084,30,31735,33.4,33.9,20.2,242.0,1.9,1097607,32882,36,36,bbr1
0.603,44084,30,33120,33.1,31.2,20.2,242.0,2.0,658564,32887,36,36,bbr1
0.615,33434,23,25920,33.2,34.3,20.2,242.0,1.5,658564,32890,36,36,bbr1
0.622,39130,27,25920,33.5,35.6,20.2,242.0,1.8,878086,32894,36,36,bbr1
0.630,44084,30,27360,33.9,37.0,20.2,242.0,2.2,878086,32899,36,36,bbr1
0.636,44084,30,27360,34.5,38.3,20.2,242.0,2.8,878086,32903,36,36,bbr1
0.642,44084,30,27360,35.1,39.3,20.2,242.0,3.3,878086,32907,36,36,bbr1
0.649,27738,19,27360,34.7,32.1,20.2,242.0,3.2,1055008,32911,36,36,bbr1
0.656,33434,23,23040,34.4,32.5,20.2,242.0,3.0,1055008,32912,36,36,bbr1
0.663,39130,27,25920,34.2,32.6,20.2,242.0,2.7,1055008,32918,36,36,bbr1
0.669,42709,29,27360,34.1,33.2,20.2,242.0,2.3,1055008,32923,36,36,bbr1
0.676,42709,29,28800,34.0,33.4,20.2,242.0,1.9,1055008,32928,36,36,bbr1
0.683,42709,29,30240,34.0,33.8,20.2,242.0,1.4,1055008,32933,36,36,bbr1
0.697,32746,22,25920,33.4,32.3,20.2,242.0,1.7,633005,32938,36,36,bbr1
0.703,38442,26,25920,33.4,33.6,20.2,242.0,1.3,633005,32942,36,36,bbr1
0.710,42709,29,24480,33.6,34.9,20.2,242.0,1.3,633005,32945,36,36,bbr1
0.717,42709,29,23040,33.9,36.1,20.2,242.0,1.6,844007,32948,36,36,bbr1
0.724,42697,29,23040,34.4,37.5,20.2,242.0,2.1,843706,32952,36,36,bbr1
0.732,42697,29,24480,34.1,32.1,20.2,242.0,2.2,843706,32957,36,36,bbr1
0.737,27044,18,23040,33.7,31.3,20.2,242.0,2.3,1054632,32960,36,36,bbr1
0.744,32740,22,21600,33.1,28.9,20.2,242.0,3.0,1054632,32963,36,36,bbr1
0.751,38436,26,24480,32.5,28.4,20.2,242.0,3.4,1054632,32969,36,36,bbr1
0.758,42697,29,25920,32.1,28.7,20.2,242.0,3.5,1054632,32974,36,36,bbr1
0.764,42697,29,27360,31.6,28.2,20.2,242.0,3.6,1054632,32979,36,36,bbr1
0.776,31316,21,24480,30.8,29.5,20.2,242.0,3.3,1054632,32984,36,36,bbr1
0.783,37012,25,25920,30.8,30.5,20.2,242.0,2.5,1054632,32989,36,36,bbr1
0.791,42697,29,30240,31.1,33.2,20.2,242.0,2.5,1054632,32996,36,36,bbr1
0.798,42697,29,30240,31.3,33.2,20.2,242.0,2.4,632779,33000,36,36,bbr1
0.805,42697,29,28800,31.7,34.5,20.2,242.0,2.6,632779,33003,36,36,bbr1
0.811,42697,29,27360,31.8,32.0,20.2,242.0,2.0,632779,33006,36,36,bbr1
0.819,27044,18,25920,31.9,33.3,20.2,242.0,1.9,632779,33009,36,36,bbr1
0.823,32740,22,21600,32.3,34.6,20.2,242.0,2.1,632779,33010,36,36,bbr1
0.830,38436,26,21600,32.7,35.9,20.2,242.0,2.5,870127,33014,36,36,bbr1
0.838,43763,30,23040,33.0,34.6,20.2,242.0,2.3,870127,33019,36,36,bbr1
0.845,43763,30,23040,32.9,32.2,20.2,242.0,1.9,870127,33023,36,36,bbr1
0.851,29001,20,21600,32.1,27.0,20.2,242.0,2.9,1087658,33027,36,36,bbr1
0.859,34697,24,24480,31.5,27.3,20.2,242.0,3.4,1087658,33033,36,36,bbr1
0.867,40393,28,27360,31.0,27.4,20.2,242.0,3.6,1087658,33039,36,36,bbr1
0.874,43763,30,28800,30.6,27.7,20.2,242.0,3.5,1087658,33044,36,36,bbr1
0.880,43763,30,30240,30.3,28.3,20.2,242.0,3.2,1087658,33049,36,36,bbr1
0.893,33273,23,25975,30.4,31.2,20.2,242.0,2.1,652595,33055,36,36,bbr1
0.900,38969,27,25975,30.6,32.5,20.2,242.0,2.1,652595,33059,36,36,bbr1
0.906,43763,30,24535,31.1,34.3,20.2,242.0,2.5,652595,33062,36,36,bbr1
0.913,43763,30,23095,31.6,35.4,20.2,242.0,3.0,870127,33065,36,36,bbr1
0.921,43763,30,24535,32.3,37.0,20.2,242.0,3.6,870127,33070,36,36,bbr1
0.927,27616,19,24480,32.3,32.1,20.2,242.0,2.7,1087658,33074,36,36,bbr1
0.934,33312,23,23040,32.2,31.6,20.2,242.0,2.2,1087658,33077,36,36,bbr1
0.940,39008,27,25920,31.8,29.2,20.2,242.0,2.4,1087658,33083,36,36,bbr1
0.948,43763,30,28800,31.5,29.8,20.2,242.0,2.3,1087658,33089,36,36,bbr1
0.955,43763,30,30240,31.4,30.0,20.2,242.0,2.1,1087658,33094,36,36,bbr1
0.006,3072,2,0,33.4,37.7,20.2,242.0,3.3,870127,33100,37,37,bbr1
0.010,5760,4,0,32.6,27.4,20.2,242.0,4.0,870127,33102,37,37,bbr1
0.035,12880,8,0,31.4,23.1,20.2,242.0,5.4,1087658,33107,37,37,bbr1
0.061,20000,13,5760,30.2,21.2,20.2,242.0,6.6,1087658,33116,37,37,bbr1
0.067,24272,16,10080,29.2,22.4,20.2,242.0,6.9,1087658,33122,37,37,bbr1
0.073,25696,17,14400,28.4,22.8,20.2,242.0,6.8,1087658,33126,37,37,bbr1
0.086,31392,21,20160,27.4,20.8,20.2,242.0,7.0,1087658,33134,37,37,bbr1
0.093,37088,25,23040,26.8,22.3,20.2,242.0,6.5,1087658,33140,37,37,bbr1
0.098,42784,29,23040,26.4,23.7,20.2,242.0,5.7,1087658,33144,37,37,bbr1
0.105,43763,30,24480,26.3,25.2,20.2,242.0,4.5,1087658,33149,37,37,bbr1
0.112,45034,31,27360,25.9,23.5,20.2,242.0,4.1,1127027,33155,37,37,bbr1
0.119,45034,31,28800,26.0,26.7,20.2,242.0,3.3,1127027,33160,37,37,bbr1
0.125,45034,31,30240,26.3,28.1,20.2,242.0,3.0,1127027,33165,37,37,bbr1
0.132,45034,31,31680,26.7,29.6,20.2,242.0,3.1,1127027,33170,37,37,bbr1
0.141,45034,31,36000,27.2,30.8,20.2,242.0,3.3,676216,33176,37,37,bbr1
0.145,45034,31,33120,27.8,32.2,20.2,242.0,3.7,676216,33178,37,37,bbr1
0.151,45034,31,31680,28.6,33.9,20.2,242.0,4.3,676216,33181,37,37,bbr1
0.157,45034,31,30240,29.5,35.6,20.2,242.0,5.0,676216,33184,37,37,bbr1
0.166,45034,31,30240,30.4,37.2,20.2,242.0,5.7,676216,33188,37,37,bbr1
0.173,45034,31,28800,31.5,38.9,20.2,242.0,6.4,676216,33191,37,37,bbr1
0.178,45034,31,27360,32.6,40.5,20.2,242.0,7.0,676216,33194,37,37,bbr1
0.185,45034,31,25920,33.4,39.3,20.2,242.0,7.0,676216,33197,37,37,bbr1
0.191,45034,31,24480,34.0,37.8,20.2,242.0,6.3,901622,33200,37,37,bbr1
0.198,45034,31,24480,34.3,36.1,20.2,242.0,5.3,901622,33204,37,37,bbr1
0.206,45034,31,25920,34.2,34.2,20.2,242.0,4.0,901622,33209,37,37,bbr1
0.211,45034,31,25920,34.0,32.7,20.2,242.0,3.4,1127027,33213,37,37,bbr1
0.225,33909,23,23040,33.2,30.3,20.2,242.0,3.3,1127027,33219,37,37,bbr1
0.233,39605,27,27360,33.0,31.2,20.2,242.0,3.0,1127027,33226,37,37,bbr1
0.239,45034,31,28800,32.8,31.6,20.2,242.0,2.6,1127027,33231,37,37,bbr1
0.245,45034,31,30240,32.8,32.6,20.2,242.0,2.0,1127027,33236,37,37,bbr1
0.253,45034,31,33120,32.9,34.2,20.2,242.0,1.9,1127027,33242,37,37,bbr1
0.260,45034,31,34560,32.7,31.3,20.2,242.0,1.8,676216,33247,37,37,bbr1
0.273,33909,23,27415,33.0,34.7,20.2,242.0,1.5,676216,33251,37,37,bbr1
0.279,39605,27,27415,33.4,36.4,20.2,242.0,2.0,676216,33255,37,37,bbr1
0.288,45034,31,27415,34.0,38.0,20.2,242.0,2.7,676216,33259,37,37,bbr1
0.294,45034,31,25975,34.7,39.7,20.2,242.0,3.4,676216,33262,37,37,bbr1
0.300,45034,31,24535,35.5,41.3,20.2,242.0,4.2,901622,33265,37,37,bbr1
0.306,26828,18,25920,36.0,39.2,20.2,242.0,4.1,901622,33269,37,37,bbr1
0.311,31100,21,23040,35.8,34.4,20.2,242.0,3.5,901622,33270,37,37,bbr1
0.318,36796,25,24480,35.4,32.8,20.2,242.0,3.3,901622,33275,37,37,bbr1
0.324,41068,28,25920,34.9,31.5,20.2,242.0,3.5,901622,33279,37,37,bbr1
0.329,45034,31,24480,34.3,29.6,20.2,242.0,3.9,1127027,33282,37,37,bbr1
0.335,45034,31,25920,33.8,30.3,20.2,242.0,3.9,1127027,33287,37,37,bbr1
0.343,45034,31,30240,32.9,26.9,20.2,242.0,4.7,1127027,33293,37,37,bbr1
0.354,32485,22,25920,32.0,29.3,20.2,242.0,4.1,1127027,33297,37,37,bbr1
0.359,38181,26,27360,31.8,30.0,20.2,242.0,3.6,1127027,33302,37,37,bbr1
0.367,43877,30,30240,31.8,31.7,20.2,242.0,2.7,1127027,33308,37,37,bbr1
0.373,45034,31,31680,32.0,33.4,20.2,242.0,2.4,1127027,33313,37,37,bbr1
0.380,45034,31,34560,32.3,34.5,20.2,242.0,2.5,676216,33318,37,37,bbr1
0.389,32485,22,27360,32.2,32.9,20.2,242.0,2.0,676216,33320,37,37,bbr1
0.396,38181,26,27360,32.5,34.6,20.2,242.0,2.1,676216,33324,37,37,bbr1
0.404,43877,30,27360,32.9,36.1,20.2,242.0,2.5,676216,33328,37,37,bbr1
0.411,45034,31,25920,33.6,38.1,20.2,242.0,3.1,676216,33331,37,37,bbr1
0.417,45034,31,24480,34.3,39.6,20.2,242.0,3.9,901622,33334,37,37,bbr1
0.424,45034,31,25920,34.3,33.9,20.2,242.0,3.0,901622,33339,37,37,bbr1
0.430,26789,18,25920,34.3,34.5,20.2,242.0,2.3,901622,33342,37,37,bbr1
0.435,32485,22,21600,34.1,32.7,20.2,242.0,2.1,901622,33343,37,37,bbr1
0.443,38181,26,24480,33.7,30.8,20.2,242.0,2.4,901622,33349,37,37,bbr1
0.450,43877,30,24480,33.3,30.5,20.2,242.0,2.6,901622,33353,37,37,bbr1
0.456,45034,31,24480,33.0,30.8,20.2,242.0,2.6,901622,33357,37,37,bbr1
0.462,28213,19,24480,32.2,26.8,20.2,242.0,3.5,1127027,33361,37,37,bbr1
0.467,32485,22,24480,31.7,28.6,20.2,242.0,3.5,1127027,33364,37,37,bbr1
0.474,38181,26,27360,31.4,29.0,20.2,242.0,3.3,1127027,33370,37,37,bbr1
0.482,43877,30,30240,31.1,29.4,20.2,242.0,3.0,1127027,33376,37,37,bbr1
0.488,44077,30,31680,31.0,29.8,20.2,242.0,2.6,1097378,33381,37,37,bbr1
0.501,33430,23,27360,31.1,32.5,20.2,242.0,1.9,658427,33386,37,37,bbr1
0.508,39126,27,27360,31.5,33.8,20.2,242.0,2.1,658427,33390,37,37,bbr1
0.517,43398,30,28800,32.0,35.4,20.2,242.0,2.5,658427,33394,37,37,bbr1
0.521,44077,30,25920,32.6,36.8,20.2,242.0,3.1,658427,33396,37,37,bbr1
0.527,44077,30,24480,33.3,38.6,20.2,242.0,3.8,877903,33399,37,37,bbr1
0.533,44077,30,24480,34.2,40.2,20.2,242.0,4.6,877903,33403,37,37,bbr1
0.540,27734,19,24480,34.2,34.3,20.2,242.0,3.5,877903,33407,37,37,bbr1
0.547,33430,23,23040,34.0,32.4,20.2,242.0,3.1,877903,33410,37,37,bbr1
0.555,39126,27,25920,33.5,30.5,20.2,242.0,3.2,877903,33416,37,37,bbr1
0.560,44077,30,24480,33.1,30.1,20.2,242.0,3.2,1097378,33419,37,37,bbr1
0.567,44077,30,27360,32.8,30.3,20.2,242.0,3.1,1097378,33425,37,37,bbr1
0.574,44077,30,28800,32.5,30.7,20.2,242.0,2.9,1097378,33430,37,37,bbr1
0.587,33430,23,24480,32.0,30.2,20.2,242.0,2.5,1097378,33435,37,37,bbr1
0.595,39126,27,28800,31.9,31.6,20.2,242.0,2.0,1097378,33442,37,37,bbr1
0.602,44077,30,30240,32.1,33.4,20.2,242.0,1.9,1097378,33447,37,37,bbr1
0.609,44077,30,31680,32.5,35.1,20.2,242.0,2.1,1097378,33452,37,37,bbr1
0.616,44077,30,33120,33.0,36.4,20.2,242.0,2.6,658427,33457,37,37,bbr1
0.628,33430,23,25920,33.0,34.0,20.2,242.0,1.8,658427,33460,37,37,bbr1
0.636,39126,27,27360,33.3,35.5,20.2,242.0,2.0,877903,33465,37,37,bbr1
0.643,44077,30,27360,33.8,37.0,20.2,242.0,2.4,877903,33469,37,37,bbr1
0.649,44077,30,27360,34.4,38.2,20.2,242.0,2.9,877903,33473,37,37,bbr1
0.656,44077,30,27360,35.0,39.1,20.2,242.0,3.4,1097378,33477,37,37,bbr1
0.662,44077,30,28800,34.6,32.1,20.2,242.0,3.2,1097378,33482,37,37,bbr1
0.675,33430,23,24480,34.1,32.5,20.2,242.0,2.7,1097378,33487,37,37,bbr1
0.683,39126,27,28800,33.9,32.6,20.2,242.0,2.4,1097378,33494,37,37,bbr1
0.690,44077,30,30240,33.8,33.3,20.2,242.0,1.9,1097378,33499,37,37,bbr1
0.697,44077,30,31680,34.0,34.8,20.2,242.0,1.7,1097378,33504,37,37,bbr1
0.704,44077,30,33120,34.3,36.4,20.2,242.0,1.9,658427,33509,37,37,bbr1
0.716,33430,23,25920,34.0,34.1,20.2,242.0,1.4,658427,33512,37,37,bbr1
0.723,37702,26,27360,34.2,35.2,20.2,242.0,1.3,877903,33516,37,37,bbr1
0.729,43398,30,27360,34.5,36.7,20.2,242.0,1.6,877903,33520,37,37,bbr1
0.736,44077,30,27360,34.9,37.8,20.2,242.0,2.0,877903,33524,37,37,bbr1
0.742,44077,30,28800,35.5,39.4,20.2,242.0,2.7,877903,33528,37,37,bbr1
0.747,44077,30,27360,35.8,38.2,20.2,242.0,2.7,877903,33531,37,37,bbr1
0.754,27734,19,27360,35.4,32.8,20.2,242.0,2.8,1055345,33535,37,37,bbr1
0.760,32006,22,24480,35.2,33.4,20.2,242.0,2.6,1055345,33536,37,37,bbr1
0.766,37702,26,25920,34.9,32.7,20.2,242.0,2.5,1055345,33541,37,37,bbr1
0.773,42720,29,27360,34.7,33.5,20.2,242.0,2.3,1055345,33546,37,37,bbr1
0.780,42720,29,28800,34.6,33.5,20.2,242.0,2.0,1055345,33551,37,37,bbr1
0.787,42720,29,30240,34.4,33.2,20.2,242.0,1.8,1055345,33556,37,37,bbr1
0.799,32752,22,25920,33.6,31.8,20.2,242.0,2.3,633207,33561,37,37,bbr1
0.806,38448,26,25920,33.6,33.1,20.2,242.0,1.9,633207,33565,37,37,bbr1
0.813,42786,29,24480,33.7,34.4,20.2,242.0,1.6,634439,33568,37,37,bbr1
0.820,42786,29,23040,34.0,35.9,20.2,242.0,1.8,845919,33571,37,37,bbr1
0.826,42786,29,23040,34.4,37.2,20.2,242.0,2.1,845919,33575,37,37,bbr1
0.833,42786,29,23040,34.1,32.1,20.2,242.0,2.2,845919,33579,37,37,bbr1
0.840,25665,17,24480,33.8,32.0,20.2,242.0,2.1,1057398,33583,37,37,bbr1
0.845,31361,21,20160,33.3,29.7,20.2,242.0,2.6,1057398,33584,37,37,bbr1
0.852,37057,25,23040,32.7,28.6,20.2,242.0,3.2,1057398,33590,37,37,bbr1
0.859,41329,28,25920,32.3,29.2,20.2,242.0,3.3,1057398,33595,37,37,bbr1
0.864,42786,29,25920,31.9,29.1,20.2,242.0,3.2,1057398,33599,37,37,bbr1
0.871,42786,29,27360,31.1,25.4,20.2,242.0,4.0,1057398,33604,37,37,bbr1
0.883,31361,21,23040,30.5,29.1,20.2,242.0,3.3,1057398,33608,37,37,bbr1
0.889,37057,25,25920,30.5,30.4,20.2,242.0,2.5,1090052,33614,37,37,bbr1
0.896,42753,29,27360,30.6,31.6,20.2,242.0,2.1,1090052,33619,37,37,bbr1
0.904,43840,30,31680,30.9,32.6,20.2,242.0,2.1,1090052,33625,37,37,bbr1
0.909,43840,30,30240,31.2,33.9,20.2,242.0,2.4,654031,33628,37,37,bbr1
0.921,33312,23,23040,31.2,31.8,20.2,242.0,1.7,654031,33631,37,37,bbr1
0.930,39008,27,24480,31.5,33.2,20.2,242.0,1.7,872042,33636,37,37,bbr1
0.936,43840,30,24480,31.9,34.7,20.2,242.0,2.1,872042,33640,37,37,bbr1
0.941,44200,30,23040,32.4,36.2,20.2,242.0,2.7,880960,33643,37,37,bbr1
0.948,44200,30,24480,32.8,35.4,20.2,242.0,2.8,1101200,33647,37,37,bbr1
0.954,27796,19,25920,32.4,29.8,20.2,242.0,2.8,1101200,33652,37,37,bbr1
0.960,33492,23,23040,32.0,28.8,20.2,242.0,3.0,1101200,33654,37,37,bbr1
0.968,39188,27,27360,31.5,28.4,20.2,242.0,3.1,1101200,33661,37,37,bbr1
0.975,44200,30,28800,31.2,28.7,20.2,242.0,3.1,1101200,33666,37,37,bbr1
0.981,44200,30,30240,31.1,30.4,20.2,242.0,2.5,1101200,33671,37,37,bbr1
0.987,44200,30,31680,31.2,32.0,20.2,242.0,2.1,1101200,33676,37,37,bbr1
0.995,44200,30,34560,31.1,30.8,20.2,242.0,1.6,660720,33681,37,37,bbr1
0.999,44200,30,31680,31.3,32.4,20.2,242.0,1.5,660720,33683,37,37,bbr1
1.013,33492,23,24480,32.1,35.5,20.2,242.0,2.3,660720,33686,37,37,bbr1
1.021,39188,27,25920,32.7,36.6,20.2,242.0,2.9,880960,33691,37,37,bbr1
1.026,43460,30,25920,33.4,38.2,20.2,242.0,3.5,880960,33694,37,37,bbr1
1.032,44200,30,25920,34.1,39.6,20.2,242.0,4.2,880960,33698,37,37,bbr1
1.039,44200,30,25920,34.7,38.6,20.2,242.0,4.3,880960,33702,37,37,bbr1
1.045,27796,19,25920,34.2,30.4,20.2,242.0,4.3,1101200,33706,37,37,bbr1
1.051,33492,23,23040,33.7,30.7,20.2,242.0,4.1,1101200,33708,37,37,bbr1
1.060,39188,27,27360,33.4,31.0,20.2,242.0,3.8,1101200,33715,37,37,bbr1
1.066,44200,30,28800,33.1,30.9,20.2,242.0,3.4,1101200,33720,37,37,bbr1
1.072,44200,30,30240,32.9,31.5,20.2,242.0,3.0,1101200,33725,37,37,bbr1
1.086,33492,23,25920,32.6,31.3,20.2,242.0,2.1,660720,33730,37,37,bbr1
1.092,39188,27,25920,32.6,32.6,20.2,242.0,1.6,660720,33734,37,37,bbr1
1.099,44200,30,24480,32.8,33.8,20.2,242.0,1.5,660720,33737,37,37,bbr1
1.107,44200,30,24480,33.2,35.9,20.2,242.0,1.9,880960,33741,37,37,bbr1
1.112,44200,30,23040,33.7,37.3,20.2,242.0,2.5,880960,33744,37,37,bbr1
1.120,27796,19,24480,33.5,31.9,20.2,242.0,2.3,1101200,33749,37,37,bbr1
1.126,33492,23,23040,33.2,31.4,20.2,242.0,2.2,1101200,33752,37,37,bbr1
1.133,37764,26,27360,32.8,29.8,20.2,242.0,2.5,1101200,33758,37,37,bbr1
1.138,43460,30,27360,32.3,28.7,20.2,242.0,2.9,1101200,33762,37,37,bbr1
1.146,44200,30,31680,31.9,29.2,20.2,242.0,3.0,1101200,33768,37,37,bbr1
1.151,44200,30,30240,31.6,29.9,20.2,242.0,2.7,660720,33771,37,37,bbr1
1.163,32068,22,24480,31.3,31.4,20.2,242.0,2.1,660720,33774,37,37,bbr1
1.169,36340,25,25920,31.4,32.6,20.2,242.0,1.9,880960,33778,37,37,bbr1
1.175,42036,29,24480,31.8,34.2,20.2,242.0,2.1,880960,33781,37,37,bbr1
1.181,44200,30,24480,32.3,35.6,20.2,242.0,2.6,880960,33785,37,37,bbr1
1.187,44200,30,25920,32.8,36.9,20.2,242.0,3.1,880960,33789,37,37,bbr1
1.192,27796,19,24480,32.3,28.7,20.2,242.0,3.3,880960,33792,37,37,bbr1
1.197,32068,22,24480,32.0,29.5,20.2,242.0,3.2,880960,33795,37,37,bbr1
1.204,37764,26,24480,31.6,29.2,20.2,242.0,3.1,880960,33799,37,37,bbr1
1.212,43460,30,25920,31.3,29.4,20.2,242.0,2.9,880960,33804,37,37,bbr1
1.219,44200,30,25920,31.2,30.2,20.2,242.0,2.5,1101200,33808,37,37,bbr1
1.224,27796,19,27360,31.0,29.9,20.2,242.0,2.2,1101200,33813,37,37,bbr1
1.231,33492,23,23040,30.9,30.1,20.2,242.0,1.9,1101200,33814,37,37,bbr1
1.239,39188,27,27360,30.8,30.4,20.2,242.0,1.5,1101200,33821,37,37,bbr1
1.246,44200,30,28800,30.9,31.1,20.2,242.0,1.2,1101200,33826,37,37,bbr1
1.252,44200,30,30240,30.9,31.5,20.2,242.0,1.0,1101200,33831,37,37,bbr1
1.258,44200,30,33120,31.2,33.3,20.2,242.0,1.4,1101200,33836,37,37,bbr1
1.265,44200,30,33120,31.2,30.8,20.2,242.0,1.1,660720,33840,37,37,bbr1
1.277,33492,23,25920,31.6,33.9,20.2,242.0,1.5,660720,33843,37,37,bbr1
1.285,39188,27,27360,32.1,35.4,20.2,242.0,2.1,880960,33848,37,37,bbr1
1.291,44200,30,27360,32.7,36.7,20.2,242.0,2.7,880960,33852,37,37,bbr1
1.298,44200,30,27360,33.4,38.5,20.2,242.0,3.5,880960,33856,37,37,bbr1
1.304,44156,30,27360,34.1,39.2,20.2,242.0,4.1,1099840,33860,37,37,bbr1
1.317,33470,23,23040,33.7,32.4,20.2,242.0,3.0,1099840,33865,37,37,bbr1
1.325,39166,27,27360,33.6,32.6,20.2,242.0,2.5,1099840,33872,37,37,bbr1
1.332,44156,30,28800,33.5,32.8,20.2,242.0,2.1,1099840,33877,37,37,bbr1
1.339,44156,30,30240,33.5,33.4,20.2,242.0,1.6,1099840,33882,37,37,bbr1
1.345,44156,30,33120,33.6,34.7,20.2,242.0,1.5,1099840,33887,37,37,bbr1
0.007,3072,2,0,34.6,38.7,20.2,242.0,2.7,879872,33889,38,38,bbr1
0.007,5760,4,0,33.8,28.8,20.2,242.0,3.5,1099840,33891,38,38,bbr1
0.032,12880,8,0,32.6,23.8,20.2,242.0,5.1,1099840,33896,38,38,bbr1
0.058,20000,13,5760,31.2,21.5,20.2,242.0,6.6,1099840,33905,38,38,bbr1
0.065,25696,17,8640,30.2,22.9,20.2,242.0,7.0,1099840,33911,38,38,bbr1
0.084,32816,22,18720,29.1,21.4,20.2,242.0,7.5,1099840,33923,38,38,bbr1
0.090,38512,26,21600,28.3,22.9,20.2,242.0,7.1,1099840,33929,38,38,bbr1
0.097,44156,30,23040,27.8,24.4,20.2,242.0,6.3,1099840,33934,38,38,bbr1
0.105,44156,30,25920,27.6,26.0,20.2,242.0,5.2,1099840,33940,38,38,bbr1
0.112,44156,30,28800,27.0,23.2,20.2,242.0,5.0,1099840,33945,38,38,bbr1
0.117,44156,30,28800,26.9,26.4,20.2,242.0,3.9,1099840,33949,38,38,bbr1
0.124,44156,30,30240,27.1,28.0,20.2,242.0,3.2,1099840,33954,38,38,bbr1
0.130,44156,30,31680,27.4,29.5,20.2,242.0,3.0,1099840,33959,38,38,bbr1
0.137,44156,30,33120,27.8,31.0,20.2,242.0,3.2,659904,33964,38,38,bbr1
0.144,44156,30,33120,28.4,32.2,20.2,242.0,3.5,659904,33967,38,38,bbr1
0.148,44156,30,30240,29.0,33.7,20.2,242.0,3.9,659904,33969,38,38,bbr1
0.155,44156,30,28800,29.8,35.3,20.2,242.0,4.5,659904,33972,38,38,bbr1
0.163,44156,30,28800,30.7,36.6,20.2,242.0,5.1,659904,33976,38,38,bbr1
0.170,44156,30,27360,31.6,37.9,20.2,242.0,5.6,659904,33979,38,38,bbr1
0.176,44156,30,25920,32.6,39.9,20.2,242.0,6.3,659904,33982,38,38,bbr1
0.183,44156,30,24480,33.3,37.9,20.2,242.0,6.0,879872,33985,38,38,bbr1
0.189,44156,30,24480,33.6,36.0,20.2,242.0,5.2,879872,33989,38,38,bbr1
0.196,44156,30,24480,33.7,34.0,20.2,242.0,4.0,879872,33993,38,38,bbr1
0.202,44156,30,24480,33.4,31.8,20.2,242.0,3.5,1099840,33997,38,38,bbr1
0.210,44156,30,27360,33.0,30.1,20.2,242.0,3.4,1099840,34003,38,38,bbr1
0.222,33470,23,23095,32.3,30.0,20.2,242.0,3.2,1099840,34009,38,38,bbr1
0.230,39166,27,27415,32.0,30.2,20.2,242.0,2.9,1099840,34016,38,38,bbr1
0.237,44156,30,28855,31.9,31.5,20.2,242.0,2.3,1099840,34021,38,38,bbr1
0.244,44156,30,30295,32.0,32.7,20.2,242.0,2.0,1099840,34026,38,38,bbr1
0.250,44156,30,31735,32.3,34.5,20.2,242.0,2.1,1099840,34031,38,38,bbr1
0.257,44156,30,34560,32.2,30.9,20.2,242.0,1.9,659904,34036,38,38,bbr1
0.268,33470,23,25920,32.4,34.0,20.2,242.0,1.6,659904,34038,38,38,bbr1
0.276,39166,27,27360,32.8,35.5,20.2,242.0,1.9,879872,34043,38,38,bbr1
0.282,44156,30,25920,33.3,36.8,20.2,242.0,2.5,879872,34046,38,38,bbr1
0.290,44156,30,27360,34.0,38.6,20.2,242.0,3.2,879872,34051,38,38,bbr1
0.296,44156,30,28800,34.7,39.7,20.2,242.0,3.8,879872,34055,38,38,bbr1
0.301,27774,19,27360,34.3,32.0,20.2,242.0,3.5,1097762,34058,38,38,bbr1
0.306,32046,22,24480,34.1,32.8,20.2,242.0,3.0,1097762,34059,38,38,bbr1
0.312,37742,26,27360,33.9,32.4,20.2,242.0,2.7,1097762,34065,38,38,bbr1
0.320,42014,29,31680,33.7,32.1,20.2,242.0,2.5,1097762,34071,38,38,bbr1
0.326,44089,30,31680,33.5,32.3,20.2,242.0,2.2,658657,34075,38,38,bbr1
0.333,44089,30,30240,33.5,33.0,20.2,242.0,1.8,658657,34078,38,38,bbr1
0.344,32012,22,24480,33.1,33.2,20.2,242.0,1.6,658657,34081,38,38,bbr1
0.351,37708,26,24480,33.3,34.7,20.2,242.0,1.6,878210,34085,38,38,bbr1
0.357,43404,30,24480,33.7,36.1,20.2,242.0,1.9,878823,34089,38,38,bbr1
0.364,44114,30,24480,34.0,36.8,20.2,242.0,2.2,878823,34093,38,38,bbr1
0.370,44114,30,24480,34.1,34.8,20.2,242.0,1.8,1098528,34097,38,38,bbr1
0.378,27753,19,27360,33.6,29.9,20.2,242.0,2.4,1098528,34103,38,38,bbr1
0.384,33449,23,23040,33.1,29.7,20.2,242.0,2.8,1098528,34104,38,38,bbr1
0.391,39145,27,25920,32.6,29.3,20.2,242.0,3.1,1098528,34110,38,38,bbr1
0.397,44114,30,27360,32.3,29.6,20.2,242.0,3.1,1098528,34115,38,38,bbr1
0.404,44114,30,30240,32.1,30.9,20.2,242.0,2.6,1098528,34120,38,38,bbr1
0.409,44114,30,30240,32.1,32.4,20.2,242.0,2.1,1098528,34124,38,38,bbr1
0.417,44114,30,33120,31.9,30.3,20.2,242.0,2.0,1098528,34130,38,38,bbr1
0.424,44114,30,34560,31.9,31.7,20.2,242.0,1.6,659117,34135,38,38,bbr1
0.436,33449,23,27360,32.4,34.8,20.2,242.0,1.8,659117,34138,38,38,bbr1
0.445,39145,27,28800,32.9,36.3,20.2,242.0,2.3,659117,34143,38,38,bbr1
0.452,44114,30,27360,33.5,37.9,20.2,242.0,3.0,659117,34146,38,38,bbr1
0.458,44114,30,25920,34.2,39.4,20.2,242.0,3.7,659117,34149,38,38,bbr1
0.464,44114,30,24480,35.1,41.0,20.2,242.0,4.5,878823,34152,38,38,bbr1
0.470,27753,19,24480,34.9,33.9,20.2,242.0,3.7,1098528,34156,38,38,bbr1
0.475,32025,22,24480,34.9,34.6,20.2,242.0,2.8,1098528,34159,38,38,bbr1
0.482,37721,26,27360,34.6,32.5,20.2,242.0,2.7,1098528,34165,38,38,bbr1
0.490,43417,30,30240,34.0,30.0,20.2,242.0,3.2,1098528,34171,38,38,bbr1
0.496,44114,30,33120,33.4,29.3,20.2,242.0,3.6,1098528,34176,38,38,bbr1
0.502,44114,30,33120,33.0,30.3,20.2,242.0,3.5,659117,34180,38,38,bbr1
0.514,33449,23,25920,32.9,33.3,20.2,242.0,2.3,659117,34183,38,38,bbr1
0.522,39145,27,27360,33.2,34.8,20.2,242.0,2.2,878823,34188,38,38,bbr1
0.527,44114,30,25920,33.6,36.4,20.2,242.0,2.5,878823,34191,38,38,bbr1
0.535,44114,30,27360,34.1,37.8,20.2,242.0,2.9,878823,34196,38,38,bbr1
0.542,44114,30,27360,34.7,38.5,20.2,242.0,3.3,878823,34200,38,38,bbr1
0.548,27753,19,27360,34.3,32.1,20.2,242.0,3.1,1098528,34204,38,38,bbr1
0.554,33449,23,23040,34.1,32.3,20.2,242.0,2.8,1098528,34205,38,38,bbr1
0.562,39145,27,27360,33.9,32.6,20.2,242.0,2.5,1098528,34212,38,38,bbr1
0.569,44114,30,28800,33.7,32.6,20.2,242.0,2.2,1098528,34217,38,38,bbr1
0.576,44114,30,30240,33.6,32.7,20.2,242.0,1.9,1098528,34222,38,38,bbr1
0.588,33449,23,25975,33.3,31.2,20.2,242.0,1.7,659117,34228,38,38,bbr1
0.597,39145,27,27415,33.2,32.7,20.2,242.0,1.4,659117,34233,38,38,bbr1
0.604,44114,30,25975,33.4,34.2,20.2,242.0,1.3,659117,34236,38,38,bbr1
0.610,44114,30,24535,33.7,35.8,20.2,242.0,1.6,878823,34239,38,38,bbr1
0.616,44114,30,24535,34.1,37.2,20.2,242.0,2.1,878823,34243,38,38,bbr1
0.623,44114,30,24480,33.9,32.1,20.2,242.0,2.0,878823,34247,38,38,bbr1
0.629,27753,19,24480,33.6,31.9,20.2,242.0,2.0,1098528,34251,38,38,bbr1
0.636,32025,22,24480,33.2,30.2,20.2,242.0,2.4,1098528,34254,38,38,bbr1
0.641,37721,26,25920,32.7,29.0,20.2,242.0,2.8,1098528,34259,38,38,bbr1
0.648,43417,30,27360,32.3,29.7,20.2,242.0,2.9,1098528,34264,38,38,bbr1
0.655,44114,30,30240,32.0,29.9,20.2,242.0,2.7,1098528,34270,38,38,bbr1
0.668,33449,23,25920,31.7,30.8,20.2,242.0,2.0,659117,34275,38,38,bbr1
0.677,39145,27,27360,31.8,32.3,20.2,242.0,1.7,659117,34280,38,38,bbr1
0.684,44114,30,25920,32.1,33.9,20.2,242.0,1.8,659117,34283,38,38,bbr1
0.689,44114,30,25920,32.4,35.0,20.2,242.0,2.0,878823,34286,38,38,bbr1
0.695,44114,30,24480,33.0,36.7,20.2,242.0,2.6,878823,34289,38,38,bbr1
0.701,29177,20,23040,32.8,32.0,20.2,242.0,2.2,886978,34293,38,38,bbr1
0.709,34873,24,24480,32.7,31.7,20.2,242.0,1.9,886978,34298,38,38,bbr1
0.715,40569,28,24480,32.3,29.5,20.2,242.0,2.2,886978,34302,38,38,bbr1
0.723,44443,30,25920,31.9,29.4,20.2,242.0,2.4,1108722,34307,38,38,bbr1
0.730,44443,30,28800,31.6,29.1,20.2,242.0,2.5,1108722,34312,38,38,bbr1
0.741,33613,23,23040,31.1,29.8,20.2,242.0,2.2,1108722,34316,38,38,bbr1
0.749,39309,27,27360,31.0,30.0,20.2,242.0,1.9,1108722,34323,38,38,bbr1
0.755,44443,30,28800,31.0,31.0,20.2,242.0,1.5,1108722,34328,38,38,bbr1
0.762,44443,30,30240,31.2,32.8,20.2,242.0,1.5,1108722,34333,38,38,bbr1
0.768,44443,30,31680,31.6,34.3,20.2,242.0,1.9,1108722,34338,38,38,bbr1
0.777,44443,30,34560,31.5,31.1,20.2,242.0,1.6,665233,34344,38,38,bbr1
0.784,44443,30,33120,31.7,32.7,20.2,242.0,1.5,665233,34347,38,38,bbr1
0.795,33613,23,25920,32.5,35.9,20.2,242.0,2.3,665233,34350,38,38,bbr1
0.803,39309,27,27360,33.1,37.5,20.2,242.0,3.0,886978,34355,38,38,bbr1
0.809,44443,30,25920,33.9,39.1,20.2,242.0,3.7,886978,34358,38,38,bbr1
0.816,44443,30,27360,34.7,40.6,20.2,242.0,4.5,886978,34363,38,38,bbr1
0.822,44443,30,27360,35.2,38.5,20.2,242.0,4.3,1108722,34367,38,38,bbr1
0.836,33613,23,24480,34.5,32.4,20.2,242.0,3.6,1108722,34373,38,38,bbr1
0.843,39309,27,28800,34.3,32.7,20.2,242.0,3.2,1108722,34380,38,38,bbr1
0.850,44443,30,30240,34.1,32.8,20.2,242.0,2.7,1108722,34385,38,38,bbr1
0.856,44443,30,31680,34.0,33.6,20.2,242.0,2.2,1108722,34390,38,38,bbr1
0.864,44443,30,33120,34.2,35.1,20.2,242.0,1.9,665233,34395,38,38,bbr1
0.876,33613,23,25920,34.0,34.1,20.2,242.0,1.4,665233,34398,38,38,bbr1
0.884,39309,27,27360,34.2,35.7,20.2,242.0,1.5,886978,34403,38,38,bbr1
0.890,44443,30,25920,34.6,37.2,20.2,242.0,1.9,886978,34406,38,38,bbr1
0.898,44443,30,28800,35.1,38.5,20.2,242.0,2.4,886978,34411,38,38,bbr1
0.903,44443,30,27360,35.7,40.0,20.2,242.0,3.0,886978,34414,38,38,bbr1
0.909,27917,19,27360,35.2,32.1,20.2,242.0,3.2,886978,34418,38,38,bbr1
0.914,32189,22,24480,34.9,32.9,20.2,242.0,3.0,886978,34419,38,38,bbr1
0.920,37885,26,25920,34.6,32.5,20.2,242.0,2.8,886978,34424,38,38,bbr1
0.927,43581,30,25920,34.4,32.9,20.2,242.0,2.6,886978,34428,38,38,bbr1
0.935,44443,30,27360,34.2,32.7,20.2,242.0,2.4,1108722,34433,38,38,bbr1
0.941,44443,30,28800,34.0,33.0,20.2,242.0,2.1,1108722,34438,38,38,bbr1
0.006,3072,2,0,33.9,36.5,20.2,242.0,1.8,1108722,34443,39,39,bbr1
0.008,5760,4,0,33.1,27.0,20.2,242.0,3.1,1108722,34445,39,39,bbr1
0.034,12880,8,0,31.9,23.8,20.2,242.0,4.6,1108722,34450,39,39,bbr1
0.059,20000,13,5760,30.6,21.3,20.2,242.0,6.1,1108722,34459,39,39,bbr1
0.066,25696,17,8640,29.6,22.8,20.2,242.0,6.5,1108722,34465,39,39,bbr1
0.085,32816,22,18720,28.6,21.3,20.2,242.0,7.0,1108722,34477,39,39,bbr1
0.092,38512,26,21600,27.9,22.9,20.2,242.0,6.6,1108722,34483,39,39,bbr1
0.099,44208,30,24480,27.4,24.5,20.2,242.0,5.8,1108722,34489,39,39,bbr1
0.106,44443,30,25920,27.3,26.2,20.2,242.0,4.7,1108722,34494,39,39,bbr1
0.113,44443,30,27360,27.0,25.3,20.2,242.0,4.0,1108722,34499,39,39,bbr1
0.119,44443,30,28800,27.0,26.9,20.2,242.0,3.0,1108722,34504,39,39,bbr1
0.125,44443,30,31680,27.1,28.1,20.2,242.0,2.5,1108722,34509,39,39,bbr1
0.132,44443,30,31680,27.5,29.6,20.2,242.0,2.5,665233,34513,39,39,bbr1
0.138,44443,30,30240,27.9,30.9,20.2,242.0,2.8,665233,34516,39,39,bbr1
0.144,44443,30,28800,28.5,32.8,20.2,242.0,3.3,665233,34519,39,39,bbr1
0.151,43974,30,27360,29.2,34.4,20.2,242.0,4.0,656523,34522,39,39,bbr1
0.158,43974,30,27360,30.0,35.6,20.2,242.0,4.5,656523,34525,39,39,bbr1
0.165,44114,30,25920,30.9,37.2,20.2,242.0,5.2,659117,34528,39,39,bbr1
0.170,44114,30,25920,31.8,38.4,20.2,242.0,5.8,878823,34531,39,39,bbr1
0.175,44114,30,24480,32.4,36.2,20.2,242.0,5.4,878823,34534,39,39,bbr1
0.182,44114,30,24480,32.7,34.6,20.2,242.0,4.6,878823,34538,39,39,bbr1
0.188,44114,30,24480,32.6,32.6,20.2,242.0,3.5,878823,34542,39,39,bbr1
0.195,44114,30,24480,32.3,30.1,20.2,242.0,3.2,1098528,34546,39,39,bbr1
0.203,44114,30,27360,32.0,29.8,20.2,242.0,3.1,1098528,34552,39,39,bbr1
0.209,44114,30,28800,31.7,29.5,20.2,242.0,2.9,1098528,34557,39,39,bbr1
0.222,33449,23,24535,31.4,30.4,20.2,242.0,2.2,1098528,34563,39,39,bbr1
0.230,39145,27,28855,31.4,31.6,20.2,242.0,1.7,1098528,34570,39,39,bbr1
0.237,44114,30,30295,31.6,32.7,20.2,242.0,1.6,1098528,34575,39,39,bbr1
0.243,44114,30,31735,31.9,34.7,20.2,242.0,2.0,1098528,34580,39,39,bbr1
0.250,44114,30,34615,32.4,35.8,20.2,242.0,2.5,659117,34585,39,39,bbr1
0.261,33488,23,25920,32.4,33.7,20.2,242.0,2.1,659117,34587,39,39,bbr1
0.269,39184,27,27360,32.7,35.3,20.2,242.0,2.3,878823,34592,39,39,bbr1
0.274,44114,30,25920,33.2,36.7,20.2,242.0,2.7,878823,34595,39,39,bbr1
0.282,44114,30,27360,33.8,37.9,20.2,242.0,3.2,878823,34600,39,39,bbr1
0.289,44114,30,27360,34.6,39.9,20.2,242.0,3.9,878823,34604,39,39,bbr1
0.295,27753,19,27360,34.3,32.1,20.2,242.0,3.5,1098528,34608,39,39,bbr1
0.302,33449,23,23040,34.0,32.4,20.2,242.0,3.1,1098528,34609,39,39,bbr1
0.310,39145,27,27360,33.9,32.6,20.2,242.0,2.7,1098528,34616,39,39,bbr1
0.316,44114,30,28800,33.7,32.8,20.2,242.0,2.3,1098528,34621,39,39,bbr1
0.323,44114,30,30240,33.6,32.8,20.2,242.0,1.9,1098528,34626,39,39,bbr1
0.335,33449,23,25920,33.3,31.1,20.2,242.0,1.7,659117,34631,39,39,bbr1
0.344,39145,27,27360,33.2,32.7,20.2,242.0,1.4,659117,34636,39,39,bbr1
0.351,44114,30,25920,33.3,34.2,20.2,242.0,1.3,659117,34639,39,39,bbr1
0.357,44114,30,24480,33.6,35.7,20.2,242.0,1.6,878823,34642,39,39,bbr1
0.364,44114,30,24480,34.1,37.2,20.2,242.0,2.1,878823,34646,39,39,bbr1
0.370,27753,19,24480,33.8,32.1,20.2,242.0,2.1,878823,34650,39,39,bbr1
0.376,33449,23,23040,33.6,31.7,20.2,242.0,2.1,878823,34653,39,39,bbr1
0.383,39145,27,24480,33.1,29.5,20.2,242.0,2.6,878823,34658,39,39,bbr1
0.392,44114,30,25920,32.6,29.4,20.2,242.0,2.8,878823,34663,39,39,bbr1
0.398,44114,30,25920,32.2,29.3,20.2,242.0,3.0,878823,34667,39,39,bbr1
0.404,27753,19,25920,31.9,30.0,20.2,242.0,2.8,1098528,34671,39,39,bbr1
0.410,33449,23,23040,31.7,30.2,20.2,242.0,2.5,1098528,34673,39,39,bbr1
0.418,39145,27,27360,31.5,30.4,20.2,242.0,2.2,1098528,34680,39,39,bbr1
0.425,44114,30,28800,31.4,30.5,20.2,242.0,1.9,1098528,34685,39,39,bbr1
0.431,44114,30,30240,31.3,30.3,20.2,242.0,1.7,1098528,34690,39,39,bbr1
0.438,44114,30,31680,31.3,31.6,20.2,242.0,1.3,1098528,34695,39,39,bbr1
0.451,33449,23,27360,31.5,32.6,20.2,242.0,1.1,659117,34700,39,39,bbr1
0.459,39145,27,28800,31.8,34.1,20.2,242.0,1.5,659117,34705,39,39,bbr1
0.466,44114,30,27360,32.3,35.6,20.2,242.0,2.1,659117,34708,39,39,bbr1
0.473,44114,30,25920,32.9,37.2,20.2,242.0,2.8,659117,34711,39,39,bbr1
0.479,44114,30,24480,33.6,38.4,20.2,242.0,3.5,878823,34714,39,39,bbr1
0.485,29177,20,23040,33.6,33.8,20.2,242.0,2.7,880798,34718,39,39,bbr1
0.493,34873,24,24480,33.6,33.4,20.2,242.0,2.0,880798,34723,39,39,bbr1
0.500,40569,28,24480,33.3,31.4,20.2,242.0,2.1,880798,34727,39,39,bbr1
0.508,44194,30,25920,32.8,29.1,20.2,242.0,2.6,880798,34732,39,39,bbr1
0.513,44194,30,24480,32.4,29.8,20.2,242.0,2.7,880798,34735,39,39,bbr1
0.521,27793,19,25920,32.0,29.6,20.2,242.0,2.7,880798,34740,39,39,bbr1
0.527,33489,23,23040,31.8,30.3,20.2,242.0,2.5,880798,34742,39,39,bbr1
0.536,39185,27,25920,31.7,30.5,20.2,242.0,2.2,880798,34748,39,39,bbr1
0.542,44194,30,25920,31.5,30.2,20.2,242.0,2.0,1100997,34752,39,39,bbr1
0.548,44194,30,27360,31.4,30.5,20.2,242.0,1.8,1100997,34757,39,39,bbr1
0.561,33489,23,23040,31.2,30.4,20.2,242.0,1.3,1100997,34762,39,39,bbr1
0.569,39185,27,27360,31.1,30.6,20.2,242.0,1.1,1100997,34769,39,39,bbr1
0.575,44194,30,28800,31.2,31.5,20.2,242.0,0.9,1100997,34774,39,39,bbr1
0.582,44194,30,30240,31.4,32.7,20.2,242.0,1.1,1100997,34779,39,39,bbr1
0.588,44194,30,33120,31.7,34.3,20.2,242.0,1.5,1100997,34784,39,39,bbr1
0.594,44194,30,33120,31.6,30.7,20.2,242.0,1.4,660598,34788,39,39,bbr1
0.607,33489,23,25920,32.0,33.8,20.2,242.0,1.5,660598,34791,39,39,bbr1
0.615,39185,27,27360,32.4,35.3,20.2,242.0,1.9,880798,34796,39,39,bbr1
0.620,44194,30,25920,32.9,36.8,20.2,242.0,2.6,880798,34799,39,39,bbr1
0.628,44194,30,27360,33.6,38.4,20.2,242.0,3.3,880798,34804,39,39,bbr1
0.635,44194,30,27360,34.3,39.1,20.2,242.0,3.8,880798,34808,39,39,bbr1
0.641,27793,19,27360,34.0,32.1,20.2,242.0,3.4,880798,34812,39,39,bbr1
0.647,33489,23,23040,33.8,32.4,20.2,242.0,3.0,880798,34813,39,39,bbr1
0.655,39185,27,25920,33.7,32.6,20.2,242.0,2.5,880798,34819,39,39,bbr1
0.661,44194,30,24480,33.5,32.6,20.2,242.0,2.2,1100997,34822,39,39,bbr1
0.668,44194,30,27360,33.4,32.8,20.2,242.0,1.8,1100997,34828,39,39,bbr1
0.681,33489,23,23040,33.0,30.4,20.2,242.0,1.8,1100997,34833,39,39,bbr1
0.689,39185,27,27360,32.7,30.2,20.2,242.0,2.1,1100997,34840,39,39,bbr1
0.696,44194,30,28800,32.6,31.9,20.2,242.0,1.7,1100997,34845,39,39,bbr1
0.702,44194,30,30240,32.7,33.4,20.2,242.0,1.5,1100997,34850,39,39,bbr1
0.708,44194,30,31680,33.0,35.0,20.2,242.0,1.7,1100997,34855,39,39,bbr1
0.716,44194,30,33120,32.7,31.1,20.2,242.0,1.7,660598,34860,39,39,bbr1
0.728,33489,23,25920,32.9,34.2,20.2,242.0,1.4,660598,34863,39,39,bbr1
0.737,39185,27,27360,33.3,35.9,20.2,242.0,1.8,880798,34868,39,39,bbr1
0.742,44194,30,25920,33.8,37.3,20.2,242.0,2.3,880798,34871,39,39,bbr1
0.750,44194,30,27360,34.4,38.8,20.2,242.0,3.0,880798,34876,39,39,bbr1
0.757,44194,30,27360,35.0,39.4,20.2,242.0,3.5,880798,34880,39,39,bbr1
0.762,27793,19,27360,34.7,32.1,20.2,242.0,3.4,1100997,34884,39,39,bbr1
0.769,33489,23,23040,34.4,32.4,20.2,242.0,3.1,1100997,34885,39,39,bbr1
0.777,39185,27,27360,34.2,32.5,20.2,242.0,2.8,1100997,34892,39,39,bbr1
0.784,44194,30,28800,34.0,32.7,20.2,242.0,2.4,1100997,34897,39,39,bbr1
0.791,44194,30,30240,33.8,32.9,20.2,242.0,2.1,1100997,34902,39,39,bbr1
0.797,44194,30,33120,33.8,33.2,20.2,242.0,1.7,1100997,34907,39,39,bbr1
0.808,33489,23,27415,33.3,32.3,20.2,242.0,1.8,660598,34912,39,39,bbr1
0.817,39185,27,28855,33.3,33.8,20.2,242.0,1.5,660598,34917,39,39,bbr1
0.824,44194,30,27415,33.6,35.3,20.2,242.0,1.6,660598,34920,39,39,bbr1
0.830,44194,30,25975,34.0,36.8,20.2,242.0,2.0,660598,34923,39,39,bbr1
0.836,44194,30,24535,34.5,38.5,20.2,242.0,2.7,880798,34926,39,39,bbr1
0.842,26408,18,25920,35.1,39.2,20.2,242.0,3.2,876465,34930,39,39,bbr1
0.847,32104,22,21600,35.0,34.6,20.2,242.0,2.5,876465,34931,39,39,bbr1
0.855,37800,26,24480,34.7,32.6,20.2,242.0,2.5,876465,34937,39,39,bbr1
0.861,43496,30,23040,34.2,30.6,20.2,242.0,2.9,876465,34940,39,39,bbr1
0.868,44019,30,24480,33.7,29.8,20.2,242.0,3.3,876465,34945,39,39,bbr1
0.875,44019,30,25920,33.2,30.0,20.2,242.0,3.4,876465,34949,39,39,bbr1
0.880,27705,19,24480,32.7,28.8,20.2,242.0,3.6,1095581,34952,39,39,bbr1
0.886,33401,23,23040,32.1,28.5,20.2,242.0,3.8,1095581,34955,39,39,bbr1
0.894,39097,27,27360,31.7,28.8,20.2,242.0,3.7,1095581,34962,39,39,bbr1
0.901,44019,30,28800,31.4,28.9,20.2,242.0,3.4,1095581,34967,39,39,bbr1
0.907,44019,30,30240,31.2,29.6,20.2,242.0,3.0,1095581,34972,39,39,bbr1
0.920,33401,23,25920,31.1,31.2,20.2,242.0,1.8,657348,34977,39,39,bbr1
0.929,39097,27,27360,31.3,32.7,20.2,242.0,1.7,657348,34982,39,39,bbr1
0.936,44019,30,25920,31.7,34.2,20.2,242.0,2.0,657348,34985,39,39,bbr1
0.941,44019,30,24480,32.2,35.7,20.2,242.0,2.5,876465,34988,39,39,bbr1
0.948,44019,30,24480,32.8,37.3,20.2,242.0,3.2,876465,34992,39,39,bbr1
0.955,27705,19,24480,32.7,32.2,20.2,242.0,2.5,876465,34996,39,39,bbr1
0.961,33401,23,23040,32.6,31.8,20.2,242.0,2.1,876465,34999,39,39,bbr1
0.968,39097,27,24480,32.2,29.6,20.2,242.0,2.4,876465,35004,39,39,bbr1
0.974,44019,30,24480,31.9,29.4,20.2,242.0,2.5,1095581,35008,39,39,bbr1
0.982,43949,30,27360,31.5,29.2,20.2,242.0,2.5,1093421,35014,39,39,bbr1
0.995,31942,22,24480,31.1,29.6,20.2,242.0,2.3,1093421,35019,39,39,bbr1
1.000,37638,26,25920,30.9,29.7,20.2,242.0,2.0,1093421,35024,39,39,bbr1
1.006,43334,30,27360,30.9,31.0,20.2,242.0,1.6,1093421,35029,39,39,bbr1
1.014,43949,30,30240,31.1,32.6,20.2,242.0,1.6,1093421,35035,39,39,bbr1
1.021,43949,30,31680,31.5,34.1,20.2,242.0,1.9,1093421,35040,39,39,bbr1
1.029,43949,30,33120,31.4,30.7,20.2,242.0,1.7,656052,35045,39,39,bbr1
1.040,33366,23,25920,31.8,33.7,20.2,242.0,1.6,656052,35048,39,39,bbr1
1.049,39062,27,27360,32.2,35.2,20.2,242.0,2.1,874737,35053,39,39,bbr1
1.054,43949,30,25920,32.8,36.7,20.2,242.0,2.7,874737,35056,39,39,bbr1
1.060,43949,30,27360,33.4,37.7,20.2,242.0,3.3,874737,35060,39,39,bbr1
1.067,43949,30,27360,34.2,39.6,20.2,242.0,4.0,874737,35064,39,39,bbr1
1.073,27670,19,27360,33.9,32.1,20.2,242.0,3.5,1093421,35068,39,39,bbr1
1.078,31942,22,24480,33.8,32.7,20.2,242.0,2.9,1093421,35069,39,39,bbr1
1.084,37638,26,27360,33.6,32.4,20.2,242.0,2.5,1093421,35075,39,39,bbr1
1.092,43334,30,30240,33.5,32.6,20.2,242.0,2.2,1093421,35081,39,39,bbr1
1.099,43949,30,31680,33.4,32.9,20.2,242.0,1.8,1093421,35086,39,39,bbr1
1.107,43949,30,33120,33.3,33.0,20.2,242.0,1.4,656052,35091,39,39,bbr1
1.118,33366,23,25920,33.3,33.9,20.2,242.0,1.1,656052,35094,39,39,bbr1
1.126,39062,27,27360,33.6,35.4,20.2,242.0,1.4,874737,35099,39,39,bbr1
1.133,43949,30,27360,34.0,36.9,20.2,242.0,1.9,874737,35103,39,39,bbr1
1.138,43949,30,25920,34.5,38.3,20.2,242.0,2.5,874737,35106,39,39,bbr1
1.146,43949,30,27360,35.0,38.5,20.2,242.0,2.9,874737,35111,39,39,bbr1
1.152,27670,19,27360,34.7,32.1,20.2,242.0,2.9,1093421,35115,39,39,bbr1
1.159,33366,23,23040,34.4,32.3,20.2,242.0,2.7,1093421,35116,39,39,bbr1
1.167,39062,27,27360,34.1,32.4,20.2,242.0,2.5,1093421,35123,39,39,bbr1
1.173,43828,30,28800,33.9,32.7,20.2,242.0,2.3,1089683,35128,39,39,bbr1
1.180,43828,30,30240,33.8,32.7,20.2,242.0,2.0,1089683,35133,39,39,bbr1
1.187,43828,30,33120,33.7,33.1,20.2,242.0,1.7,1089683,35138,39,39,bbr1
1.198,33306,23,27360,33.2,32.3,20.2,242.0,1.7,653810,35142,39,39,bbr1
1.207,39002,27,28800,33.3,33.8,20.2,242.0,1.5,653810,35147,39,39,bbr1
1.213,43828,30,27360,33.5,35.2,20.2,242.0,1.6,653810,35150,39,39,bbr1
1.220,43828,30,25920,33.9,36.8,20.2,242.0,2.0,653810,35153,39,39,bbr1
1.226,43828,30,25920,34.4,37.9,20.2,242.0,2.5,871747,35156,39,39,bbr1
1.231,43967,30,24480,35.0,39.4,20.2,242.0,3.1,875170,35159,39,39,bbr1
1.237,27679,19,24480,35.0,34.4,20.2,242.0,2.5,1093962,35163,39,39,bbr1
1.244,33375,23,23040,34.6,32.4,20.2,242.0,2.5,1093962,35166,39,39,bbr1
1.250,39071,27,25920,34.0,30.0,20.2,242.0,3.0,1093962,35172,39,39,bbr1
1.258,43967,30,28800,33.4,28.9,20.2,242.0,3.6,1093962,35178,39,39,bbr1
1.265,43967,30,30240,32.9,29.1,20.2,242.0,3.7,1093962,35183,39,39,bbr1
1.277,31951,22,27360,32.4,30.7,20.2,242.0,3.0,656377,35188,39,39,bbr1
1.284,37647,26,27360,32.3,32.1,20.2,242.0,2.3,656377,35192,39,39,bbr1
1.291,43343,30,25920,32.5,33.7,20.2,242.0,2.1,656377,35195,39,39,bbr1
1.297,43967,30,24480,32.9,35.2,20.2,242.0,2.2,656377,35198,39,39,bbr1
1.303,43967,30,23040,33.3,36.7,20.2,242.0,2.6,875170,35201,39,39,bbr1
1.310,43967,30,24480,33.9,38.0,20.2,242.0,3.1,875170,35205,39,39,bbr1
1.315,27679,19,23040,33.7,32.7,20.2,242.0,2.6,1099680,35208,39,39,bbr1
1.322,33375,23,23040,33.4,30.8,20.2,242.0,2.7,1099680,35212,39,39,bbr1
1.328,39071,27,25920,32.8,28.7,20.2,242.0,3.2,1099680,35218,39,39,bbr1
1.336,44151,30,28800,32.2,28.4,20.2,242.0,3.5,1099680,35224,39,39,bbr1
1.343,44151,30,30240,31.8,28.5,20.2,242.0,3.5,1099680,35229,39,39,bbr1
1.355,33467,23,25920,31.5,30.9,20.2,242.0,2.5,659808,35234,39,39,bbr1
1.364,39163,27,27360,31.6,32.4,20.2,242.0,2.1,659808,35239,39,39,bbr1
1.371,44151,30,25920,31.9,33.9,20.2,242.0,2.2,659808,35242,39,39,bbr1
1.377,44151,30,24480,32.3,35.5,20.2,242.0,2.5,879744,35245,39,39,bbr1
1.383,44151,30,25920,32.9,36.7,20.2,242.0,3.0,879744,35249,39,39,bbr1
1.388,27771,19,24480,32.8,31.9,20.2,242.0,2.5,1099680,35252,39,39,bbr1
1.393,32043,22,24480,32.7,32.6,20.2,242.0,1.9,1099680,35255,39,39,bbr1
1.400,37739,26,27360,32.5,30.8,20.2,242.0,1.9,1099680,35261,39,39,bbr1
1.406,43435,30,28800,32.1,29.3,20.2,242.0,2.2,1099680,35266,39,39,bbr1
1.414,44151,30,31680,31.8,29.3,20.2,242.0,2.4,1099680,35272,39,39,bbr1
1.426,33467,23,27360,31.6,32.0,20.2,242.0,1.7,659808,35277,39,39,bbr1
1.435,39163,27,28800,31.9,33.5,20.2,242.0,1.7,659808,35282,39,39,bbr1
1.442,44151,30,27360,32.3,35.1,20.2,242.0,2.1,659808,35285,39,39,bbr1
1.449,44151,30,25920,32.8,36.5,20.2,242.0,2.6,659808,35288,39,39,bbr1
1.454,44151,30,24480,33.5,38.1,20.2,242.0,3.3,879744,35291,39,39,bbr1
1.461,27771,19,24480,33.5,33.7,20.2,242.0,2.5,879744,35295,39,39,bbr1
0.007,3072,2,0,31.9,29.5,20.2,242.0,2.7,1099680,35299,40,40,bbr1
0.011,5760,4,0,31.4,28.0,20.2,242.0,3.0,1099680,35301,40,40,bbr1
0.036,12880,8,0,30.5,23.8,20.2,242.0,4.2,1099680,35306,40,40,bbr1
0.062,20000,13,5760,29.3,21.3,20.2,242.0,5.4,1099680,35315,40,40,bbr1
0.068,25696,17,8640,28.5,22.8,20.2,242.0,5.7,1099680,35321,40,40,bbr1
0.087,32816,22,18720,27.6,21.2,20.2,242.0,6.1,1099680,35333,40,40,bbr1
0.094,38512,26,21600,27.0,22.8,20.2,242.0,5.8,1099680,35339,40,40,bbr1
0.102,44151,30,24480,26.7,24.3,20.2,242.0,5.0,1099680,35345,40,40,bbr1
0.108,44151,30,25920,26.5,25.8,20.2,242.0,4.0,1099680,35350,40,40,bbr1
0.115,44151,30,27360,26.4,25.5,20.2,242.0,3.2,1099680,35355,40,40,bbr1
0.121,44151,30,28800,26.5,26.9,20.2,242.0,2.6,1099680,35360,40,40,bbr1
0.128,44151,30,30240,26.8,28.6,20.2,242.0,2.5,1099680,35365,40,40,bbr1
0.136,44151,30,33120,27.2,30.2,20.2,242.0,2.7,1099680,35371,40,40,bbr1
0.143,44151,30,34560,27.7,31.6,20.2,242.0,3.1,659808,35376,40,40,bbr1
0.150,44151,30,33120,28.4,32.7,20.2,242.0,3.6,659808,35379,40,40,bbr1
0.156,44151,30,31680,29.1,34.7,20.2,242.0,4.3,659808,35382,40,40,bbr1
0.163,44151,30,30240,30.0,36.3,20.2,242.0,5.0,659808,35385,40,40,bbr1
0.169,44151,30,30240,31.0,37.4,20.2,242.0,5.6,659808,35388,40,40,bbr1
0.174,44151,30,27360,32.0,38.9,20.2,242.0,6.2,659808,35390,40,40,bbr1
0.180,44151,30,25920,33.0,40.6,20.2,242.0,6.8,659808,35393,40,40,bbr1
0.188,44151,30,25920,33.8,39.3,20.2,242.0,6.7,879744,35397,40,40,bbr1
0.194,42788,29,24480,34.3,37.4,20.2,242.0,5.9,845982,35400,40,40,bbr1
0.200,42788,29,24480,34.4,35.5,20.2,242.0,4.7,845982,35404,40,40,bbr1
0.207,42788,29,25920,34.4,34.0,20.2,242.0,3.7,1057477,35408,40,40,bbr1
0.213,42788,29,27360,34.1,32.1,20.2,242.0,3.3,1057477,35413,40,40,bbr1
0.226,32786,22,23095,33.3,30.8,20.2,242.0,3.2,1057477,35419,40,40,bbr1
0.233,38482,26,25975,33.0,30.7,20.2,242.0,3.1,1057477,35425,40,40,bbr1
0.239,42788,29,27415,32.7,31.0,20.2,242.0,2.8,1057477,35430,40,40,bbr1
0.246,42788,29,28855,32.7,32.6,20.2,242.0,2.1,1057477,35435,40,40,bbr1
0.253,42788,29,30295,32.9,34.0,20.2,242.0,1.9,1057477,35440,40,40,bbr1
0.261,42788,29,31680,32.7,31.2,20.2,242.0,1.8,634486,35445,40,40,bbr1
0.273,32786,22,24480,32.8,33.8,20.2,242.0,1.4,634486,35448,40,40,bbr1
0.280,38482,26,24480,33.1,35.2,20.2,242.0,1.6,845982,35452,40,40,bbr1
0.288,42788,29,25920,33.5,36.5,20.2,242.0,2.1,845982,35457,40,40,bbr1
0.294,42788,29,24480,34.0,37.8,20.2,242.0,2.6,845982,35460,40,40,bbr1
0.301,42788,29,24480,34.5,37.4,20.2,242.0,2.8,845982,35464,40,40,bbr1
0.307,27090,18,24480,34.1,31.5,20.2,242.0,2.8,1057477,35468,40,40,bbr1
0.314,32786,22,21600,33.7,30.6,20.2,242.0,3.0,1057477,35470,40,40,bbr1
0.321,38482,26,24480,33.3,30.5,20.2,242.0,3.1,1057477,35476,40,40,bbr1
0.328,42788,29,25920,32.9,30.4,20.2,242.0,3.0,1057477,35481,40,40,bbr1
0.334,42788,29,27360,32.6,30.4,20.2,242.0,2.9,1057477,35486,40,40,bbr1
0.346,31362,21,24480,31.6,29.4,20.2,242.0,3.3,1057477,35491,40,40,bbr1
0.353,35634,24,27360,31.4,30.4,20.2,242.0,2.8,1057477,35496,40,40,bbr1
0.358,41330,28,28800,31.4,31.6,20.2,242.0,2.1,1057477,35501,40,40,bbr1
0.365,42788,29,30240,31.6,33.0,20.2,242.0,2.0,1057477,35506,40,40,bbr1
0.373,42788,29,33120,31.9,34.0,20.2,242.0,2.1,634486,35511,40,40,bbr1
0.385,34210,23,23095,31.8,32.1,20.2,242.0,1.5,663972,35514,40,40,bbr1
0.393,39906,27,24535,32.2,34.7,20.2,242.0,1.9,885296,35519,40,40,bbr1
0.399,44375,30,23095,32.7,36.1,20.2,242.0,2.4,885296,35522,40,40,bbr1
0.407,44375,30,24535,33.2,37.4,20.2,242.0,3.0,885296,35527,40,40,bbr1
0.412,44375,30,25975,33.8,37.4,20.2,242.0,3.3,1106620,35531,40,40,bbr1
0.418,44375,30,27360,33.2,28.8,20.2,242.0,3.7,1106620,35535,40,40,bbr1
0.423,27883,19,27360,32.7,29.2,20.2,242.0,3.8,1106620,35539,40,40,bbr1
0.429,32155,22,24480,32.2,28.8,20.2,242.0,3.8,1106620,35540,40,40,bbr1
0.435,37851,26,25920,31.9,29.6,20.2,242.0,3.5,1106620,35545,40,40,bbr1
0.441,43547,30,27360,31.6,29.9,20.2,242.0,3.1,1106620,35550,40,40,bbr1
0.449,44375,30,30240,31.6,31.5,20.2,242.0,2.4,1106620,35556,40,40,bbr1
0.456,44375,30,31680,31.8,33.1,20.2,242.0,2.1,1106620,35561,40,40,bbr1
0.463,44388,30,33120,31.6,30.8,20.2,242.0,1.9,664199,35566,40,40,bbr1
0.475,33586,23,25920,32.0,33.8,20.2,242.0,1.7,664199,35569,40,40,bbr1
0.483,39282,27,27360,32.4,35.4,20.2,242.0,2.1,885599,35574,40,40,bbr1
0.490,44388,30,27360,33.0,37.1,20.2,242.0,2.8,885599,35578,40,40,bbr1
0.496,44388,30,27360,33.7,38.4,20.2,242.0,3.4,885599,35582,40,40,bbr1
0.502,44388,30,28800,34.4,39.8,20.2,242.0,4.1,1106998,35586,40,40,bbr1
0.508,29314,20,27360,34.2,32.1,20.2,242.0,3.7,1106998,35590,40,40,bbr1
0.516,35010,24,24480,33.9,32.4,20.2,242.0,3.2,1106998,35592,40,40,bbr1
0.524,40706,28,28800,33.8,32.7,20.2,242.0,2.7,1106998,35599,40,40,bbr1
0.530,44388,30,31680,33.7,32.9,20.2,242.0,2.2,1106998,35604,40,40,bbr1
0.536,44388,30,31680,33.6,33.2,20.2,242.0,1.8,664199,35608,40,40,bbr1
0.543,44388,30,30240,33.8,34.8,20.2,242.0,1.6,664199,35611,40,40,bbr1
0.555,33586,23,23040,33.4,33.6,20.2,242.0,1.6,664199,35614,40,40,bbr1
0.563,39282,27,24480,33.6,35.2,20.2,242.0,1.7,885599,35619,40,40,bbr1
0.569,44388,30,24480,34.0,36.6,20.2,242.0,2.0,885599,35623,40,40,bbr1
0.576,44388,30,24480,34.3,36.4,20.2,242.0,2.1,885599,35627,40,40,bbr1
0.582,44388,30,24480,34.3,34.8,20.2,242.0,1.7,1106998,35631,40,40,bbr1
0.590,27890,19,27360,33.7,29.5,20.2,242.0,2.5,1106998,35637,40,40,bbr1
0.596,33586,23,23040,33.1,28.7,20.2,242.0,3.1,1106998,35638,40,40,bbr1
0.602,39282,27,25920,32.7,29.4,20.2,242.0,3.3,1106998,35644,40,40,bbr1
0.610,44388,30,28800,32.2,29.2,20.2,242.0,3.3,1106998,35650,40,40,bbr1
0.617,44388,30,30240,32.1,30.9,20.2,242.0,2.8,1106998,35655,40,40,bbr1
0.623,44388,30,31680,32.1,32.6,20.2,242.0,2.2,1106998,35660,40,40,bbr1
0.630,44388,30,33120,32.0,30.9,20.2,242.0,2.0,664199,35665,40,40,bbr1
0.643,33586,23,25920,32.3,34.1,20.2,242.0,1.7,664199,35668,40,40,bbr1
0.651,39282,27,27360,32.7,35.7,20.2,242.0,2.1,885599,35673,40,40,bbr1
0.656,44388,30,25920,33.3,37.2,20.2,242.0,2.7,885599,35676,40,40,bbr1
0.664,44388,30,27360,34.0,38.9,20.2,242.0,3.4,885599,35681,40,40,bbr1
0.670,44388,30,27360,34.7,39.6,20.2,242.0,4.0,1106998,35685,40,40,bbr1
0.678,44388,30,30240,34.4,32.2,20.2,242.0,3.6,1106998,35691,40,40,bbr1
0.690,33586,23,25920,34.0,32.6,20.2,242.0,2.8,664199,35696,40,40,bbr1
0.699,39282,27,27360,33.8,32.6,20.2,242.0,2.4,664199,35701,40,40,bbr1
0.706,44388,30,25920,33.8,33.6,20.2,242.0,1.8,664199,35704,40,40,bbr1
0.711,44388,30,24480,33.9,35.1,20.2,242.0,1.7,885599,35707,40,40,bbr1
0.718,44388,30,25920,34.2,36.4,20.2,242.0,1.9,885599,35711,40,40,bbr1
0.723,27890,19,24480,34.0,32.1,20.2,242.0,2.0,885599,35714,40,40,bbr1
0.728,32162,22,24480,33.8,32.7,20.2,242.0,1.8,885599,35717,40,40,bbr1
0.734,37858,26,24480,33.4,30.8,20.2,242.0,2.1,885599,35721,40,40,bbr1
0.741,43554,30,24480,32.9,29.4,20.2,242.0,2.6,885599,35725,40,40,bbr1
0.749,44388,30,25920,32.5,29.3,20.2,242.0,2.8,1106998,35730,40,40,bbr1
0.755,44388,30,27360,32.1,29.6,20.2,242.0,2.8,1106998,35735,40,40,bbr1
0.769,33586,23,23040,31.8,31.4,20.2,242.0,2.1,1106998,35740,40,40,bbr1
0.776,39282,27,25920,31.6,30.4,20.2,242.0,1.9,1106998,35746,40,40,bbr1
0.783,43554,30,28800,31.6,31.1,20.2,242.0,1.6,1106998,35751,40,40,bbr1
0.788,44388,30,28800,31.8,33.0,20.2,242.0,1.5,1106998,35755,40,40,bbr1
0.795,44388,30,30240,32.1,34.6,20.2,242.0,1.9,1106998,35760,40,40,bbr1
0.801,44388,30,31680,31.8,29.6,20.2,242.0,2.0,1106998,35765,40,40,bbr1
0.808,44062,30,33120,31.7,31.0,20.2,242.0,1.7,658158,35770,40,40,bbr1
0.821,33423,23,25920,32.1,34.4,20.2,242.0,1.8,658158,35773,40,40,bbr1
0.829,39119,27,27360,32.6,35.9,20.2,242.0,2.3,877545,35778,40,40,bbr1
0.835,44062,30,27360,33.2,37.2,20.2,242.0,2.9,877545,35782,40,40,bbr1
0.841,44062,30,27360,33.9,38.5,20.2,242.0,3.5,877545,35785,40,40,bbr1
0.847,44062,30,27360,34.6,40.1,20.2,242.0,4.2,877545,35789,40,40,bbr1
0.853,27727,19,27360,34.3,32.0,20.2,242.0,3.8,1096931,35793,40,40,bbr1
0.858,31999,22,24480,34.1,32.5,20.2,242.0,3.3,1096931,35794,40,40,bbr1
0.865,37695,26,27360,33.8,31.8,20.2,242.0,3.0,1096931,35800,40,40,bbr1
0.872,43391,30,30240,33.6,32.5,20.2,242.0,2.6,1096931,35806,40,40,bbr1
0.879,44062,30,31680,33.5,32.7,20.2,242.0,2.2,1096931,35811,40,40,bbr1
0.886,44062,30,34560,33.4,32.9,20.2,242.0,1.8,658158,35816,40,40,bbr1
0.897,33423,23,25920,33.1,33.6,20.2,242.0,1.7,658158,35818,40,40,bbr1
0.906,39119,27,27360,33.4,35.0,20.2,242.0,1.8,877545,35823,40,40,bbr1
0.912,44062,30,27360,33.8,36.6,20.2,242.0,2.1,877545,35827,40,40,bbr1
0.917,44062,30,25920,34.2,37.7,20.2,242.0,2.6,877545,35830,40,40,bbr1
0.925,44062,30,27360,34.9,39.6,20.2,242.0,3.3,1096931,35835,40,40,bbr1
0.937,33423,23,23040,34.3,31.7,20.2,242.0,2.9,1092890,35840,40,40,bbr1
0.945,39119,27,27360,34.1,32.4,20.2,242.0,2.6,1092890,35847,40,40,bbr1
0.952,43932,30,28800,33.9,32.6,20.2,242.0,2.4,1092890,35852,40,40,bbr1
0.959,43932,30,30240,33.8,32.8,20.2,242.0,2.0,1092890,35857,40,40,bbr1
0.966,43932,30,33120,33.8,34.3,20.2,242.0,1.7,1092890,35862,40,40,bbr1
0.971,43932,30,33120,33.4,30.7,20.2,242.0,2.0,655734,35866,40,40,bbr1
0.983,33358,23,25920,33.4,33.7,20.2,242.0,1.5,655734,35869,40,40,bbr1
0.991,39054,27,27360,33.6,35.3,20.2,242.0,1.6,874312,35874,40,40,bbr1
0.997,43932,30,25920,34.0,36.7,20.2,242.0,2.0,874312,35877,40,40,bbr1
1.005,43972,30,27360,34.5,37.8,20.2,242.0,2.4,875297,35882,40,40,bbr1
1.011,43972,30,27360,35.0,38.9,20.2,242.0,2.9,1094121,35886,40,40,bbr1
1.024,33378,23,23040,34.4,32.3,20.2,242.0,2.8,1094121,35891,40,40,bbr1
1.032,39074,27,27360,34.1,32.5,20.2,242.0,2.6,1094121,35898,40,40,bbr1
1.038,43972,30,28800,33.9,32.6,20.2,242.0,2.3,1094121,35903,40,40,bbr1
1.045,43972,30,30240,33.8,32.7,20.2,242.0,2.0,1094121,35908,40,40,bbr1
1.051,43972,30,31680,33.9,34.8,20.2,242.0,1.8,1094121,35913,40,40,bbr1
1.059,43972,30,33120,33.6,31.2,20.2,242.0,2.0,656472,35918,40,40,bbr1
1.071,33378,23,25975,33.5,34.2,20.2,242.0,1.5,656472,35922,40,40,bbr1
1.079,39074,27,27415,33.8,35.7,20.2,242.0,1.7,875297,35927,40,40,bbr1
1.085,43972,30,25975,34.2,37.0,20.2,242.0,2.0,875297,35930,40,40,bbr1
1.092,43972,30,27415,34.7,38.3,20.2,242.0,2.5,875297,35934,40,40,bbr1
1.098,43972,30,27415,35.3,39.8,20.2,242.0,3.2,875297,35938,40,40,bbr1
1.104,29145,20,25920,35.0,32.3,20.2,242.0,3.2,1094121,35942,40,40,bbr1
1.112,34841,24,24480,34.6,32.5,20.2,242.0,3.0,1094121,35945,40,40,bbr1
1.120,40537,28,28800,34.4,32.7,20.2,242.0,2.7,1094121,35952,40,40,bbr1
1.127,43972,30,30240,34.2,32.8,20.2,242.0,2.5,1094121,35957,40,40,bbr1
1.133,43972,30,31680,34.1,33.0,20.2,242.0,2.1,1094121,35962,40,40,bbr1
1.146,33378,23,27360,33.8,32.5,20.2,242.0,1.6,656472,35967,40,40,bbr1
1.153,39074,27,27360,33.8,33.9,20.2,242.0,1.2,656472,35971,40,40,bbr1
1.161,43972,30,27360,34.0,35.5,20.2,242.0,1.3,656472,35975,40,40,bbr1
1.168,43972,30,25920,34.4,37.0,20.2,242.0,1.8,656472,35978,40,40,bbr1
1.174,43972,30,25920,34.8,37.8,20.2,242.0,2.2,875297,35981,40,40,bbr1
1.179,43972,30,24480,35.4,39.6,20.2,242.0,2.8,875297,35984,40,40,bbr1
1.185,27682,19,24480,35.3,34.3,20.2,242.0,2.4,1094121,35988,40,40,bbr1
1.192,33378,23,23040,34.9,32.3,20.2,242.0,2.5,1094121,35991,40,40,bbr1
1.200,39074,27,27360,34.3,30.1,20.2,242.0,3.1,1094121,35998,40,40,bbr1
1.206,43972,30,28800,33.6,28.9,20.2,242.0,3.7,1094121,36003,40,40,bbr1
1.213,43972,30,30240,33.1,29.1,20.2,242.0,3.9,1094121,36008,40,40,bbr1
1.225,33378,23,25920,32.6,31.1,20.2,242.0,3.0,656472,36013,40,40,bbr1
1.234,39074,27,27360,32.6,32.6,20.2,242.0,2.3,656472,36018,40,40,bbr1
1.241,43972,30,25920,32.8,34.2,20.2,242.0,2.1,656472,36021,40,40,bbr1
1.247,43972,30,24480,33.1,35.7,20.2,242.0,2.3,875297,36024,40,40,bbr1
1.254,43972,30,24480,33.6,37.2,20.2,242.0,2.7,875297,36028,40,40,bbr1
1.260,27682,19,24480,33.5,32.2,20.2,242.0,2.4,1094121,36032,40,40,bbr1
1.266,33378,23,23040,33.3,31.8,20.2,242.0,2.2,1094121,36035,40,40,bbr1
1.274,39074,27,27360,32.8,29.5,20.2,242.0,2.6,1094121,36042,40,40,bbr1
1.281,43972,30,28800,32.4,29.4,20.2,242.0,2.8,1094121,36047,40,40,bbr1
1.288,43972,30,30240,32.0,29.3,20.2,242.0,2.9,1094121,36052,40,40,bbr1
1.300,33378,23,25920,31.8,31.2,20.2,242.0,2.0,656472,36057,40,40,bbr1
1.309,39074,27,27360,31.9,32.7,20.2,242.0,1.7,656472,36062,40,40,bbr1
1.316,43972,30,25920,32.2,34.2,20.2,242.0,1.9,656472,36065,40,40,bbr1
1.321,43972,30,24480,32.6,35.7,20.2,242.0,2.3,875297,36068,40,40,bbr1
1.328,43972,30,24480,33.2,37.2,20.2,242.0,2.9,875297,36072,40,40,bbr1
1.334,27682,19,24480,33.0,32.0,20.2,242.0,2.4,1058603,36076,40,40,bbr1
1.341,33378,23,23040,32.9,31.6,20.2,242.0,2.2,1058603,36079,40,40,bbr1
1.348,39074,27,25920,32.4,29.5,20.2,242.0,2.5,1058603,36085,40,40,bbr1
1.354,42825,29,27360,32.0,29.3,20.2,242.0,2.6,1058603,36090,40,40,bbr1
1.361,42825,29,28800,31.7,29.1,20.2,242.0,2.7,1058603,36095,40,40,bbr1
1.375,32804,22,24480,31.5,31.0,20.2,242.0,1.9,635162,36100,40,40,bbr1
1.381,37076,25,25920,31.5,32.0,20.2,242.0,1.5,635162,36104,40,40,bbr1
1.388,42772,29,24480,31.8,33.3,20.2,242.0,1.6,635162,36107,40,40,bbr1
1.395,42825,29,23040,32.1,34.6,20.2,242.0,1.9,635162,36110,40,40,bbr1
1.401,42825,29,23040,32.6,35.7,20.2,242.0,2.3,846883,36113,40,40,bbr1
1.406,28532,19,20160,32.3,30.4,20.2,242.0,2.3,870583,36116,40,40,bbr1
1.415,34228,23,21600,32.0,29.8,20.2,242.0,2.3,870583,36121,40,40,bbr1
1.421,39924,27,21600,31.4,27.4,20.2,242.0,2.9,870583,36125,40,40,bbr1
1.427,43781,30,21600,30.7,25.7,20.2,242.0,3.6,1088228,36129,40,40,bbr1
1.434,43781,30,23040,30.0,25.3,20.2,242.0,4.0,1088228,36134,40,40,bbr1
1.441,27586,19,24480,29.5,25.9,20.2,242.0,4.0,1088228,36139,40,40,bbr1
1.447,33282,23,23040,29.1,26.0,20.2,242.0,3.9,1088228,36142,40,40,bbr1
1.455,37554,26,28800,28.7,26.2,20.2,242.0,3.7,1088228,36149,40,40,bbr1
1.459,43250,30,27360,28.6,27.7,20.2,242.0,3.0,1088228,36152,40,40,bbr1
1.466,43781,30,28800,28.7,29.2,20.2,242.0,2.4,1088228,36157,40,40,bbr1
1.474,43781,30,31680,28.9,30.7,20.2,242.0,2.3,1088228,36163,40,40,bbr1
1.482,43781,30,34560,28.9,28.7,20.2,242.0,1.8,652937,36168,40,40,bbr1
1.491,33282,23,25920,29.8,33.3,20.2,242.0,2.6,659931,36170,40,40,bbr1
1.500,38978,27,27360,30.4,34.8,20.2,242.0,3.2,879909,36175,40,40,bbr1
1.505,43250,30,27360,31.1,35.9,20.2,242.0,3.8,879909,36178,40,40,bbr1
1.511,44158,30,27360,31.9,37.4,20.2,242.0,4.4,879909,36182,40,40,bbr1
1.518,44158,30,27360,32.8,38.9,20.2,242.0,5.1,879909,36186,40,40,bbr1
0.009,3072,2,0,32.8,33.4,20.2,242.0,1.2,1099886,36191,41,41,bbr1
0.008,5760,4,0,32.5,30.2,20.2,242.0,1.6,1099886,36193,41,41,bbr1
0.033,12880,8,0,31.4,23.8,20.2,242.0,3.3,1099886,36198,41,41,bbr1
0.059,20000,13,5760,30.1,21.3,20.2,242.0,5.0,1099886,36207,41,41,bbr1
0.066,25696,17,8640,29.2,22.7,20.2,242.0,5.6,1099886,36213,41,41,bbr1
0.084,32816,22,18720,28.2,21.2,20.2,242.0,6.2,1099886,36225,41,41,bbr1
0.092,38512,26,23040,27.5,22.8,20.2,242.0,6.0,1099886,36232,41,41,bbr1
0.099,44158,30,24480,27.1,24.3,20.2,242.0,5.3,1099886,36237,41,41,bbr1
0.106,44158,30,25920,27.0,25.8,20.2,242.0,4.3,1099886,36242,41,41,bbr1
0.112,44158,30,27360,26.8,25.6,20.2,242.0,3.6,1099886,36247,41,41,bbr1
0.118,44158,30,28800,26.8,27.2,20.2,242.0,2.8,1099886,36252,41,41,bbr1
0.125,44158,30,30240,27.1,28.7,20.2,242.0,2.6,1099886,36257,41,41,bbr1
0.133,44158,30,33120,27.5,30.2,20.2,242.0,2.7,1099886,36263,41,41,bbr1
0.140,44158,30,34560,28.0,31.6,20.2,242.0,3.1,659931,36268,41,41,bbr1
0.147,44158,30,33120,28.6,32.8,20.2,242.0,3.5,659931,36271,41,41,bbr1
0.153,44158,30,31680,29.4,34.8,20.2,242.0,4.2,659931,36274,41,41,bbr1
0.160,44158,30,30240,30.2,36.4,20.2,242.0,4.9,659931,36277,41,41,bbr1
0.166,44158,30,28800,31.2,37.9,20.2,242.0,5.6,659931,36280,41,41,bbr1
0.173,44158,30,27360,32.2,39.4,20.2,242.0,6.2,659931,36283,41,41,bbr1
0.179,44158,30,25920,33.3,41.0,20.2,242.0,6.9,659931,36286,41,41,bbr1
0.186,44158,30,24480,34.0,38.5,20.2,242.0,6.5,879909,36289,41,41,bbr1
0.194,44158,30,25920,34.4,37.1,20.2,242.0,5.6,879909,36294,41,41,bbr1
0.200,44158,30,25920,34.5,35.2,20.2,242.0,4.4,879909,36298,41,41,bbr1
0.206,44158,30,25920,34.2,32.8,20.2,242.0,3.7,1099886,36302,41,41,bbr1
0.213,27775,19,27360,33.9,31.2,20.2,242.0,3.5,1099886,36307,41,41,bbr1
0.220,33471,23,23040,33.4,30.5,20.2,242.0,3.5,1099886,36308,41,41,bbr1
0.228,39167,27,27360,33.2,31.2,20.2,242.0,3.2,1099886,36315,41,41,bbr1
0.234,44158,30,28800,32.9,31.3,20.2,242.0,2.9,1099886,36320,41,41,bbr1
0.241,44158,30,30240,32.9,32.3,20.2,242.0,2.3,1099886,36325,41,41,bbr1
0.247,44158,30,31680,33.0,33.8,20.2,242.0,2.0,1099886,36330,41,41,bbr1
0.255,44158,30,33120,32.7,31.2,20.2,242.0,1.9,659931,36335,41,41,bbr1
0.267,33471,23,25920,32.9,34.2,20.2,242.0,1.4,659931,36338,41,41,bbr1
0.275,39167,27,27360,33.3,35.8,20.2,242.0,1.8,879909,36343,41,41,bbr1
0.281,44158,30,25920,33.8,37.3,20.2,242.0,2.3,879909,36346,41,41,bbr1
0.288,44158,30,27360,34.4,38.9,20.2,242.0,3.0,879909,36351,41,41,bbr1
0.295,44158,30,27360,35.0,39.5,20.2,242.0,3.5,1099886,36355,41,41,bbr1
0.301,44158,30,28800,34.7,32.1,20.2,242.0,3.4,1099886,36360,41,41,bbr1
0.315,33471,23,24480,34.2,32.7,20.2,242.0,2.8,1099886,36365,41,41,bbr1
0.323,39167,27,28800,34.0,32.9,20.2,242.0,2.4,1099886,36372,41,41,bbr1
0.329,43055,29,30240,33.9,33.4,20.2,242.0,1.9,1065740,36377,41,41,bbr1
0.337,43055,29,31680,34.1,35.0,20.2,242.0,1.7,639444,36382,41,41,bbr1
0.344,43055,29,30240,34.4,36.5,20.2,242.0,1.9,639444,36385,41,41,bbr1
0.355,32919,22,23040,34.1,34.0,20.2,242.0,1.5,639444,36388,41,41,bbr1
0.362,38615,26,23040,34.3,35.5,20.2,242.0,1.4,852592,36392,41,41,bbr1
0.369,42740,29,23040,34.6,36.9,20.2,242.0,1.7,844777,36396,41,41,bbr1
0.377,42740,29,25920,34.9,36.9,20.2,242.0,1.9,844777,36401,41,41,bbr1
0.382,42740,29,24480,34.9,34.6,20.2,242.0,1.5,844777,36404,41,41,bbr1
0.387,27066,18,23040,34.2,29.8,20.2,242.0,2.4,844777,36407,41,41,bbr1
0.394,31338,21,23040,33.6,29.3,20.2,242.0,3.0,844777,36410,41,41,bbr1
0.399,37034,25,23040,33.1,29.3,20.2,242.0,3.4,844777,36414,41,41,bbr1
0.406,42730,29,23040,32.6,29.2,20.2,242.0,3.5,844777,36418,41,41,bbr1
0.414,42740,29,24480,32.1,28.9,20.2,242.0,3.5,1055971,36423,41,41,bbr1
0.420,27066,18,24480,31.7,28.7,20.2,242.0,3.5,1055971,36427,41,41,bbr1
0.426,32762,22,21600,31.3,28.7,20.2,242.0,3.4,1055971,36429,41,41,bbr1
0.433,38458,26,24480,30.9,28.2,20.2,242.0,3.3,1055971,36435,41,41,bbr1
0.440,42740,29,25920,30.6,28.2,20.2,242.0,3.2,1055971,36440,41,41,bbr1
0.447,42740,29,27360,30.5,29.5,20.2,242.0,2.6,1055971,36445,41,41,bbr1
0.454,42740,29,28800,30.0,27.0,20.2,242.0,2.8,1055971,36450,41,41,bbr1
0.460,42740,29,30240,29.9,29.4,20.2,242.0,2.3,1055971,36454,41,41,bbr1
0.467,42725,29,31680,30.0,30.8,20.2,242.0,1.9,633301,36459,41,41,bbr1
0.479,32754,22,24480,30.7,33.3,20.2,242.0,2.2,633301,36462,41,41,bbr1
0.486,37026,25,25920,31.1,34.3,20.2,242.0,2.6,844402,36466,41,41,bbr1
0.492,42722,29,25920,31.7,35.6,20.2,242.0,3.1,844402,36470,41,41,bbr1
0.497,42725,29,24480,32.3,36.8,20.2,242.0,3.6,844402,36473,41,41,bbr1
0.504,42725,29,24480,33.0,37.4,20.2,242.0,3.9,844402,36477,41,41,bbr1
0.511,42725,29,24480,32.6,30.4,20.2,242.0,3.6,844402,36481,41,41,bbr1
0.518,27058,18,24480,32.4,30.8,20.2,242.0,3.1,844402,36485,41,41,bbr1
0.525,32754,22,21600,32.2,30.4,20.2,242.0,2.9,844402,36487,41,41,bbr1
0.531,38450,26,23040,31.9,30.4,20.2,242.0,2.6,844402,36492,41,41,bbr1
0.538,42725,29,23040,31.7,30.3,20.2,242.0,2.4,1055502,36496,41,41,bbr1
0.546,42725,29,25920,31.6,30.3,20.2,242.0,2.1,1055502,36502,41,41,bbr1
0.552,27058,18,25920,31.0,26.9,20.2,242.0,2.8,1055502,36506,41,41,bbr1
0.557,31330,21,23040,30.7,28.6,20.2,242.0,2.7,1055502,36507,41,41,bbr1
0.564,37026,25,25920,30.4,28.6,20.2,242.0,2.5,1055502,36513,41,41,bbr1
0.570,42722,29,27360,30.3,29.6,20.2,242.0,2.1,1055502,36518,41,41,bbr1
0.577,42725,29,28800,30.4,30.9,20.2,242.0,1.7,1055502,36523,41,41,bbr1
0.584,42725,29,30240,30.6,32.1,20.2,242.0,1.7,1055502,36528,41,41,bbr1
0.592,42725,29,31680,30.7,31.0,20.2,242.0,1.4,633301,36533,41,41,bbr1
0.604,32754,22,24480,31.2,33.6,20.2,242.0,1.8,633301,36536,41,41,bbr1
0.611,38450,26,24480,31.7,35.0,20.2,242.0,2.3,844402,36540,41,41,bbr1
0.618,42725,29,24480,32.3,36.3,20.2,242.0,2.9,844402,36544,41,41,bbr1
0.625,42725,29,24480,32.9,37.7,20.2,242.0,3.5,844402,36548,41,41,bbr1
0.631,42725,29,24480,33.5,37.1,20.2,242.0,3.7,844402,36552,41,41,bbr1
0.638,27058,18,24480,33.2,31.4,20.2,242.0,3.3,1055502,36556,41,41,bbr1
0.645,32754,22,21600,32.9,30.4,20.2,242.0,3.1,1055502,36558,41,41,bbr1
0.652,38450,26,24480,32.6,30.4,20.2,242.0,3.0,1055502,36564,41,41,bbr1
0.659,42725,29,25920,32.3,30.4,20.2,242.0,2.8,1055502,36569,41,41,bbr1
0.665,42725,29,27360,32.0,30.3,20.2,242.0,2.6,1055502,36574,41,41,bbr1
0.677,31330,21,24480,31.2,29.4,20.2,242.0,2.9,1055502,36579,41,41,bbr1
0.684,37026,25,25920,31.1,30.7,20.2,242.0,2.3,1055502,36584,41,41,bbr1
0.691,42722,29,28800,31.2,31.9,20.2,242.0,1.9,1055502,36590,41,41,bbr1
0.698,42725,29,30240,31.5,33.3,20.2,242.0,2.0,1055502,36595,41,41,bbr1
0.705,42725,29,31680,31.9,34.7,20.2,242.0,2.3,633301,36600,41,41,bbr1
0.718,32754,22,24480,32.1,33.6,20.2,242.0,1.8,633714,36603,41,41,bbr1
0.724,38450,26,24480,32.5,34.9,20.2,242.0,2.0,844953,36607,41,41,bbr1
0.731,42747,29,24480,32.9,36.2,20.2,242.0,2.4,844953,36611,41,41,bbr1
0.738,42747,29,24480,33.5,37.6,20.2,242.0,3.0,844953,36615,41,41,bbr1
0.745,42747,29,24480,33.9,37.0,20.2,242.0,3.1,1056191,36619,41,41,bbr1
0.758,32765,22,21655,33.3,30.6,20.2,242.0,3.0,1056191,36626,41,41,bbr1
0.765,38461,26,24535,32.9,30.5,20.2,242.0,2.9,1056191,36632,41,41,bbr1
0.772,42747,29,25975,32.6,30.4,20.2,242.0,2.8,1056191,36637,41,41,bbr1
0.779,42747,29,27415,32.5,31.6,20.2,242.0,2.4,1056191,36642,41,41,bbr1
0.786,42747,29,30240,32.5,32.7,20.2,242.0,1.8,1056191,36647,41,41,bbr1
0.792,42747,29,30240,32.1,29.4,20.2,242.0,2.2,633714,36651,41,41,bbr1
0.804,32765,22,23040,32.0,32.1,20.2,242.0,1.5,633714,36654,41,41,bbr1
0.811,38461,26,23040,32.1,33.4,20.2,242.0,1.5,844953,36658,41,41,bbr1
0.818,42747,29,23040,32.4,34.6,20.2,242.0,1.7,844953,36662,41,41,bbr1
0.826,42747,29,25920,32.8,35.7,20.2,242.0,2.1,844953,36667,41,41,bbr1
0.831,42747,29,24480,33.1,35.2,20.2,242.0,2.2,844953,36670,41,41,bbr1
0.836,27069,18,23040,32.7,29.8,20.2,242.0,2.5,1056191,36673,41,41,bbr1
0.843,32765,22,21600,32.2,28.8,20.2,242.0,2.8,1056191,36676,41,41,bbr1
0.850,38461,26,24480,31.8,29.1,20.2,242.0,2.9,1056191,36682,41,41,bbr1
0.857,42747,29,25920,31.4,28.7,20.2,242.0,3.0,1056191,36687,41,41,bbr1
0.864,42747,29,27360,31.1,29.0,20.2,242.0,2.8,1056191,36692,41,41,bbr1
0.875,31341,21,24480,30.5,29.4,20.2,242.0,2.7,1056191,36697,41,41,bbr1
0.882,37037,25,25920,30.5,30.7,20.2,242.0,2.1,1056191,36702,41,41,bbr1
0.890,42733,29,28800,30.7,32.0,20.2,242.0,1.9,1056191,36708,41,41,bbr1
0.897,42747,29,30240,31.0,33.3,20.2,242.0,2.1,1056191,36713,41,41,bbr1
0.904,42747,29,31680,31.5,34.7,20.2,242.0,2.5,633714,36718,41,41,bbr1
0.914,31341,21,25975,31.4,32.1,20.2,242.0,1.8,633714,36722,41,41,bbr1
0.921,37037,25,25975,31.6,32.6,20.2,242.0,1.6,633714,36726,41,41,bbr1
0.928,42733,29,24535,32.1,35.5,20.2,242.0,2.2,633714,36729,41,41,bbr1
0.935,42747,29,23095,32.6,36.8,20.2,242.0,2.8,844953,36732,41,41,bbr1
0.941,42747,29,23095,33.2,36.8,20.2,242.0,3.2,844953,36736,41,41,bbr1
0.948,27108,18,23040,33.0,32.0,20.2,242.0,2.6,1056191,36740,41,41,bbr1
0.955,32804,22,21600,32.8,31.5,20.2,242.0,2.4,1056191,36743,41,41,bbr1
0.962,38500,26,24480,32.4,29.2,20.2,242.0,2.7,1056191,36749,41,41,bbr1
0.969,42747,29,25920,32.0,29.0,20.2,242.0,2.9,1056191,36754,41,41,bbr1
0.975,42747,29,27360,31.6,29.0,20.2,242.0,2.9,1056191,36759,41,41,bbr1
0.987,31341,21,24480,31.1,29.4,20.2,242.0,2.5,633714,36764,41,41,bbr1
0.994,37037,25,24480,31.1,30.7,20.2,242.0,1.9,633714,36768,41,41,bbr1
1.001,42733,29,23040,31.2,32.0,20.2,242.0,1.7,633714,36771,41,41,bbr1
1.007,42747,29,21600,31.4,33.3,20.2,242.0,1.8,844953,36774,41,41,bbr1
1.014,42747,29,21600,31.8,34.7,20.2,242.0,2.1,844953,36778,41,41,bbr1
1.021,27069,18,21600,31.8,31.6,20.2,242.0,1.7,1056191,36782,41,41,bbr1
1.028,32765,22,21600,31.5,29.2,20.2,242.0,1.9,1056191,36786,41,41,bbr1
1.035,38461,26,24480,30.9,27.0,20.2,242.0,2.5,1056191,36792,41,41,bbr1
1.041,42747,29,25920,30.4,27.0,20.2,242.0,2.9,1056191,36797,41,41,bbr1
1.048,42747,29,27360,30.0,26.9,20.2,242.0,3.0,1056191,36802,41,41,bbr1
1.060,31341,21,24480,29.7,29.3,20.2,242.0,2.1,631559,36807,41,41,bbr1
1.067,37037,25,24480,29.8,30.6,20.2,242.0,1.8,631559,36811,41,41,bbr1
1.074,42631,29,23040,30.1,31.9,20.2,242.0,1.9,631559,36814,41,41,bbr1
1.080,42631,29,21600,30.5,33.3,20.2,242.0,2.2,842079,36817,41,41,bbr1
1.087,42631,29,21600,31.0,34.6,20.2,242.0,2.7,842079,36821,41,41,bbr1
1.094,27011,18,21600,31.1,31.5,20.2,242.0,2.1,1052598,36825,41,41,bbr1
1.101,32707,22,21600,30.8,29.1,20.2,242.0,2.1,1052598,36829,41,41,bbr1
1.107,38403,26,24480,30.3,26.9,20.2,242.0,2.6,1052598,36835,41,41,bbr1
1.114,42631,29,25920,29.9,27.0,20.2,242.0,2.8,1052598,36840,41,41,bbr1
1.121,42631,29,27360,29.5,26.9,20.2,242.0,2.8,1052598,36845,41,41,bbr1
1.133,31283,21,24480,29.2,29.3,20.2,242.0,2.1,1052598,36850,41,41,bbr1
1.140,36979,25,25920,29.4,30.7,20.2,242.0,1.9,1052598,36855,41,41,bbr1
1.147,42631,29,28800,29.7,32.0,20.2,242.0,2.1,1052598,36861,41,41,bbr1
1.153,42631,29,30240,30.2,33.3,20.2,242.0,2.5,1052598,36866,41,41,bbr1
1.161,42649,29,31680,30.7,34.5,20.2,242.0,2.9,631887,36871,41,41,bbr1
1.174,31292,21,25920,31.1,32.1,20.2,242.0,2.3,631887,36874,41,41,bbr1
1.181,36988,25,25920,31.5,34.6,20.2,242.0,2.6,631887,36878,41,41,bbr1
1.187,42649,29,24480,32.1,36.0,20.2,242.0,3.0,631887,36881,41,41,bbr1
1.193,42649,29,23040,32.7,37.2,20.2,242.0,3.6,842516,36884,41,41,bbr1
1.199,42649,29,21600,33.3,37.7,20.2,242.0,3.9,842516,36887,41,41,bbr1
1.206,27020,18,21600,33.0,30.3,20.2,242.0,3.7,1053145,36891,41,41,bbr1
1.212,32716,22,21600,32.5,29.4,20.2,242.0,3.7,1053145,36895,41,41,bbr1
1.219,38412,26,24480,31.9,27.3,20.2,242.0,4.0,1053145,36901,41,41,bbr1
1.226,42649,29,25920,31.3,26.9,20.2,242.0,4.3,1053145,36906,41,41,bbr1
1.233,42649,29,27360,30.7,26.9,20.2,242.0,4.3,1053145,36911,41,41,bbr1
1.245,31292,21,24480,30.1,29.3,20.2,242.0,3.4,1053145,36916,41,41,bbr1
1.251,36988,25,25920,30.2,30.6,20.2,242.0,2.6,1053145,36921,41,41,bbr1
1.258,42649,29,28800,30.4,31.9,20.2,242.0,2.4,1053145,36927,41,41,bbr1
1.265,42649,29,30240,30.7,33.2,20.2,242.0,2.5,1053145,36932,41,41,bbr1
1.273,42649,29,31680,31.2,34.5,20.2,242.0,2.8,631887,36937,41,41,bbr1
1.285,32716,22,24535,31.4,32.0,20.2,242.0,2.0,631887,36941,41,41,bbr1
1.292,38412,26,24535,31.9,35.1,20.2,242.0,2.4,842516,36945,41,41,bbr1
1.299,42649,29,24535,32.5,36.4,20.2,242.0,2.9,842516,36949,41,41,bbr1
1.306,42649,29,24535,33.1,37.7,20.2,242.0,3.5,842516,36953,41,41,bbr1
1.312,42649,29,24535,33.6,37.2,20.2,242.0,3.6,842516,36957,41,41,bbr1
1.319,42649,29,25920,33.2,30.3,20.2,242.0,3.6,842516,36961,41,41,bbr1
1.324,27020,18,24480,32.9,30.8,20.2,242.0,3.3,1053145,36964,41,41,bbr1
1.331,32716,22,21600,32.6,30.7,20.2,242.0,3.0,1053145,36966,41,41,bbr1
1.338,38412,26,24480,32.4,30.6,20.2,242.0,2.7,1053145,36972,41,41,bbr1
1.345,42649,29,25920,32.2,30.6,20.2,242.0,2.5,1053145,36977,41,41,bbr1
1.352,42649,29,27360,31.9,30.2,20.2,242.0,2.4,1053145,36982,41,41,bbr1
1.363,31292,21,24480,31.0,29.3,20.2,242.0,2.8,1053145,36987,41,41,bbr1
1.370,36988,25,25920,31.0,30.6,20.2,242.0,2.2,1053145,36992,41,41,bbr1
1.377,42649,29,28800,31.1,31.9,20.2,242.0,1.9,1053145,36998,41,41,bbr1
1.384,42649,29,30240,31.4,33.2,20.2,242.0,1.9,1053145,37003,41,41,bbr1
1.392,42649,29,31680,31.8,34.5,20.2,242.0,2.2,631887,37008,41,41,bbr1
1.404,32716,22,24480,32.1,33.7,20.2,242.0,1.8,631887,37011,41,41,bbr1
1.411,38412,26,24480,32.4,34.9,20.2,242.0,2.1,842516,37015,41,41,bbr1
0.007,3072,2,0,33.2,30.5,20.2,242.0,3.0,1053145,37019,42,42,bbr1
0.007,5760,4,0,32.6,28.0,20.2,242.0,3.6,842516,37021,42,42,bbr1
0.033,5760,4,0,31.4,23.0,20.2,242.0,5.1,842516,37026,42,42,bbr1
0.058,5760,4,1440,30.2,22.0,20.2,242.0,6.2,842516,37031,42,42,bbr1
0.064,5760,4,5760,28.9,20.2,20.2,242.0,7.1,842516,37035,42,42,bbr1
0.084,5760,4,1440,27.9,20.3,20.2,242.0,7.5,842516,37036,42,42,bbr1
0.089,5760,4,5760,26.9,20.2,20.2,242.0,7.5,842516,37040,42,42,bbr1
0.109,5760,4,1440,26.1,20.2,20.2,242.0,7.3,842343,37041,42,42,bbr1
0.114,5760,4,5760,26.0,25.3,20.2,242.0,5.7,842343,37045,42,42,bbr1
0.134,5760,4,1440,25.5,21.9,20.2,242.0,5.3,842343,37046,42,42,bbr1
0.140,5760,4,5760,24.8,20.2,20.2,242.0,5.3,842343,37050,42,42,bbr1
0.160,5760,4,1440,24.2,20.2,20.2,242.0,5.1,842343,37051,42,42,bbr1
0.165,5760,4,5760,23.7,20.2,20.2,242.0,4.8,842343,37055,42,42,bbr1
0.185,11456,7,1440,23.5,21.9,20.2,242.0,4.1,842343,37056,42,42,bbr1
0.191,12880,8,5760,23.1,20.3,20.2,242.0,3.9,842343,37060,42,42,bbr1
0.211,18576,12,7200,22.9,21.9,20.2,242.0,3.2,842343,37065,42,42,bbr1
0.216,24272,16,7200,22.6,20.2,20.2,242.0,3.1,842343,37069,42,42,bbr1
0.224,25696,17,12960,22.3,20.3,20.2,242.0,2.9,842343,37074,42,42,bbr1
0.236,31392,21,17280,22.1,20.2,20.2,242.0,2.7,842343,37081,42,42,bbr1
0.242,37088,25,15840,21.8,20.2,20.2,242.0,2.5,842343,37084,42,42,bbr1
0.248,42633,29,15840,21.6,20.3,20.2,242.0,2.3,842343,37088,42,42,bbr1
0.257,42633,29,17280,21.4,20.2,20.2,242.0,2.0,842343,37093,42,42,bbr1
0.262,42550,29,15840,21.3,20.1,20.1,242.0,1.9,1052693,37096,42,42,bbr1
0.270,42550,29,18720,21.1,20.2,20.1,242.0,1.7,1052693,37102,42,42,bbr1
0.277,42550,29,20160,21.0,20.2,20.1,242.0,1.5,1052693,37107,42,42,bbr1
0.282,42156,29,20160,20.9,20.4,20.1,242.0,1.3,1040478,37111,42,42,bbr1
0.290,42886,29,21600,21.0,21.3,20.1,242.0,1.0,1063122,37116,42,42,bbr1
0.296,43435,30,23040,21.2,22.6,20.1,242.0,1.2,1080178,37121,42,42,bbr1
0.302,43630,30,24480,21.5,23.9,20.1,242.0,1.5,1086235,37126,42,42,bbr1
0.309,43630,30,25920,22.0,25.1,20.1,242.0,2.1,1086235,37131,42,42,bbr1
0.316,43630,30,27360,22.5,25.8,20.1,242.0,2.5,1086235,37136,42,42,bbr1
0.322,43630,30,30240,23.1,27.4,20.1,242.0,3.1,1086235,37141,42,42,bbr1
0.328,43630,30,30240,23.8,28.7,20.1,242.0,3.7,1086235,37145,42,42,bbr1
0.334,43630,30,33120,24.5,30.0,20.1,242.0,4.4,1086235,37150,42,42,bbr1
0.340,43630,30,33120,25.4,31.4,20.1,242.0,5.0,651741,37154,42,42,bbr1
0.347,43630,30,31680,26.3,32.9,20.1,242.0,5.6,651741,37157,42,42,bbr1
0.354,43630,30,30240,27.3,34.4,20.1,242.0,6.2,651741,37160,42,42,bbr1
0.361,43932,30,28800,28.4,35.9,20.1,242.0,6.8,657371,37163,42,42,bbr1
0.367,43932,30,27360,29.5,37.2,20.1,242.0,7.3,657371,37166,42,42,bbr1
0.374,43970,30,25920,30.7,38.8,20.1,242.0,7.8,658074,37169,42,42,bbr1
0.380,43970,30,24480,31.7,39.3,20.1,242.0,8.0,877432,37172,42,42,bbr1
0.388,43970,30,25920,32.4,37.3,20.1,242.0,7.4,877432,37177,42,42,bbr1
0.394,43970,30,25920,32.8,35.2,20.1,242.0,6.2,877432,37181,42,42,bbr1
0.401,43970,30,27360,32.9,33.5,20.1,242.0,4.8,877432,37185,42,42,bbr1
0.406,43970,30,25920,32.7,31.8,20.1,242.0,3.9,877432,37188,42,42,bbr1
0.412,27681,19,25920,32.5,30.9,20.1,242.0,3.4,877432,37192,42,42,bbr1
0.419,33377,23,23040,32.3,31.1,20.1,242.0,2.9,877432,37194,42,42,bbr1
0.427,39073,27,25920,32.2,31.1,20.1,242.0,2.5,877432,37200,42,42,bbr1
0.433,43970,30,25920,32.0,31.1,20.1,242.0,2.1,1096790,37204,42,42,bbr1
0.440,43970,30,27360,31.9,31.2,20.1,242.0,1.8,1096790,37209,42,42,bbr1
0.453,33377,23,23040,31.7,30.5,20.1,242.0,1.5,1096790,37214,42,42,bbr1
0.461,39073,27,27360,31.5,30.1,20.1,242.0,1.5,1096790,37221,42,42,bbr1
0.468,43970,30,28800,31.5,31.6,20.1,242.0,1.1,1096790,37226,42,42,bbr1
0.474,43970,30,30240,31.6,32.6,20.1,242.0,1.1,1096790,37231,42,42,bbr1
0.480,43970,30,31680,32.0,34.7,20.1,242.0,1.6,1096790,37236,42,42,bbr1
0.488,43970,30,33120,31.9,31.2,20.1,242.0,1.4,658074,37241,42,42,bbr1
0.499,31953,22,27415,32.2,33.8,20.1,242.0,1.3,658074,37245,42,42,bbr1
0.505,37649,26,27415,32.6,35.4,20.1,242.0,1.8,658074,37249,42,42,bbr1
0.514,43345,30,27415,33.1,36.8,20.1,242.0,2.4,658074,37253,42,42,bbr1
0.521,43970,30,25975,33.8,38.3,20.1,242.0,3.1,658074,37256,42,42,bbr1
0.527,43970,30,24535,34.5,40.0,20.1,242.0,3.9,877432,37259,42,42,bbr1
0.534,27720,19,24480,34.5,33.8,20.1,242.0,3.1,877432,37263,42,42,bbr1
0.538,31992,22,24480,34.5,34.5,20.1,242.0,2.4,877432,37266,42,42,bbr1
0.545,37688,26,24480,34.2,32.6,20.1,242.0,2.2,877432,37270,42,42,bbr1
0.551,43384,30,24480,33.7,30.1,20.1,242.0,2.7,877432,37274,42,42,bbr1
0.559,43970,30,25920,33.2,29.7,20.1,242.0,3.0,877432,37279,42,42,bbr1
0.566,43970,30,27360,32.7,29.3,20.1,242.0,3.2,877432,37283,42,42,bbr1
0.571,27681,19,25920,32.3,29.5,20.1,242.0,3.2,877432,37286,42,42,bbr1
0.576,31953,22,24480,32.1,30.2,20.1,242.0,3.0,877432,37288,42,42,bbr1
0.582,37649,26,24480,31.8,30.4,20.1,242.0,2.6,877432,37292,42,42,bbr1
0.588,43345,30,24480,31.7,30.6,20.1,242.0,2.3,877432,37296,42,42,bbr1
0.596,43970,30,25920,31.6,30.9,20.1,242.0,1.9,1096790,37301,42,42,bbr1
0.602,27681,19,27360,31.5,31.0,20.1,242.0,1.6,1096790,37306,42,42,bbr1
0.609,33377,23,23040,31.3,30.0,20.1,242.0,1.5,1096790,37307,42,42,bbr1
0.617,39073,27,27360,31.2,30.2,20.1,242.0,1.4,1096790,37314,42,42,bbr1
0.623,43970,30,28800,31.1,30.4,20.1,242.0,1.3,1096790,37319,42,42,bbr1
0.630,43970,30,30240,31.1,31.5,20.1,242.0,1.0,1096790,37324,42,42,bbr1
0.636,43970,30,31680,31.4,33.4,20.1,242.0,1.3,1096790,37329,42,42,bbr1
0.644,43970,30,33120,31.4,31.2,20.1,242.0,1.1,658074,37334,42,42,bbr1
0.656,33377,23,25975,31.9,34.2,20.1,242.0,1.5,658074,37338,42,42,bbr1
0.664,39073,27,27415,32.4,35.8,20.1,242.0,2.1,877432,37343,42,42,bbr1
0.671,43970,30,27415,33.0,37.2,20.1,242.0,2.8,877432,37347,42,42,bbr1
0.676,43970,30,25975,33.7,38.8,20.1,242.0,3.6,877432,37350,42,42,bbr1
0.684,43970,30,27415,34.4,39.4,20.1,242.0,4.1,877432,37355,42,42,bbr1
0.691,27720,19,27360,34.1,32.1,20.1,242.0,3.6,877432,37359,42,42,bbr1
0.697,33416,23,23040,33.9,32.3,20.1,242.0,3.2,877432,37360,42,42,bbr1
0.704,39112,27,24480,33.7,32.6,20.1,242.0,2.7,877432,37365,42,42,bbr1
0.710,42631,29,25920,33.6,32.3,20.1,242.0,2.4,844177,37369,42,42,bbr1
0.717,42631,29,25920,33.4,32.4,20.1,242.0,2.1,844177,37373,42,42,bbr1
0.722,42631,29,24480,33.4,33.2,20.1,242.0,1.6,844177,37376,42,42,bbr1
0.729,27011,18,24480,33.0,29.9,20.1,242.0,2.1,844177,37380,42,42,bbr1
0.736,32707,22,21600,32.7,30.7,20.1,242.0,2.1,844177,37382,42,42,bbr1
0.745,38403,26,24480,32.4,30.7,20.1,242.0,2.1,844177,37388,42,42,bbr1
0.749,42631,29,23040,32.2,30.3,20.1,242.0,2.1,1055221,37391,42,42,bbr1
0.757,42631,29,25920,31.9,30.3,20.1,242.0,2.0,1055221,37397,42,42,bbr1
0.768,31283,21,23040,31.0,28.7,20.1,242.0,2.7,1055221,37402,42,42,bbr1
0.775,36979,25,25920,30.7,28.6,20.1,242.0,2.6,1055221,37408,42,42,bbr1
0.782,42631,29,27360,30.6,29.5,20.1,242.0,2.2,1055221,37413,42,42,bbr1
0.789,42631,29,28800,30.6,31.0,20.1,242.0,1.8,1055221,37418,42,42,bbr1
0.795,42631,29,30240,30.8,32.2,20.1,242.0,1.7,1055221,37423,42,42,bbr1
0.803,42639,29,31680,30.8,30.9,20.1,242.0,1.3,633282,37428,42,42,bbr1
0.815,32711,22,24535,31.3,33.5,20.1,242.0,1.7,633282,37432,42,42,bbr1
0.822,38407,26,24535,31.8,34.8,20.1,242.0,2.1,844377,37436,42,42,bbr1
0.829,42639,29,24535,32.3,36.2,20.1,242.0,2.7,844377,37440,42,42,bbr1
0.836,42639,29,24535,33.0,37.5,20.1,242.0,3.3,844377,37444,42,42,bbr1
0.844,42639,29,25975,33.5,37.2,20.1,242.0,3.5,844377,37449,42,42,bbr1
0.850,27054,18,24480,33.3,31.7,20.1,242.0,3.1,844377,37452,42,42,bbr1
0.856,32750,22,21600,32.9,30.6,20.1,242.0,3.0,844377,37454,42,42,bbr1
0.863,38446,26,23040,32.6,30.5,20.1,242.0,2.8,844377,37459,42,42,bbr1
0.870,42639,29,23040,32.4,30.5,20.1,242.0,2.7,844377,37463,42,42,bbr1
0.877,42639,29,23040,32.2,30.7,20.1,242.0,2.4,844377,37467,42,42,bbr1
0.883,27015,18,23040,31.5,27.1,20.1,242.0,3.1,1055471,37471,42,42,bbr1
0.889,31287,21,23040,31.2,28.8,20.1,242.0,3.0,1055471,37474,42,42,bbr1
0.895,36983,25,25920,30.9,28.7,20.1,242.0,2.9,1055471,37480,42,42,bbr1
0.902,42639,29,27360,30.6,28.6,20.1,242.0,2.7,1055471,37485,42,42,bbr1
0.909,42639,29,28800,30.3,28.5,20.1,242.0,2.6,1055471,37490,42,42,bbr1
0.922,32711,22,24535,30.3,30.8,20.1,242.0,1.7,633639,37496,42,42,bbr1
0.929,36983,25,25975,30.5,31.8,20.1,242.0,1.7,633639,37500,42,42,bbr1
0.936,42658,29,24535,30.8,33.1,20.1,242.0,1.9,633639,37503,42,42,bbr1
0.943,42658,29,23095,31.3,34.5,20.1,242.0,2.4,633639,37506,42,42,bbr1
0.949,42658,29,21655,31.8,35.7,20.1,242.0,2.9,844853,37509,42,42,bbr1
0.955,27064,18,20160,31.7,30.5,20.1,242.0,2.5,844853,37512,42,42,bbr1
0.961,32760,22,20160,31.4,29.9,20.1,242.0,2.3,844853,37516,42,42,bbr1
0.968,38456,26,20160,30.9,27.5,20.1,242.0,2.7,844853,37520,42,42,bbr1
0.975,42658,29,20160,30.3,25.8,20.1,242.0,3.3,844853,37524,42,42,bbr1
0.983,42658,29,21600,29.7,25.8,20.1,242.0,3.6,844853,37529,42,42,bbr1
0.988,27025,18,20160,29.2,25.7,20.1,242.0,3.7,1056066,37532,42,42,bbr1
0.995,32721,22,21600,28.8,25.7,20.1,242.0,3.7,1056066,37537,42,42,bbr1
1.003,38417,26,24480,28.4,25.6,20.1,242.0,3.6,1056066,37543,42,42,bbr1
1.010,42658,29,25920,28.0,25.6,20.1,242.0,3.4,1056066,37548,42,42,bbr1
1.017,42658,29,27360,27.8,25.8,20.1,242.0,3.1,1056066,37553,42,42,bbr1
1.023,42658,29,28800,27.7,27.0,20.1,242.0,2.5,1056066,37558,42,42,bbr1
1.030,42658,29,30240,27.8,28.9,20.1,242.0,2.2,1056066,37563,42,42,bbr1
1.038,42658,29,31680,28.1,30.2,20.1,242.0,2.2,633639,37568,42,42,bbr1
1.045,42658,29,30240,28.5,31.5,20.1,242.0,2.5,633639,37571,42,42,bbr1
1.052,42658,29,28800,29.1,32.8,20.1,242.0,3.0,633639,37574,42,42,bbr1
1.058,42658,29,27360,29.7,34.1,20.1,242.0,3.5,633639,37577,42,42,bbr1
1.063,42658,29,24480,30.4,35.4,20.1,242.0,4.0,633639,37579,42,42,bbr1
1.070,42658,29,23040,31.2,36.7,20.1,242.0,4.6,844853,37582,42,42,bbr1
1.078,42658,29,24480,31.8,36.3,20.1,242.0,4.7,844853,37587,42,42,bbr1
1.083,42658,29,23040,32.1,33.9,20.1,242.0,4.1,844853,37590,42,42,bbr1
1.090,42658,29,23040,32.0,31.6,20.1,242.0,3.2,844853,37594,42,42,bbr1
1.097,42658,29,23040,31.7,29.3,20.1,242.0,3.1,844853,37598,42,42,bbr1
1.104,42658,29,23040,31.4,29.2,20.1,242.0,2.9,844853,37602,42,42,bbr1
1.110,42658,29,23040,31.1,29.2,20.1,242.0,2.7,844853,37606,42,42,bbr1
1.117,27025,18,23040,30.9,29.2,20.1,242.0,2.5,844853,37610,42,42,bbr1
1.124,32721,22,21600,30.7,29.2,20.1,242.0,2.3,844853,37613,42,42,bbr1
1.131,38417,26,23040,30.5,29.1,20.1,242.0,2.1,844853,37618,42,42,bbr1
1.138,42658,29,23040,30.3,29.1,20.1,242.0,1.9,1056066,37622,42,42,bbr1
1.145,42658,29,25920,30.1,29.0,20.1,242.0,1.8,1056066,37628,42,42,bbr1
1.152,28449,19,25920,29.7,27.0,20.1,242.0,2.1,1056066,37633,42,42,bbr1
1.160,34145,23,23040,29.6,28.7,20.1,242.0,1.8,1056066,37635,42,42,bbr1
1.166,39841,27,25920,29.5,28.6,20.1,242.0,1.6,1056066,37641,42,42,bbr1
1.173,42658,29,27360,29.6,30.3,20.1,242.0,1.4,1056066,37646,42,42,bbr1
1.180,42658,29,28800,29.8,31.6,20.1,242.0,1.6,1056066,37651,42,42,bbr1
1.187,42658,29,30240,30.2,33.0,20.1,242.0,1.9,1056066,37656,42,42,bbr1
1.195,42658,29,31680,30.3,31.0,20.1,242.0,1.6,633639,37661,42,42,bbr1
1.207,32721,22,24480,30.9,33.6,20.1,242.0,2.1,633639,37664,42,42,bbr1
1.214,38417,26,24480,31.5,35.0,20.1,242.0,2.6,844853,37668,42,42,bbr1
1.220,42658,29,24480,32.1,36.2,20.1,242.0,3.1,844853,37672,42,42,bbr1
1.227,42658,29,24480,32.7,37.5,20.1,242.0,3.7,844853,37676,42,42,bbr1
1.234,42658,29,24480,33.3,37.1,20.1,242.0,3.9,844853,37680,42,42,bbr1
1.241,42658,29,25920,32.9,30.4,20.1,242.0,3.6,844853,37684,42,42,bbr1
1.247,27025,18,25920,32.7,30.9,20.1,242.0,3.2,844853,37688,42,42,bbr1
1.253,32721,22,21600,32.4,30.9,20.1,242.0,2.9,844853,37689,42,42,bbr1
1.259,38417,26,23040,32.2,30.8,20.1,242.0,2.6,843701,37694,42,42,bbr1
1.266,42612,29,23040,32.0,30.7,20.1,242.0,2.3,843701,37698,42,42,bbr1
1.273,42612,29,23040,31.9,30.8,20.1,242.0,2.0,843701,37702,42,42,bbr1
1.280,27002,18,23040,31.3,27.0,20.1,242.0,2.8,843701,37706,42,42,bbr1
1.285,31274,21,23040,30.9,28.7,20.1,242.0,2.7,843701,37709,42,42,bbr1
1.292,36970,25,23040,30.7,28.7,20.1,242.0,2.6,843701,37713,42,42,bbr1
1.299,42612,29,23040,30.4,28.6,20.1,242.0,2.5,843701,37717,42,42,bbr1
1.305,42612,29,23040,30.2,28.5,20.1,242.0,2.3,1054626,37721,42,42,bbr1
1.312,42612,29,24480,30.0,28.5,20.1,242.0,2.2,1054626,37726,42,42,bbr1
1.319,27002,18,25920,29.7,27.9,20.1,242.0,2.1,1054626,37731,42,42,bbr1
1.325,32698,22,21600,29.5,27.9,20.1,242.0,2.0,1054626,37732,42,42,bbr1
1.332,38394,26,24480,29.3,27.9,20.1,242.0,1.9,1054626,37738,42,42,bbr1
1.339,42612,29,25920,29.3,29.6,20.1,242.0,1.5,1054626,37743,42,42,bbr1
1.346,42612,29,27360,29.5,30.9,20.1,242.0,1.5,1054626,37748,42,42,bbr1
1.353,42612,29,30240,29.8,31.9,20.1,242.0,1.7,1054626,37753,42,42,bbr1
1.359,42612,29,30240,29.8,29.4,20.1,242.0,1.4,632775,37757,42,42,bbr1
1.371,32698,22,23040,30.1,32.0,20.1,242.0,1.5,632775,37760,42,42,bbr1
1.378,38394,26,23040,30.5,33.3,20.1,242.0,1.9,843701,37764,42,42,bbr1
1.385,42612,29,23040,31.1,34.6,20.1,242.0,2.5,843701,37768,42,42,bbr1
1.392,43882,30,23040,31.7,36.0,20.1,242.0,3.1,875230,37772,42,42,bbr1
1.398,43882,30,23040,32.0,34.5,20.1,242.0,3.0,875230,37776,42,42,bbr1
1.406,27637,19,24480,31.7,29.2,20.1,242.0,3.0,875230,37781,42,42,bbr1
1.412,33333,23,23040,31.4,29.1,20.1,242.0,2.9,875230,37784,42,42,bbr1
1.419,39029,27,24480,31.1,29.1,20.1,242.0,2.7,875230,37789,42,42,bbr1
1.426,43882,30,24480,30.8,29.3,20.1,242.0,2.5,875230,37793,42,42,bbr1
1.432,43882,30,24480,30.7,29.5,20.1,242.0,2.2,875230,37797,42,42,bbr1
1.440,43882,30,25920,30.5,29.2,20.1,242.0,2.0,875230,37802,42,42,bbr1
1.446,27637,19,24480,30.4,29.8,20.1,242.0,1.7,875230,37805,42,42,bbr1
1.453,33333,23,23040,30.4,30.1,20.1,242.0,1.3,875230,37808,42,42,bbr1
1.461,39029,27,25920,30.4,30.3,20.1,242.0,1.0,875230,37814,42,42,bbr1
1.467,43882,30,25920,30.4,30.4,20.1,242.0,0.8,875230,37818,42,42,bbr1
1.473,43882,30,24480,30.3,30.2,20.1,242.0,0.6,875230,37821,42,42,bbr1
1.481,27637,19,25920,30.3,30.4,20.1,242.0,0.5,1094037,37826,42,42,bbr1
1.486,33333,23,23040,30.4,30.4,20.1,242.0,0.4,1094037,37828,42,42,bbr1
1.494,39029,27,27360,30.4,30.6,20.1,242.0,0.3,1094037,37835,42,42,bbr1
1.501,43882,30,28800,30.4,30.4,20.1,242.0,0.3,1094037,37840,42,42,bbr1
1.508,43882,30,30240,30.4,30.5,20.1,242.0,0.2,1094037,37845,42,42,bbr1
1.519,31909,22,27360,30.5,30.8,20.1,242.0,0.3,656422,37850,42,42,bbr1
1.526,37605,26,27360,30.7,32.3,20.1,242.0,0.7,656422,37854,42,42,bbr1
1.533,43301,30,25920,31.1,33.8,20.1,242.0,1.3,656422,37857,42,42,bbr1
1.539,43882,30,24480,31.6,35.3,20.1,242.0,2.0,656422,37860,42,42,bbr1
1.546,43882,30,23040,32.3,36.8,20.1,242.0,2.8,875230,37863,42,42,bbr1
1.552,27637,19,23040,32.3,32.8,20.1,242.0,2.2,875230,37867,42,42,bbr1
1.559,31909,22,24480,32.5,33.5,20.1,242.0,2.0,875230,37871,42,42,bbr1
1.565,37605,26,24480,32.4,31.5,20.1,242.0,1.7,875230,37875,42,42,bbr1
1.572,43301,30,24480,32.0,29.5,20.1,242.0,2.0,875230,37879,42,42,bbr1
1.578,43882,30,24480,31.6,28.7,20.1,242.0,2.3,875230,37883,42,42,bbr1
1.585,27637,19,24480,31.3,28.9,20.1,242.0,2.4,875230,37887,42,42,bbr1
1.591,33333,23,23040,31.0,29.1,20.1,242.0,2.3,875230,37890,42,42,bbr1
1.600,39029,27,25920,30.8,29.3,20.1,242.0,2.2,875230,37896,42,42,bbr1
1.605,43882,30,24480,30.6,29.5,20.1,242.0,2.0,875230,37899,42,42,bbr1
1.613,43882,30,25920,30.6,30.3,20.1,242.0,1.6,875230,37904,42,42,bbr1
1.620,27637,19,25920,30.5,30.4,20.1,242.0,1.2,1094037,37908,42,42,bbr1
1.625,33333,23,23040,30.5,30.4,20.1,242.0,0.9,1094037,37910,42,42,bbr1
1.633,39029,27,27360,30.5,30.2,20.1,242.0,0.8,1094037,37917,42,42,bbr1
1.640,43882,30,28800,30.5,30.4,20.1,242.0,0.6,1094037,37922,42,42,bbr1
1.647,43882,30,30240,30.5,31.0,20.1,242.0,0.6,1094037,37927,42,42,bbr1
0.006,43882,30,0,31.5,23.4,20.1,242.0,4.6,1094037,37932,42,42,bbr1
0.008,43882,30,0,30.9,26.7,20.1,242.0,4.6,1094037,37934,42,42,bbr1
0.035,43882,30,25920,30.0,23.8,20.1,242.0,5.2,1094037,37957,42,42,bbr1
0.041,43882,30,27360,29.4,25.3,20.1,242.0,5.1,1094037,37962,42,42,bbr1
0.048,43882,30,28800,29.1,27.0,20.1,242.0,4.4,1094037,37967,42,42,bbr1
0.055,43882,30,30240,29.0,28.4,20.1,242.0,3.5,1094037,37972,42,42,bbr1
0.061,43882,30,33120,29.1,29.5,20.1,242.0,2.7,1094037,37977,42,42,bbr1
0.067,43882,30,33120,29.3,30.9,20.1,242.0,2.5,656422,37981,42,42,bbr1
0.074,43882,30,31680,29.7,32.4,20.1,242.0,2.7,656422,37984,42,42,bbr1
0.081,43882,30,30240,30.2,33.8,20.1,242.0,3.0,656422,37987,42,42,bbr1
0.087,43882,30,28800,30.9,35.4,20.1,242.0,3.6,656422,37990,42,42,bbr1
0.094,43882,30,27360,31.6,37.0,20.1,242.0,4.2,656422,37993,42,42,bbr1
0.101,44120,30,25920,32.5,38.4,20.1,242.0,4.8,660856,37996,42,42,bbr1
0.107,44120,30,24480,33.3,39.1,20.1,242.0,5.3,881142,37999,42,42,bbr1
0.114,44120,30,25920,33.8,37.2,20.1,242.0,4.9,881142,38004,42,42,bbr1
0.121,44120,30,25920,33.9,35.1,20.1,242.0,4.0,881142,38008,42,42,bbr1
0.128,44120,30,27360,33.9,33.6,20.1,242.0,3.1,881142,38012,42,42,bbr1
0.133,44120,30,25920,33.5,31.1,20.1,242.0,3.0,881142,38015,42,42,bbr1
0.139,44120,30,25920,33.2,30.8,20.1,242.0,3.0,881142,38019,42,42,bbr1
0.145,27756,19,25920,32.9,31.0,20.1,242.0,2.8,881142,38023,42,42,bbr1
0.152,33452,23,23040,32.7,31.1,20.1,242.0,2.5,881142,38025,42,42,bbr1
0.160,39148,27,25920,32.5,31.1,20.1,242.0,2.3,881142,38031,42,42,bbr1
0.166,44120,30,24480,32.4,31.7,20.1,242.0,1.9,881142,38034,42,42,bbr1
0.174,44120,30,25920,32.3,31.4,20.1,242.0,1.7,881142,38039,42,42,bbr1
0.180,27756,19,25920,32.2,31.7,20.1,242.0,1.4,1101427,38043,42,42,bbr1
0.186,33452,23,23040,32.0,30.5,20.1,242.0,1.5,1101427,38045,42,42,bbr1
0.194,39148,27,27360,31.8,30.3,20.1,242.0,1.5,1101427,38052,42,42,bbr1
0.201,44120,30,28800,31.6,30.6,20.1,242.0,1.4,1101427,38057,42,42,bbr1
0.207,44120,30,30240,31.6,31.3,20.1,242.0,1.2,1101427,38062,42,42,bbr1
0.220,33452,23,25920,31.6,31.1,20.1,242.0,0.9,660856,38067,42,42,bbr1
0.229,39148,27,27360,31.7,32.7,20.1,242.0,1.0,660856,38072,42,42,bbr1
0.236,44120,30,25920,32.0,34.2,20.1,242.0,1.3,660856,38075,42,42,bbr1
0.242,44120,30,24480,32.5,35.8,20.1,242.0,1.9,881142,38078,42,42,bbr1
0.248,44120,30,24480,33.1,37.2,20.1,242.0,2.6,881142,38082,42,42,bbr1
0.254,27756,19,24480,33.0,32.1,20.1,242.0,2.2,881142,38086,42,42,bbr1
0.261,33452,23,23040,32.8,31.7,20.1,242.0,2.0,881142,38089,42,42,bbr1
0.267,39148,27,24480,32.4,29.5,20.1,242.0,2.3,881142,38094,42,42,bbr1
0.276,44120,30,25920,32.0,29.0,20.1,242.0,2.6,881142,38099,42,42,bbr1
0.281,44120,30,24480,31.6,29.3,20.1,242.0,2.6,881142,38102,42,42,bbr1
0.289,27756,19,25920,31.4,30.0,20.1,242.0,2.4,881142,38107,42,42,bbr1
0.295,33452,23,23040,31.3,30.3,20.1,242.0,2.1,881142,38109,42,42,bbr1
0.303,39148,27,25920,31.2,30.6,20.1,242.0,1.7,881142,38115,42,42,bbr1
0.309,44120,30,25920,31.1,30.5,20.1,242.0,1.5,881142,38119,42,42,bbr1
0.316,44120,30,25920,31.1,30.7,20.1,242.0,1.2,881142,38123,42,42,bbr1
0.322,27756,19,25920,31.1,31.4,20.1,242.0,1.0,1101427,38127,42,42,bbr1
0.329,33452,23,23040,31.0,30.6,20.1,242.0,0.9,1101427,38129,42,42,bbr1
0.337,39148,27,27360,31.0,30.4,20.1,242.0,0.8,1101427,38136,42,42,bbr1
0.343,44120,30,28800,31.0,31.1,20.1,242.0,0.6,1101427,38141,42,42,bbr1
0.350,44120,30,30240,31.0,31.2,20.1,242.0,0.5,1101427,38146,42,42,bbr1
0.362,33452,23,25920,31.1,30.9,20.1,242.0,0.6,660856,38151,42,42,bbr1
0.371,39148,27,27360,31.3,32.4,20.1,242.0,0.7,660856,38156,42,42,bbr1
0.378,44120,30,25920,31.6,34.0,20.1,242.0,1.3,660856,38159,42,42,bbr1
0.384,44120,30,24480,32.1,35.6,20.1,242.0,1.9,881142,38162,42,42,bbr1
0.390,44120,30,24480,32.7,37.1,20.1,242.0,2.7,881142,38166,42,42,bbr1
0.397,44120,30,24480,32.7,32.1,20.1,242.0,2.2,881142,38170,42,42,bbr1
0.403,27756,19,24480,32.5,31.8,20.1,242.0,1.8,881142,38174,42,42,bbr1
0.410,33452,23,23040,32.2,29.7,20.1,242.0,2.1,881142,38177,42,42,bbr1
0.418,39148,27,25920,31.8,29.2,20.1,242.0,2.3,881142,38183,42,42,bbr1
0.423,42787,29,24480,31.5,29.4,20.1,242.0,2.4,848048,38186,42,42,bbr1
0.430,42787,29,24480,31.3,30.1,20.1,242.0,2.1,848048,38190,42,42,bbr1
0.438,42787,29,25920,31.2,30.4,20.1,242.0,1.8,848048,38195,42,42,bbr1
0.444,27089,18,24480,31.1,30.5,20.1,242.0,1.5,848048,38198,42,42,bbr1
0.451,32785,22,21600,31.0,30.3,20.1,242.0,1.4,848048,38200,42,42,bbr1
0.458,38481,26,23040,30.9,30.4,20.1,242.0,1.2,848048,38205,42,42,bbr1
0.464,42787,29,23040,30.9,30.4,20.1,242.0,1.0,848048,38209,42,42,bbr1
0.471,42787,29,23040,30.9,30.7,20.1,242.0,0.8,848048,38213,42,42,bbr1
0.478,42787,29,23040,30.3,26.7,20.1,242.0,1.6,848048,38217,42,42,bbr1
0.483,25665,17,23040,30.1,28.4,20.1,242.0,1.7,848048,38220,42,42,bbr1
0.489,31361,21,20160,29.9,28.4,20.1,242.0,1.7,848048,38222,42,42,bbr1
0.496,37057,25,21600,29.7,28.3,20.1,242.0,1.7,848048,38227,42,42,bbr1
0.503,42753,29,21600,29.5,27.9,20.1,242.0,1.7,1060060,38231,42,42,bbr1
0.511,42787,29,25920,29.2,27.8,20.1,242.0,1.7,1060060,38237,42,42,bbr1
0.515,28513,19,23040,28.7,25.2,20.1,242.0,2.3,1060060,38240,42,42,bbr1
0.523,34209,23,23040,28.5,26.9,20.1,242.0,2.2,1060060,38244,42,42,bbr1
0.530,39905,27,25920,28.3,27.0,20.1,242.0,2.0,1060060,38250,42,42,bbr1
0.537,42787,29,27360,28.3,28.5,20.1,242.0,1.6,1060060,38255,42,42,bbr1
0.543,44181,30,28800,28.5,29.9,20.1,242.0,1.6,1103337,38260,42,42,bbr1
0.551,44181,30,31680,28.9,31.2,20.1,242.0,1.9,1103337,38266,42,42,bbr1
0.559,44181,30,33120,29.2,31.1,20.1,242.0,1.9,662002,38271,42,42,bbr1
0.569,32058,22,27415,30.0,33.5,20.1,242.0,2.6,662002,38275,42,42,bbr1
0.576,37754,26,27415,30.6,34.8,20.1,242.0,3.2,662002,38279,42,42,bbr1
0.584,43450,30,27415,31.3,36.3,20.1,242.0,3.8,662002,38283,42,42,bbr1
0.591,44181,30,25975,32.1,37.9,20.1,242.0,4.5,662002,38286,42,42,bbr1
0.597,44181,30,24535,33.1,39.5,20.1,242.0,5.2,882670,38289,42,42,bbr1
0.603,26401,18,25920,33.6,37.5,20.1,242.0,5.0,882670,38293,42,42,bbr1
0.608,32097,22,21600,33.7,34.4,20.1,242.0,4.0,882670,38294,42,42,bbr1
0.615,37793,26,23040,33.6,32.5,20.1,242.0,3.3,882670,38299,42,42,bbr1
0.622,43489,30,23040,33.1,30.2,20.1,242.0,3.3,882670,38303,42,42,bbr1
0.629,44181,30,24480,32.7,29.8,20.1,242.0,3.3,882670,38308,42,42,bbr1
0.636,44181,30,24480,32.0,27.0,20.1,242.0,3.9,882670,38312,42,42,bbr1
0.641,26362,18,24480,31.6,28.7,20.1,242.0,3.8,882670,38315,42,42,bbr1
0.647,32058,22,21600,31.2,28.6,20.1,242.0,3.6,882670,38317,42,42,bbr1
0.655,37754,26,24480,30.9,28.7,20.1,242.0,3.3,882670,38323,42,42,bbr1
0.662,43450,30,24480,30.7,29.5,20.1,242.0,2.8,882670,38327,42,42,bbr1
0.668,44181,30,24480,30.6,29.8,20.1,242.0,2.4,882670,38331,42,42,bbr1
0.675,44181,30,24480,30.2,27.0,20.1,242.0,2.7,882670,38335,42,42,bbr1
0.679,26362,18,24480,30.0,28.8,20.1,242.0,2.4,1103337,38338,42,42,bbr1
0.686,32058,22,21600,29.8,28.6,20.1,242.0,2.1,1103337,38340,42,42,bbr1
0.694,37754,26,25920,29.7,28.8,20.1,242.0,1.8,1103337,38347,42,42,bbr1
0.701,43450,30,27360,29.6,29.0,20.1,242.0,1.6,1103337,38352,42,42,bbr1
0.707,44181,30,28800,29.6,29.9,20.1,242.0,1.2,1103337,38357,42,42,bbr1
0.713,44181,30,30240,29.3,27.0,20.1,242.0,1.6,1103337,38362,42,42,bbr1
0.725,32058,22,25975,29.5,31.0,20.1,242.0,1.4,662002,38367,42,42,bbr1
0.732,37754,26,25975,29.9,32.5,20.1,242.0,1.8,662002,38371,42,42,bbr1
0.741,43450,30,25975,30.7,36.2,20.1,242.0,2.9,662002,38375,42,42,bbr1
0.746,44181,30,24535,31.3,35.3,20.1,242.0,3.3,882670,38378,42,42,bbr1
0.753,44181,30,24535,32.0,37.2,20.1,242.0,4.0,882670,38382,42,42,bbr1
0.760,44181,30,24480,32.0,32.0,20.1,242.0,3.0,882670,38386,42,42,bbr1
0.766,27786,19,24480,32.0,31.8,20.1,242.0,2.3,882670,38390,42,42,bbr1
0.772,33482,23,23040,31.7,29.5,20.1,242.0,2.4,882670,38393,42,42,bbr1
0.779,39178,27,24480,31.4,29.6,20.1,242.0,2.3,882670,38398,42,42,bbr1
0.786,44181,30,24480,31.1,29.3,20.1,242.0,2.2,882670,38402,42,42,bbr1
0.794,44181,30,25920,31.0,29.7,20.1,242.0,2.0,882670,38407,42,42,bbr1
0.801,27786,19,25920,30.9,30.2,20.1,242.0,1.7,882670,38411,42,42,bbr1
0.806,33482,23,23040,30.7,30.0,20.1,242.0,1.5,882670,38413,42,42,bbr1
0.814,39178,27,25920,30.7,30.3,20.1,242.0,1.3,882670,38419,42,42,bbr1
0.820,44181,30,24480,30.7,31.0,20.1,242.0,1.0,1103337,38422,42,42,bbr1
0.827,44181,30,27360,30.8,31.2,20.1,242.0,0.9,1103337,38428,42,42,bbr1
0.840,33482,23,23040,30.8,30.4,20.1,242.0,0.8,1103337,38433,42,42,bbr1
0.848,39178,27,27360,30.7,30.2,20.1,242.0,0.7,1103337,38440,42,42,bbr1
0.855,42729,29,28800,30.8,31.5,20.1,242.0,0.7,1058265,38445,42,42,bbr1
0.862,42729,29,30240,31.2,33.5,20.1,242.0,1.2,1058265,38450,42,42,bbr1
0.869,42729,29,31680,31.7,35.1,20.1,242.0,1.9,634959,38455,42,42,bbr1
0.881,32756,22,24480,31.7,32.7,20.1,242.0,1.4,634959,38458,42,42,bbr1
0.888,38452,26,24480,32.1,34.3,20.1,242.0,1.7,846612,38462,42,42,bbr1
0.896,42729,29,25920,32.5,35.7,20.1,242.0,2.2,846612,38467,42,42,bbr1
0.901,42729,29,25920,33.0,36.8,20.1,242.0,2.7,846612,38470,42,42,bbr1
0.907,42729,29,25920,33.5,36.8,20.1,242.0,3.0,846612,38474,42,42,bbr1
0.914,27060,18,25920,33.1,30.6,20.1,242.0,3.0,846612,38478,42,42,bbr1
0.920,32756,22,21600,32.9,30.9,20.1,242.0,2.8,846612,38479,42,42,bbr1
0.927,38452,26,23040,32.6,30.8,20.1,242.0,2.6,846612,38484,42,42,bbr1
0.933,42729,29,23040,32.4,30.8,20.1,242.0,2.4,846612,38488,42,42,bbr1
0.940,42729,29,23040,32.1,30.4,20.1,242.0,2.3,846612,38492,42,42,bbr1
0.947,27060,18,23040,31.5,27.1,20.1,242.0,3.0,846612,38496,42,42,bbr1
0.953,31332,21,23040,31.2,28.8,20.1,242.0,2.9,846612,38499,42,42,bbr1
0.959,37028,25,23040,30.9,28.8,20.1,242.0,2.8,846612,38503,42,42,bbr1
0.966,42724,29,23040,30.6,28.6,20.1,242.0,2.6,846612,38507,42,42,bbr1
0.973,42729,29,23040,30.3,28.0,20.1,242.0,2.6,846612,38511,42,42,bbr1
0.979,27060,18,23040,30.0,28.0,20.1,242.0,2.5,1058265,38515,42,42,bbr1
0.986,32756,22,21600,29.8,28.4,20.1,242.0,2.3,1058265,38518,42,42,bbr1
0.993,37028,25,25920,29.6,28.4,20.1,242.0,2.1,1058265,38524,42,42,bbr1
0.998,42724,29,25920,29.4,28.0,20.1,242.0,2.0,1058265,38528,42,42,bbr1
1.005,42729,29,27360,29.3,28.4,20.1,242.0,1.7,1058265,38533,42,42,bbr1
1.018,32756,22,23040,29.3,29.3,20.1,242.0,1.0,1058265,38538,42,42,bbr1
1.025,38452,26,25920,29.5,30.6,20.1,242.0,1.1,1105863,38544,42,42,bbr1
1.033,44148,30,28800,29.8,32.0,20.1,242.0,1.4,1105863,38550,42,42,bbr1
1.039,44262,30,30240,30.2,33.3,20.1,242.0,2.0,1105863,38555,42,42,bbr1
1.045,44262,30,31680,30.8,34.7,20.1,242.0,2.6,1105863,38560,42,42,bbr1
1.053,44262,30,33120,30.8,31.1,20.1,242.0,2.0,663518,38565,42,42,bbr1
1.065,33523,23,25920,31.4,34.1,20.1,242.0,2.2,663518,38568,42,42,bbr1
1.074,39219,27,27360,32.0,35.8,20.1,242.0,2.8,884691,38573,42,42,bbr1
1.079,44262,30,25920,32.6,37.3,20.1,242.0,3.4,884691,38576,42,42,bbr1
1.087,44262,30,27360,33.4,38.8,20.1,242.0,4.1,884691,38581,42,42,bbr1
1.094,44262,30,27360,34.2,39.5,20.1,242.0,4.6,884691,38585,42,42,bbr1
1.100,27827,19,27360,33.9,32.1,20.1,242.0,4.0,884691,38589,42,42,bbr1
1.106,33523,23,23040,33.7,32.4,20.1,242.0,3.4,884691,38590,42,42,bbr1
1.114,39219,27,25920,33.6,32.6,20.1,242.0,2.8,884691,38596,42,42,bbr1
1.121,44262,30,25920,33.5,32.8,20.1,242.0,2.3,884691,38600,42,42,bbr1
1.127,44262,30,25920,33.4,32.8,20.1,242.0,1.9,884691,38604,42,42,bbr1
1.134,44262,30,25920,33.4,33.4,20.1,242.0,1.4,884691,38608,42,42,bbr1
1.140,27827,19,25920,33.0,30.4,20.1,242.0,1.8,1105863,38612,42,42,bbr1
1.147,32099,22,24480,32.7,30.6,20.1,242.0,2.0,1105863,38614,42,42,bbr1
1.152,37795,26,25920,32.5,30.9,20.1,242.0,1.9,1105863,38619,42,42,bbr1
1.160,43491,30,28800,32.3,31.0,20.1,242.0,1.8,1105863,38625,42,42,bbr1
1.166,44262,30,31680,32.2,31.4,20.1,242.0,1.6,1105863,38630,42,42,bbr1
1.173,44262,30,31680,32.1,31.5,20.1,242.0,1.4,663518,38634,42,42,bbr1
1.184,33523,23,24480,31.7,32.1,20.1,242.0,1.5,663518,38637,42,42,bbr1
1.192,39219,27,25920,32.0,33.6,20.1,242.0,1.6,884691,38642,42,42,bbr1
1.197,43491,30,25920,32.3,34.8,20.1,242.0,1.9,884691,38645,42,42,bbr1
1.204,44262,30,25920,32.8,36.1,20.1,242.0,2.4,884691,38649,42,42,bbr1
1.210,44262,30,25920,33.3,36.8,20.1,242.0,2.8,884691,38653,42,42,bbr1
1.217,27827,19,25920,32.9,30.3,20.1,242.0,2.8,884691,38657,42,42,bbr1
1.223,33523,23,23040,32.6,30.6,20.1,242.0,2.7,884691,38659,42,42,bbr1
1.231,39219,27,25920,32.4,30.9,20.1,242.0,2.5,884691,38665,42,42,bbr1
1.236,43491,30,25920,32.2,31.0,20.1,242.0,2.2,884691,38668,42,42,bbr1
1.243,44262,30,25920,32.1,31.0,20.1,242.0,1.9,884691,38672,42,42,bbr1
1.249,27827,19,25920,32.0,31.7,20.1,242.0,1.6,1105863,38676,42,42,bbr1
1.255,33523,23,23040,31.8,29.9,20.1,242.0,1.7,1105863,38678,42,42,bbr1
1.263,39219,27,27360,31.6,30.8,20.1,242.0,1.5,1105863,38685,42,42,bbr1
1.270,44262,30,28800,31.6,31.0,20.1,242.0,1.3,1105863,38690,42,42,bbr1
1.276,44262,30,31680,31.5,30.9,20.1,242.0,1.2,1105863,38695,42,42,bbr1
1.287,33523,23,25920,31.4,30.9,20.1,242.0,0.9,663518,38699,42,42,bbr1
1.296,39219,27,27360,31.6,32.5,20.1,242.0,0.9,663518,38704,42,42,bbr1
1.303,44262,30,25920,31.9,34.0,20.1,242.0,1.3,663518,38707,42,42,bbr1
1.309,44262,30,24480,32.3,35.5,20.1,242.0,1.9,884691,38710,42,42,bbr1
1.316,44262,30,24480,32.9,36.8,20.1,242.0,2.5,884691,38714,42,42,bbr1
1.321,44262,30,24480,32.8,32.1,20.1,242.0,2.1,884691,38718,42,42,bbr1
1.328,27827,19,24480,32.7,31.8,20.1,242.0,1.8,884691,38722,42,42,bbr1
1.335,33523,23,23040,32.3,29.5,20.1,242.0,2.1,884691,38725,42,42,bbr1
1.343,39219,27,25920,31.9,29.2,20.1,242.0,2.4,884691,38731,42,42,bbr1
0.008,39751,27,0,30.0,22.5,20.1,242.0,3.2,1105863,38735,42,42,bbr1
0.007,42329,29,0,29.9,29.4,20.1,242.0,2.5,1105863,38737,42,42,bbr1
0.033,44262,30,25920,29.2,23.9,20.1,242.0,3.4,1105863,38760,42,42,bbr1
0.039,44262,30,27360,28.7,25.5,20.1,242.0,3.5,1105863,38765,42,42,bbr1
0.046,44262,30,28800,28.5,27.0,20.1,242.0,3.0,1105863,38770,42,42,bbr1
0.052,44262,30,30240,28.5,28.5,20.1,242.0,2.3,1105863,38775,42,42,bbr1
0.060,44262,30,33120,28.7,30.0,20.1,242.0,2.1,1105863,38781,42,42,bbr1
0.068,44262,30,34560,29.0,31.5,20.1,242.0,2.3,663518,38786,42,42,bbr1
0.074,44262,30,33120,29.6,33.2,20.1,242.0,2.8,663518,38789,42,42,bbr1
0.081,44262,30,31680,30.2,34.7,20.1,242.0,3.3,663518,38792,42,42,bbr1
0.087,44262,30,30240,31.0,36.3,20.1,242.0,4.0,663518,38795,42,42,bbr1
0.094,44262,30,28800,31.8,37.8,20.1,242.0,4.7,663518,38798,42,42,bbr1
0.101,44262,30,27360,32.8,39.4,20.1,242.0,5.4,663518,38801,42,42,bbr1
0.107,44262,30,25920,33.8,41.0,20.1,242.0,6.1,663518,38804,42,42,bbr1
0.115,44066,30,25920,34.5,39.2,20.1,242.0,5.9,879815,38808,42,42,bbr1
0.120,44066,30,24480,34.8,37.2,20.1,242.0,5.1,879815,38811,42,42,bbr1
0.127,44066,30,24480,34.8,35.2,20.1,242.0,3.9,879815,38815,42,42,bbr1
0.135,44066,30,25920,34.6,32.9,20.1,242.0,3.4,879815,38820,42,42,bbr1
0.141,27729,19,25920,34.2,31.7,20.1,242.0,3.3,879815,38824,42,42,bbr1
0.147,33425,23,23040,33.7,30.2,20.1,242.0,3.5,879815,38826,42,42,bbr1
0.154,39121,27,24480,33.3,30.4,20.1,242.0,3.4,879815,38831,42,42,bbr1
0.162,44066,30,25920,33.0,31.0,20.1,242.0,3.2,879815,38836,42,42,bbr1
0.169,44066,30,25920,32.8,30.9,20.1,242.0,2.9,879815,38840,42,42,bbr1
0.175,27729,19,25920,32.6,31.5,20.1,242.0,2.5,879815,38844,42,42,bbr1
0.181,33425,23,23040,32.2,29.7,20.1,242.0,2.6,879815,38846,42,42,bbr1
0.188,39121,27,24480,32.0,30.4,20.1,242.0,2.4,879815,38851,42,42,bbr1
0.196,44066,30,25920,31.8,30.1,20.1,242.0,2.3,1099768,38856,42,42,bbr1
0.202,44066,30,27360,31.6,30.4,20.1,242.0,2.0,1099768,38861,42,42,bbr1
0.215,33425,23,23040,31.4,30.6,20.1,242.0,1.5,1099768,38866,42,42,bbr1
0.222,39121,27,25920,31.3,30.7,20.1,242.0,1.3,1099768,38872,42,42,bbr1
0.229,44066,30,27360,31.3,31.7,20.1,242.0,1.1,1099768,38877,42,42,bbr1
0.236,44066,30,28800,31.5,33.0,20.1,242.0,1.2,1099768,38882,42,42,bbr1
0.243,44066,30,31680,31.9,34.7,20.1,242.0,1.7,1099768,38888,42,42,bbr1
0.250,43821,30,33120,31.8,30.8,20.1,242.0,1.6,655298,38893,42,42,bbr1
0.263,33302,23,25920,32.1,33.5,20.1,242.0,1.4,655298,38896,42,42,bbr1
0.269,38998,27,25920,32.4,35.1,20.1,242.0,1.8,873731,38900,42,42,bbr1
0.277,43270,30,28800,33.0,36.6,20.1,242.0,2.4,873731,38905,42,42,bbr1
0.282,43821,30,27360,33.6,38.1,20.1,242.0,3.1,873731,38908,42,42,bbr1
0.289,43821,30,27360,34.4,39.6,20.1,242.0,3.8,873731,38912,42,42,bbr1
0.295,29030,20,25920,34.0,31.9,20.1,242.0,3.5,873731,38916,42,42,bbr1
0.303,34726,24,24480,33.8,32.4,20.1,242.0,3.0,873731,38919,42,42,bbr1
0.312,40422,28,27360,33.7,32.7,20.1,242.0,2.5,873731,38925,42,42,bbr1
0.317,43821,30,25920,33.6,33.0,20.1,242.0,2.1,873731,38928,42,42,bbr1
0.323,43821,30,25920,33.6,33.1,20.1,242.0,1.7,873731,38932,42,42,bbr1
0.331,27606,19,27360,33.5,32.8,20.1,242.0,1.4,873731,38937,42,42,bbr1
0.337,33302,23,23040,33.2,31.6,20.1,242.0,1.6,873731,38938,42,42,bbr1
0.345,38998,27,25920,33.0,31.7,20.1,242.0,1.5,873731,38944,42,42,bbr1
0.350,43821,30,24480,33.0,32.5,20.1,242.0,1.3,1092163,38947,42,42,bbr1
0.358,43821,30,27360,32.9,32.7,20.1,242.0,1.0,1092163,38953,42,42,bbr1
0.371,33302,23,23040,32.6,30.5,20.1,242.0,1.2,1092163,38958,42,42,bbr1
0.379,38998,27,27360,32.3,30.2,20.1,242.0,1.5,1092163,38965,42,42,bbr1
0.385,43821,30,28800,32.2,31.6,20.1,242.0,1.3,1092163,38970,42,42,bbr1
0.392,43821,30,30240,32.4,33.3,20.1,242.0,1.2,1092163,38975,42,42,bbr1
0.399,43821,30,31680,32.7,34.9,20.1,242.0,1.6,1092163,38980,42,42,bbr1
0.406,42763,29,33120,32.5,31.1,20.1,242.0,1.6,635582,38985,42,42,bbr1
0.417,31349,21,27360,32.6,33.8,20.1,242.0,1.3,635582,38988,42,42,bbr1
0.423,37045,25,25920,33.0,35.3,20.1,242.0,1.6,635582,38991,42,42,bbr1
0.430,42741,29,25920,33.4,36.7,20.1,242.0,2.1,635582,38995,42,42,bbr1
0.437,42763,29,24480,34.0,37.7,20.1,242.0,2.7,635582,38998,42,42,bbr1
0.444,42763,29,23040,34.7,39.7,20.1,242.0,3.5,847443,39001,42,42,bbr1
0.450,27077,18,23040,34.6,33.8,20.1,242.0,2.8,847443,39005,42,42,bbr1
0.456,31349,21,23040,34.3,32.1,20.1,242.0,2.7,847443,39008,42,42,bbr1
0.462,37045,25,23040,34.0,32.0,20.1,242.0,2.6,847443,39012,42,42,bbr1
0.469,42741,29,23040,33.5,29.8,20.1,242.0,3.0,847443,39016,42,42,bbr1
0.476,42763,29,23040,32.9,28.7,20.1,242.0,3.4,847443,39020,42,42,bbr1
0.482,42763,29,23040,32.3,28.7,20.1,242.0,3.6,847443,39024,42,42,bbr1
0.489,27077,18,23040,31.9,29.2,20.1,242.0,3.5,1059303,39028,42,42,bbr1
0.496,32773,22,21600,31.6,29.1,20.1,242.0,3.3,1059303,39031,42,42,bbr1
0.503,38469,26,24480,31.3,29.1,20.1,242.0,3.1,1059303,39037,42,42,bbr1
0.510,42763,29,25920,31.0,29.0,20.1,242.0,2.9,1059303,39042,42,42,bbr1
0.517,42763,29,27360,30.7,29.0,20.1,242.0,2.7,1059303,39047,42,42,bbr1
0.523,28501,19,27360,30.3,26.9,20.1,242.0,3.0,1059303,39052,42,42,bbr1
0.532,34197,23,23040,30.2,30.0,20.1,242.0,2.3,1059303,39053,42,42,bbr1
0.540,38469,26,28800,30.7,33.9,20.1,242.0,2.6,1059303,39060,42,42,bbr1
0.545,42763,29,28800,30.9,32.3,20.1,242.0,2.4,1059303,39064,42,42,bbr1
0.551,42763,29,28800,31.2,33.6,20.1,242.0,2.5,1059303,39068,42,42,bbr1
0.558,42763,29,30240,31.7,35.0,20.1,242.0,2.8,1059303,39073,42,42,bbr1
0.565,42763,29,31680,31.6,30.7,20.1,242.0,2.4,635582,39078,42,42,bbr1
0.578,32773,22,24480,31.9,33.4,20.1,242.0,1.9,670398,39081,42,42,bbr1
0.586,38469,26,25920,32.2,34.8,20.1,242.0,2.1,893864,39086,42,42,bbr1
0.592,44165,30,25920,32.7,36.1,20.1,242.0,2.6,893864,39090,42,42,bbr1
0.599,44632,30,25920,33.3,37.4,20.1,242.0,3.1,893864,39094,42,42,bbr1
0.605,44632,30,25920,33.8,36.9,20.1,242.0,3.2,893864,39098,42,42,bbr1
0.611,28012,19,25920,33.5,31.4,20.1,242.0,3.0,1117330,39102,42,42,bbr1
0.618,32284,22,24480,33.1,30.8,20.1,242.0,2.9,1117330,39104,42,42,bbr1
0.623,37980,26,25920,32.9,30.9,20.1,242.0,2.7,1117330,39109,42,42,bbr1
0.630,43676,30,27360,32.6,30.9,20.1,242.0,2.5,1117330,39114,42,42,bbr1
0.638,44632,30,30240,32.5,31.7,20.1,242.0,2.1,1117330,39120,42,42,bbr1
0.645,44632,30,31680,32.4,32.1,20.1,242.0,1.7,1117330,39125,42,42,bbr1
0.657,33708,23,27360,32.2,32.3,20.1,242.0,1.3,670398,39130,42,42,bbr1
0.666,39404,27,28800,32.4,33.9,20.1,242.0,1.4,670398,39135,42,42,bbr1
0.673,44632,30,27360,32.8,35.5,20.1,242.0,1.8,670398,39138,42,42,bbr1
0.678,44632,30,25920,33.4,37.2,20.1,242.0,2.4,670398,39141,42,42,bbr1
0.687,44632,30,24480,34.3,40.9,20.1,242.0,3.7,893864,39144,42,42,bbr1
0.691,28012,19,24480,34.2,33.9,20.1,242.0,2.9,1117330,39148,42,42,bbr1
0.696,32284,22,24480,34.3,34.6,20.1,242.0,2.2,1117330,39151,42,42,bbr1
0.703,37980,26,27360,34.1,32.7,20.1,242.0,2.1,1117330,39157,42,42,bbr1
0.711,42252,29,31680,33.7,31.0,20.1,242.0,2.3,1117330,39163,42,42,bbr1
0.717,44632,30,31680,33.0,27.9,20.1,242.0,3.2,670398,39167,42,42,bbr1
0.721,44632,30,30240,32.6,29.8,20.1,242.0,3.2,670398,39169,42,42,bbr1
0.733,32284,22,24480,32.3,32.6,20.1,242.0,2.3,670398,39172,42,42,bbr1
0.739,37980,26,24480,32.6,34.3,20.1,242.0,2.2,893864,39176,42,42,bbr1
0.746,43676,30,24480,33.0,35.9,20.1,242.0,2.5,893864,39180,42,42,bbr1
0.752,44632,30,25920,33.5,37.1,20.1,242.0,2.9,893864,39184,42,42,bbr1
0.757,44632,30,24480,33.8,36.0,20.1,242.0,2.8,893864,39187,42,42,bbr1
0.764,28012,19,24480,33.2,28.8,20.1,242.0,3.4,893864,39191,42,42,bbr1
0.770,33708,23,23040,32.8,29.7,20.1,242.0,3.4,893864,39194,42,42,bbr1
0.777,39404,27,24480,32.3,29.5,20.1,242.0,3.4,893864,39199,42,42,bbr1
0.785,43676,30,27360,32.1,30.3,20.1,242.0,3.0,1117330,39204,42,42,bbr1
0.790,44632,30,27360,31.9,30.6,20.1,242.0,2.6,1117330,39208,42,42,bbr1
0.803,33708,23,23040,31.5,29.9,20.1,242.0,2.2,1117330,39213,42,42,bbr1
0.811,39404,27,27360,31.4,30.9,20.1,242.0,1.8,1117330,39220,42,42,bbr1
0.817,44632,30,28800,31.4,31.0,20.1,242.0,1.4,1117330,39225,42,42,bbr1
0.823,44632,30,31680,31.6,32.8,20.1,242.0,1.4,1117330,39230,42,42,bbr1
0.829,44632,30,31680,31.9,34.3,20.1,242.0,1.8,670398,39234,42,42,bbr1
0.842,33708,23,24480,31.8,32.4,20.1,242.0,1.4,670398,39237,42,42,bbr1
0.850,39404,27,25920,32.1,34.1,20.1,242.0,1.6,893864,39242,42,42,bbr1
0.856,44632,30,25920,32.6,35.5,20.1,242.0,2.0,893864,39246,42,42,bbr1
0.863,44632,30,25920,33.1,37.3,20.1,242.0,2.7,893864,39250,42,42,bbr1
0.869,44632,30,25920,33.6,37.2,20.1,242.0,3.0,1117330,39254,42,42,bbr1
0.882,33708,23,23095,33.0,30.5,20.1,242.0,2.8,1117330,39261,42,42,bbr1
0.890,39404,27,27415,32.8,31.3,20.1,242.0,2.5,1117330,39268,42,42,bbr1
0.897,44632,30,28855,32.7,31.5,20.1,242.0,2.2,1117330,39273,42,42,bbr1
0.903,44632,30,30295,32.6,32.5,20.1,242.0,1.7,1117330,39278,42,42,bbr1
0.909,44632,30,33175,32.8,33.8,20.1,242.0,1.6,1117330,39283,42,42,bbr1
0.916,44042,30,33120,32.5,30.9,20.1,242.0,1.7,659411,39287,42,42,bbr1
0.928,33413,23,25920,32.7,34.1,20.1,242.0,1.3,659411,39290,42,42,bbr1
0.936,37685,26,28800,33.0,35.1,20.1,242.0,1.6,879215,39295,42,42,bbr1
0.941,43381,30,27360,33.5,37.0,20.1,242.0,2.2,879215,39298,42,42,bbr1
0.948,44042,30,27360,34.2,38.6,20.1,242.0,2.9,879215,39302,42,42,bbr1
0.955,44042,30,27360,34.9,40.3,20.1,242.0,3.7,879215,39306,42,42,bbr1
0.961,27717,19,27360,34.6,32.1,20.1,242.0,3.5,1099018,39310,42,42,bbr1
0.965,31989,22,24480,34.3,32.8,20.1,242.0,3.1,1099018,39311,42,42,bbr1
0.972,37685,26,27360,34.1,32.5,20.1,242.0,2.8,1099018,39317,42,42,bbr1
0.980,43381,30,30240,33.9,32.2,20.1,242.0,2.5,1099018,39323,42,42,bbr1
0.987,44042,30,33120,33.7,32.4,20.1,242.0,2.3,1099018,39328,42,42,bbr1
0.993,44042,30,33120,33.6,32.6,20.1,242.0,2.0,659411,39332,42,42,bbr1
0.999,44042,30,31680,33.2,30.5,20.1,242.0,2.3,659411,39335,42,42,bbr1
1.011,33413,23,24480,33.5,35.1,20.1,242.0,1.8,659411,39338,42,42,bbr1
1.018,39109,27,24480,33.8,36.6,20.1,242.0,2.1,879215,39342,42,42,bbr1
1.026,44042,30,25920,34.3,37.9,20.1,242.0,2.6,879215,39347,42,42,bbr1
1.032,44042,30,25920,34.9,38.6,20.1,242.0,3.0,879215,39351,42,42,bbr1
1.038,44042,30,25920,35.1,36.9,20.1,242.0,2.8,1099018,39355,42,42,bbr1
1.050,31989,22,24480,34.1,31.0,20.1,242.0,3.3,1099018,39361,42,42,bbr1
1.057,37685,26,27360,33.7,31.0,20.1,242.0,3.3,1099018,39367,42,42,bbr1
1.065,43381,30,30240,33.4,31.7,20.1,242.0,3.0,1099018,39373,42,42,bbr1
1.071,44042,30,31680,33.3,32.2,20.1,242.0,2.5,1099018,39378,42,42,bbr1
1.078,44042,30,33120,33.3,33.7,20.1,242.0,2.0,659411,39383,42,42,bbr1
1.091,31989,22,27415,33.3,33.6,20.1,242.0,1.4,659411,39387,42,42,bbr1
1.097,37685,26,27415,33.5,35.1,20.1,242.0,1.5,659411,39391,42,42,bbr1
1.104,43381,30,25975,33.9,36.6,20.1,242.0,1.9,659411,39394,42,42,bbr1
1.110,44042,30,25975,34.4,37.9,20.1,242.0,2.4,879215,39397,42,42,bbr1
1.115,44042,30,24535,35.0,39.4,20.1,242.0,3.1,879215,39400,42,42,bbr1
1.121,44042,30,25975,35.5,38.8,20.1,242.0,3.3,879215,39404,42,42,bbr1
1.127,27756,19,24480,35.2,33.5,20.1,242.0,2.9,879215,39407,42,42,bbr1
1.133,33452,23,23040,34.8,31.5,20.1,242.0,3.1,879215,39410,42,42,bbr1
1.142,39148,27,25920,34.2,30.0,20.1,242.0,3.5,879215,39416,42,42,bbr1
1.147,44042,30,24480,33.7,30.3,20.1,242.0,3.6,1099018,39419,42,42,bbr1
1.154,44042,30,27360,33.2,30.0,20.1,242.0,3.6,1099018,39425,42,42,bbr1
1.167,31989,22,24480,32.5,29.9,20.1,242.0,3.4,1099018,39430,42,42,bbr1
1.172,37685,26,25920,32.2,30.1,20.1,242.0,3.1,1099018,39435,42,42,bbr1
1.179,43381,30,27360,32.0,30.9,20.1,242.0,2.7,1099018,39440,42,42,bbr1
1.187,44042,30,31680,32.1,32.7,20.1,242.0,2.2,1099018,39446,42,42,bbr1
1.193,44042,30,31680,32.4,34.1,20.1,242.0,2.1,659411,39450,42,42,bbr1
1.204,33413,23,24480,31.9,32.0,20.1,242.0,1.9,659411,39453,42,42,bbr1
1.213,39109,27,25920,32.1,33.5,20.1,242.0,1.8,879215,39458,42,42,bbr1
1.218,43921,30,24480,32.5,34.9,20.1,242.0,2.1,876217,39461,42,42,bbr1
1.226,43934,30,25920,33.0,36.6,20.1,242.0,2.6,876532,39466,42,42,bbr1
1.232,43934,30,25920,33.4,36.3,20.1,242.0,2.8,1095665,39470,42,42,bbr1
1.238,27663,19,27360,33.2,31.6,20.1,242.0,2.5,1095665,39475,42,42,bbr1
1.245,33359,23,23040,32.8,30.2,20.1,242.0,2.6,1095665,39476,42,42,bbr1
1.253,39055,27,27360,32.5,30.4,20.1,242.0,2.6,1095665,39483,42,42,bbr1
1.260,43327,30,30240,32.3,31.1,20.1,242.0,2.3,1095665,39488,42,42,bbr1
1.265,43934,30,30240,32.2,31.6,20.1,242.0,1.9,1095665,39492,42,42,bbr1
1.271,43934,30,31680,32.3,33.2,20.1,242.0,1.7,1095665,39497,42,42,bbr1
1.279,43934,30,33120,32.2,30.8,20.1,242.0,1.6,657399,39502,42,42,bbr1
1.291,33359,23,25920,32.4,33.9,20.1,242.0,1.4,657399,39505,42,42,bbr1
1.300,39055,27,27360,32.8,35.3,20.1,242.0,1.8,876532,39510,42,42,bbr1
1.306,43934,30,27360,33.3,36.9,20.1,242.0,2.4,876532,39514,42,42,bbr1
1.311,43934,30,27360,33.8,37.7,20.1,242.0,2.9,876532,39517,42,42,bbr1
1.317,43934,30,27360,34.5,39.5,20.1,242.0,3.6,876532,39521,42,42,bbr1
1.324,27663,19,27360,34.2,31.9,20.1,242.0,3.3,1095665,39525,42,42,bbr1
1.328,31935,22,24480,34.0,32.7,20.1,242.0,2.9,1095665,39526,42,42,bbr1
1.335,37631,26,27360,33.8,31.9,20.1,242.0,2.7,1095665,39532,42,42,bbr1
1.343,43327,30,30240,33.6,32.6,20.1,242.0,2.3,1095665,39538,42,42,bbr1
1.349,43934,30,31680,33.5,32.7,20.1,242.0,2.0,1095665,39543,42,42,bbr1
1.356,43934,30,33120,33.3,32.3,20.1,242.0,1.8,657399,39548,42,42,bbr1
1.369,31935,22,27360,33.3,33.6,20.1,242.0,1.2,657399,39551,42,42,bbr1
1.375,36207,25,28800,33.5,34.7,20.1,242.0,1.3,657399,39555,42,42,bbr1
1.380,41903,29,25920,33.8,36.1,20.1,242.0,1.6,657399,39557,42,42,bbr1
1.386,43934,30,24480,34.3,37.8,20.1,242.0,2.2,876532,39560,42,42,bbr1
1.394,43934,30,25920,34.9,39.3,20.1,242.0,2.9,876532,39565,42,42,bbr1
1.399,43934,30,24480,35.3,38.2,20.1,242.0,3.0,876532,39568,42,42,bbr1
1.407,27663,19,25920,35.0,32.8,20.1,242.0,2.9,1095665,39573,42,42,bbr1
1.413,33359,23,23040,34.4,30.4,20.1,242.0,3.3,1095665,39575,42,42,bbr1
1.421,39055,27,27360,33.9,30.5,20.1,242.0,3.5,1095665,39582,42,42,bbr1
1.427,43934,30,28800,33.5,30.1,20.1,242.0,3.5,1095665,39587,42,42,bbr1
1.434,43934,30,30240,33.1,30.4,20.1,242.0,3.4,1095665,39592,42,42,bbr1
1.446,31935,22,27360,32.6,30.7,20.1,242.0,2.8,657399,39597,42,42,bbr1
1.453,37631,26,27360,32.6,32.3,20.1,242.0,2.2,657399,39601,42,42,bbr1
1.460,43327,30,25920,32.7,33.9,20.1,242.0,2.0,657399,39604,42,42,bbr1
1.466,43934,30,24480,33.1,35.4,20.1,242.0,2.1,657399,39607,42,42,bbr1
1.472,43934,30,23040,33.5,36.7,20.1,242.0,2.5,876532,39610,42,42,bbr1
1.479,27663,19,23040,33.3,32.1,20.1,242.0,2.2,876532,39614,42,42,bbr1
0.006,3072,2,0,31.5,28.3,20.1,242.0,3.0,1095665,39617,43,43,bbr1
0.008,5760,4,0,30.9,26.8,20.1,242.0,3.5,1095665,39619,43,43,bbr1
0.034,12880,8,0,30.0,23.8,20.1,242.0,4.4,1095665,39624,43,43,bbr1
0.059,20000,13,5760,28.9,21.3,20.1,242.0,5.5,1095665,39633,43,43,bbr1
0.066,24272,16,10080,28.1,22.4,20.1,242.0,5.8,1095665,39639,43,43,bbr1
0.071,25696,17,14400,27.5,22.8,20.1,242.0,5.7,1095665,39643,43,43,bbr1
0.085,32816,22,18720,26.7,21.2,20.1,242.0,5.8,1095665,39651,43,43,bbr1
0.091,37088,25,23040,26.1,22.4,20.1,242.0,5.4,1095665,39657,43,43,bbr1
0.096,42784,29,23040,25.9,23.9,20.1,242.0,4.6,1095665,39661,43,43,bbr1
0.103,43934,30,24480,25.8,25.4,20.1,242.0,3.6,1095665,39666,43,43,bbr1
0.111,43929,30,27360,25.5,23.5,20.1,242.0,3.3,1095496,39672,43,43,bbr1
0.118,43929,30,28800,25.7,26.7,20.1,242.0,2.7,1095496,39677,43,43,bbr1
0.124,44256,30,30240,26.0,28.2,20.1,242.0,2.7,1105657,39682,43,43,bbr1
0.131,44256,30,31680,26.4,29.7,20.1,242.0,3.0,1105657,39687,43,43,bbr1
0.138,44256,30,33120,27.0,31.2,20.1,242.0,3.4,663394,39692,43,43,bbr1
0.145,44256,30,31680,27.7,32.7,20.1,242.0,4.0,663394,39695,43,43,bbr1
0.151,44256,30,30240,28.6,34.3,20.1,242.0,4.6,663394,39698,43,43,bbr1
0.157,44256,30,28800,29.5,35.8,20.1,242.0,5.3,663394,39701,43,43,bbr1
0.164,44256,30,27360,30.4,37.2,20.1,242.0,5.9,663394,39704,43,43,bbr1
0.173,44256,30,27360,31.5,38.9,20.1,242.0,6.5,663394,39708,43,43,bbr1
0.180,44256,30,25920,32.5,39.5,20.1,242.0,6.9,663394,39711,43,43,bbr1
0.185,44256,30,24480,33.1,37.4,20.1,242.0,6.4,884526,39714,43,43,bbr1
0.192,44256,30,24480,33.4,35.8,20.1,242.0,5.5,884526,39718,43,43,bbr1
0.198,44256,30,24480,33.5,33.9,20.1,242.0,4.2,884526,39722,43,43,bbr1
0.205,44256,30,24480,33.3,31.8,20.1,242.0,3.6,1105657,39726,43,43,bbr1
0.213,44256,30,27360,32.8,29.7,20.1,242.0,3.6,1105657,39732,43,43,bbr1
0.225,33520,23,23040,32.1,30.0,20.1,242.0,3.3,1105657,39737,43,43,bbr1
0.233,39216,27,27360,31.9,30.3,20.1,242.0,2.9,1105657,39744,43,43,bbr1
0.240,44256,30,28800,31.8,31.6,20.1,242.0,2.2,1105657,39749,43,43,bbr1
0.246,44256,30,30240,31.9,32.8,20.1,242.0,1.9,1105657,39754,43,43,bbr1
0.252,44256,30,31680,32.3,34.7,20.1,242.0,2.1,1105657,39759,43,43,bbr1
0.260,44256,30,33120,32.1,31.2,20.1,242.0,1.9,663394,39764,43,43,bbr1
0.272,33520,23,25975,32.5,34.3,20.1,242.0,1.7,663394,39768,43,43,bbr1
0.281,39216,27,27415,32.9,35.8,20.1,242.0,2.1,884526,39773,43,43,bbr1
0.286,44256,30,25975,33.4,37.2,20.1,242.0,2.7,884526,39776,43,43,bbr1
0.294,44256,30,27415,34.1,39.0,20.1,242.0,3.4,884526,39781,43,43,bbr1
0.300,44256,30,27415,34.8,39.5,20.1,242.0,3.9,1105657,39785,43,43,bbr1
0.313,33559,23,23040,34.2,32.5,20.1,242.0,3.2,1105657,39790,43,43,bbr1
0.321,37831,26,28800,34.0,32.2,20.1,242.0,2.9,1105657,39797,43,43,bbr1
0.326,43527,30,28800,33.8,33.0,20.1,242.0,2.4,1105657,39801,43,43,bbr1
0.333,44256,30,30240,33.8,33.3,20.1,242.0,2.0,1105657,39806,43,43,bbr1
0.340,44256,30,31680,33.9,34.8,20.1,242.0,1.7,1105657,39811,43,43,bbr1
0.347,44256,30,33120,33.5,30.8,20.1,242.0,2.1,663394,39816,43,43,bbr1
0.359,33520,23,25920,33.4,33.9,20.1,242.0,1.5,663394,39819,43,43,bbr1
0.367,39216,27,27360,33.7,35.5,20.1,242.0,1.7,884526,39824,43,43,bbr1
0.372,44256,30,25920,34.1,37.0,20.1,242.0,2.1,884526,39827,43,43,bbr1
0.380,44256,30,27360,34.6,38.4,20.1,242.0,2.6,884526,39832,43,43,bbr1
0.387,44256,30,27360,35.2,39.3,20.1,242.0,3.1,884526,39836,43,43,bbr1
0.393,27824,19,27360,34.8,32.1,20.1,242.0,3.1,1105657,39840,43,43,bbr1
0.400,33520,23,23040,34.5,32.4,20.1,242.0,2.9,1105657,39841,43,43,bbr1
0.407,39216,27,27360,34.3,32.6,20.1,242.0,2.7,1105657,39848,43,43,bbr1
0.414,44256,30,28800,34.1,32.7,20.1,242.0,2.4,1105657,39853,43,43,bbr1
0.421,44256,30,30240,33.9,32.7,20.1,242.0,2.2,1105657,39858,43,43,bbr1
0.427,44256,30,31680,33.9,33.7,20.1,242.0,1.7,1105657,39863,43,43,bbr1
0.440,33520,23,27360,33.5,32.7,20.1,242.0,1.7,663394,39868,43,43,bbr1
0.449,39216,27,28800,33.6,34.4,20.1,242.0,1.5,663394,39873,43,43,bbr1
0.456,44256,30,27360,33.9,35.9,20.1,242.0,1.7,663394,39876,43,43,bbr1
0.462,44256,30,25920,34.3,37.2,20.1,242.0,2.1,663394,39879,43,43,bbr1
0.468,44256,30,24480,34.9,39.0,20.1,242.0,2.8,884526,39882,43,43,bbr1
0.474,27824,19,24480,34.7,33.7,20.1,242.0,2.4,1105657,39886,43,43,bbr1
0.479,32096,22,24480,34.7,34.6,20.1,242.0,1.8,1105657,39889,43,43,bbr1
0.486,37792,26,27360,34.4,32.4,20.1,242.0,1.9,1105657,39895,43,43,bbr1
0.494,43488,30,30240,33.9,30.6,20.1,242.0,2.4,1097156,39901,43,43,bbr1
0.501,43982,30,31680,33.4,29.9,20.1,242.0,2.8,1097156,39906,43,43,bbr1
0.508,43982,30,33120,33.1,30.9,20.1,242.0,2.8,658293,39911,43,43,bbr1
0.520,33383,23,25920,33.1,33.8,20.1,242.0,1.9,658293,39914,43,43,bbr1
0.528,39079,27,27360,33.4,35.4,20.1,242.0,2.0,877725,39919,43,43,bbr1
0.533,43982,30,25920,33.9,37.0,20.1,242.0,2.4,877725,39922,43,43,bbr1
0.540,43982,30,25920,34.4,38.3,20.1,242.0,2.9,877725,39926,43,43,bbr1
0.548,43982,30,27360,35.0,39.1,20.1,242.0,3.4,877725,39931,43,43,bbr1
0.554,27687,19,27360,34.6,32.2,20.1,242.0,3.2,1097156,39935,43,43,bbr1
0.561,33383,23,23040,34.4,32.4,20.1,242.0,3.0,1097156,39936,43,43,bbr1
0.568,39079,27,27360,34.1,32.5,20.1,242.0,2.7,1097156,39943,43,43,bbr1
0.575,43982,30,28800,34.0,32.8,20.1,242.0,2.4,1097156,39948,43,43,bbr1
0.582,43982,30,30240,33.8,32.8,20.1,242.0,2.1,1097156,39953,43,43,bbr1
0.594,33383,23,25975,33.5,31.1,20.1,242.0,1.9,658293,39959,43,43,bbr1
0.603,39079,27,27415,33.4,32.7,20.1,242.0,1.6,658293,39964,43,43,bbr1
0.610,43982,30,25975,33.5,34.2,20.1,242.0,1.4,658293,39967,43,43,bbr1
0.616,43982,30,24535,33.7,35.7,20.1,242.0,1.6,877725,39970,43,43,bbr1
0.623,43982,30,24535,34.2,37.2,20.1,242.0,2.1,877725,39974,43,43,bbr1
0.628,27726,19,24480,33.9,32.2,20.1,242.0,2.0,1097156,39978,43,43,bbr1
0.635,33422,23,23040,33.7,31.9,20.1,242.0,2.1,1097156,39981,43,43,bbr1
0.642,39118,27,25920,33.2,29.7,20.1,242.0,2.5,1097156,39987,43,43,bbr1
0.650,43982,30,28800,32.6,29.0,20.1,242.0,2.9,1097156,39993,43,43,bbr1
0.656,43982,30,30240,32.2,29.3,20.1,242.0,3.0,1097156,39998,43,43,bbr1
0.669,33383,23,25920,32.0,31.2,20.1,242.0,2.2,658293,40003,43,43,bbr1
0.678,39079,27,27360,32.0,32.6,20.1,242.0,1.8,658293,40008,43,43,bbr1
0.685,43982,30,25920,32.3,34.3,20.1,242.0,1.9,658293,40011,43,43,bbr1
0.690,43982,30,24480,32.8,35.8,20.1,242.0,2.3,877725,40014,43,43,bbr1
0.697,43982,30,24480,33.3,37.3,20.1,242.0,2.8,877725,40018,43,43,bbr1
0.703,27687,19,24480,33.2,32.1,20.1,242.0,2.4,1053903,40022,43,43,bbr1
0.710,33383,23,23040,33.0,31.8,20.1,242.0,2.2,1053903,40025,43,43,bbr1
0.717,39079,27,25920,32.6,29.6,20.1,242.0,2.5,1053903,40031,43,43,bbr1
0.723,42589,29,27360,32.1,29.0,20.1,242.0,2.7,1053903,40036,43,43,bbr1
0.730,42589,29,28800,31.8,29.3,20.1,242.0,2.8,1053903,40041,43,43,bbr1
0.744,32686,22,24480,31.6,31.1,20.1,242.0,1.9,632342,40046,43,43,bbr1
0.751,38382,26,24480,31.7,32.3,20.1,242.0,1.6,632342,40050,43,43,bbr1
0.757,42589,29,23040,31.9,33.7,20.1,242.0,1.7,632342,40053,43,43,bbr1
0.764,42589,29,21600,32.3,34.9,20.1,242.0,2.0,843123,40056,43,43,bbr1
0.771,42589,29,21600,32.8,36.2,20.1,242.0,2.5,843123,40060,43,43,bbr1
0.777,26990,18,21600,32.6,31.4,20.1,242.0,2.2,843123,40064,43,43,bbr1
0.784,32686,22,21600,32.1,28.9,20.1,242.0,2.6,843123,40068,43,43,bbr1
0.791,36958,25,23040,31.5,27.2,20.1,242.0,3.2,843123,40072,43,43,bbr1
0.796,42589,29,21600,31.0,27.2,20.1,242.0,3.5,843123,40075,43,43,bbr1
0.803,42589,29,21600,30.5,27.2,20.1,242.0,3.5,1053903,40079,43,43,bbr1
0.811,26990,18,24480,30.0,26.7,20.1,242.0,3.6,1053903,40085,43,43,bbr1
0.816,32686,22,21600,29.6,26.6,20.1,242.0,3.6,1053903,40087,43,43,bbr1
0.823,38382,26,24480,29.3,26.9,20.1,242.0,3.4,1053903,40093,43,43,bbr1
0.830,42589,29,25920,29.0,26.9,20.1,242.0,3.1,1053903,40098,43,43,bbr1
0.837,42611,29,27360,28.9,28.5,20.1,242.0,2.4,1054595,40103,43,43,bbr1
0.844,44497,30,27360,28.7,27.0,20.1,242.0,2.3,1113153,40108,43,43,bbr1
0.853,44497,30,31680,28.8,30.0,20.1,242.0,2.1,1113153,40115,43,43,bbr1
0.860,44497,30,33120,29.2,31.4,20.1,242.0,2.2,667892,40120,43,43,bbr1
0.872,33640,23,25920,30.1,33.9,20.1,242.0,3.0,667892,40123,43,43,bbr1
0.880,39336,27,27360,30.8,35.3,20.1,242.0,3.5,890523,40128,43,43,bbr1
0.886,44497,30,25920,31.6,36.9,20.1,242.0,4.2,890523,40131,43,43,bbr1
0.893,44497,30,27360,32.4,38.5,20.1,242.0,4.9,890523,40136,43,43,bbr1
0.899,44497,30,27360,33.3,39.3,20.1,242.0,5.4,1113153,40140,43,43,bbr1
0.907,44497,30,30240,33.1,32.0,20.1,242.0,4.3,1113153,40146,43,43,bbr1
0.920,33640,23,25975,33.0,32.7,20.1,242.0,2.6,667892,40152,43,43,bbr1
0.928,39336,27,27415,33.0,33.0,20.1,242.0,2.0,667892,40157,43,43,bbr1
0.935,44497,30,25975,33.1,33.7,20.1,242.0,1.7,667892,40160,43,43,bbr1
0.941,44497,30,24535,33.4,35.3,20.1,242.0,1.8,890523,40163,43,43,bbr1
0.947,44497,30,24535,33.8,36.9,20.1,242.0,2.2,890523,40167,43,43,bbr1
0.954,27983,19,24480,33.6,32.2,20.1,242.0,2.1,890523,40171,43,43,bbr1
0.960,33679,23,23040,33.4,31.8,20.1,242.0,2.0,890523,40174,43,43,bbr1
0.969,39375,27,25920,32.9,29.7,20.1,242.0,2.4,890523,40180,43,43,bbr1
0.975,44497,30,25920,32.5,29.5,20.1,242.0,2.7,1113153,40184,43,43,bbr1
0.981,44497,30,27360,32.2,30.3,20.1,242.0,2.5,1113153,40189,43,43,bbr1
0.994,33640,23,23040,31.8,30.4,20.1,242.0,2.1,1113153,40194,43,43,bbr1
1.002,39336,27,27360,31.6,30.4,20.1,242.0,2.0,1113153,40201,43,43,bbr1
1.009,43608,30,30240,31.5,31.0,20.1,242.0,1.6,1113153,40206,43,43,bbr1
1.014,44497,30,30240,31.7,32.9,20.1,242.0,1.6,1113153,40210,43,43,bbr1
1.021,44497,30,31680,32.1,34.6,20.1,242.0,1.9,1113153,40215,43,43,bbr1
1.028,44497,30,34560,31.6,28.7,20.1,242.0,2.3,667892,40220,43,43,bbr1
1.038,33640,23,25920,31.9,33.6,20.1,242.0,1.8,667892,40222,43,43,bbr1
1.047,39336,27,27360,32.3,35.1,20.1,242.0,2.2,890523,40227,43,43,bbr1
1.052,44497,30,25920,32.9,36.8,20.1,242.0,2.7,890523,40230,43,43,bbr1
1.060,44497,30,27360,33.5,37.9,20.1,242.0,3.3,890523,40235,43,43,bbr1
1.066,44497,30,27360,34.3,40.0,20.1,242.0,4.1,890523,40239,43,43,bbr1
1.072,27944,19,27360,34.0,32.0,20.1,242.0,3.6,890523,40243,43,43,bbr1
1.079,33640,23,23040,33.8,32.4,20.1,242.0,3.2,890523,40244,43,43,bbr1
1.087,39336,27,25920,33.7,32.8,20.1,242.0,2.6,890523,40250,43,43,bbr1
1.093,44497,30,24480,33.6,32.7,20.1,242.0,2.2,1113153,40253,43,43,bbr1
1.100,44497,30,27360,33.5,32.8,20.1,242.0,1.9,1113153,40259,43,43,bbr1
1.113,33640,23,23040,33.1,30.3,20.1,242.0,1.8,1113153,40264,43,43,bbr1
1.121,39336,27,27360,32.8,30.5,20.1,242.0,2.0,1113153,40271,43,43,bbr1
1.128,44497,30,28800,32.7,31.8,20.1,242.0,1.8,1113153,40276,43,43,bbr1
1.134,44497,30,30240,32.8,33.5,20.1,242.0,1.5,1113153,40281,43,43,bbr1
1.140,44497,30,31680,33.0,35.0,20.1,242.0,1.7,1113153,40286,43,43,bbr1
1.149,44497,30,34560,32.8,31.2,20.1,242.0,1.8,667892,40292,43,43,bbr1
1.160,33640,23,27360,33.0,34.3,20.1,242.0,1.4,667892,40295,43,43,bbr1
1.169,39336,27,28800,33.4,35.9,20.1,242.0,1.8,667892,40300,43,43,bbr1
1.175,44497,30,27360,33.9,37.5,20.1,242.0,2.4,667892,40303,43,43,bbr1
1.182,44497,30,25920,34.5,39.1,20.1,242.0,3.1,667892,40306,43,43,bbr1
1.188,44497,30,24480,35.3,40.7,20.1,242.0,3.9,890523,40309,43,43,bbr1
1.194,44497,30,25920,35.8,39.3,20.1,242.0,3.9,890523,40313,43,43,bbr1
1.199,27944,19,24480,35.6,34.6,20.1,242.0,3.2,890523,40316,43,43,bbr1
1.206,33640,23,23040,35.3,32.5,20.1,242.0,3.2,890523,40319,43,43,bbr1
1.214,39336,27,25920,34.7,30.8,20.1,242.0,3.5,890523,40325,43,43,bbr1
1.220,44497,30,24480,34.1,29.5,20.1,242.0,3.9,890523,40328,43,43,bbr1
1.227,43972,30,25920,33.5,29.8,20.1,242.0,4.0,877481,40333,43,43,bbr1
1.234,27682,19,25920,33.1,30.2,20.1,242.0,3.8,877481,40337,43,43,bbr1
1.240,33378,23,23040,32.7,30.0,20.1,242.0,3.6,877481,40339,43,43,bbr1
1.248,39074,27,25920,32.4,30.4,20.1,242.0,3.3,877481,40345,43,43,bbr1
1.253,43972,30,24480,32.3,31.1,20.1,242.0,2.8,1096851,40348,43,43,bbr1
1.261,43972,30,27360,32.2,31.4,20.1,242.0,2.3,1096851,40354,43,43,bbr1
1.274,33378,23,23040,31.9,30.6,20.1,242.0,1.8,1096851,40359,43,43,bbr1
1.281,39074,27,25920,31.7,30.2,20.1,242.0,1.8,1096851,40365,43,43,bbr1
1.288,43972,30,28800,31.7,31.9,20.1,242.0,1.4,1096851,40371,43,43,bbr1
1.295,43972,30,30240,31.9,33.4,20.1,242.0,1.5,1096851,40376,43,43,bbr1
1.302,43972,30,31680,32.3,35.0,20.1,242.0,1.9,1096851,40381,43,43,bbr1
1.309,43972,30,33120,32.1,30.9,20.1,242.0,1.7,658110,40386,43,43,bbr1
1.321,31954,22,27360,32.3,33.5,20.1,242.0,1.4,658110,40389,43,43,bbr1
1.328,37650,26,27360,32.7,35.0,20.1,242.0,1.7,658110,40393,43,43,bbr1
1.334,43346,30,25920,33.2,36.7,20.1,242.0,2.3,658110,40396,43,43,bbr1
1.340,43972,30,24480,33.7,37.8,20.1,242.0,2.9,877481,40399,43,43,bbr1
1.347,43972,30,25920,34.4,39.3,20.1,242.0,3.5,877481,40403,43,43,bbr1
1.352,43972,30,24480,34.9,38.2,20.1,242.0,3.6,877481,40406,43,43,bbr1
1.361,27682,19,25920,34.7,32.9,20.1,242.0,3.2,877481,40411,43,43,bbr1
1.365,33378,23,23040,34.2,30.8,20.1,242.0,3.3,877481,40413,43,43,bbr1
1.373,39074,27,25920,33.6,29.4,20.1,242.0,3.7,877481,40419,43,43,bbr1
1.379,43972,30,24480,33.1,29.8,20.1,242.0,3.7,877481,40422,43,43,bbr1
1.387,43972,30,25920,32.8,30.4,20.1,242.0,3.5,877481,40427,43,43,bbr1
1.393,27682,19,25920,32.5,30.5,20.1,242.0,3.2,1096851,40431,43,43,bbr1
1.399,33378,23,23040,32.2,30.5,20.1,242.0,2.9,1054293,40433,43,43,bbr1
1.406,39074,27,25920,32.0,30.2,20.1,242.0,2.7,1054293,40439,43,43,bbr1
1.413,42601,29,27360,31.8,30.4,20.1,242.0,2.4,1054293,40444,43,43,bbr1
1.420,42601,29,28800,31.7,31.3,20.1,242.0,1.9,1054293,40449,43,43,bbr1
0.007,3072,2,0,32.8,35.9,20.1,242.0,2.2,1054293,40452,44,44,bbr1
0.009,5760,4,0,32.3,28.5,20.1,242.0,2.8,1054293,40454,44,44,bbr1
0.035,12880,8,0,31.2,23.7,20.1,242.0,4.2,1054293,40459,44,44,bbr1
0.060,20000,13,5760,30.0,21.1,20.1,242.0,5.7,1054293,40468,44,44,bbr1
0.067,25696,17,8640,29.0,22.4,20.1,242.0,6.2,1054293,40474,44,44,bbr1
0.086,32816,22,18720,28.0,21.1,20.1,242.0,6.6,1054293,40486,44,44,bbr1
0.093,38512,26,21600,27.3,22.5,20.1,242.0,6.3,1054293,40492,44,44,bbr1
0.099,42601,29,23040,26.9,23.7,20.1,242.0,5.6,1054293,40497,44,44,bbr1
0.106,42601,29,24480,26.6,25.1,20.1,242.0,4.7,1054293,40502,44,44,bbr1
0.113,42741,29,25920,26.5,25.4,20.1,242.0,3.8,1058617,40507,44,44,bbr1
0.121,42741,29,27360,26.5,26.6,20.1,242.0,2.9,1058617,40512,44,44,bbr1
0.127,42741,29,28800,26.7,28.0,20.1,242.0,2.6,1058617,40517,44,44,bbr1
0.134,42741,29,30240,27.0,29.2,20.1,242.0,2.6,1058617,40522,44,44,bbr1
0.141,42741,29,31680,27.5,30.7,20.1,242.0,2.8,635170,40527,44,44,bbr1
0.148,42741,29,31680,28.0,31.6,20.1,242.0,3.1,635170,40530,44,44,bbr1
0.153,42741,29,28800,28.6,32.8,20.1,242.0,3.6,635170,40532,44,44,bbr1
0.159,42741,29,27360,29.3,34.2,20.1,242.0,4.1,635170,40535,44,44,bbr1
0.166,42741,29,25920,30.1,35.4,20.1,242.0,4.6,635170,40538,44,44,bbr1
0.173,42741,29,25920,30.8,36.2,20.1,242.0,5.0,635170,40541,44,44,bbr1
0.178,42741,29,23040,31.7,37.9,20.1,242.0,5.5,635170,40543,44,44,bbr1
0.184,44026,30,21600,32.1,35.2,20.1,242.0,5.0,878823,40546,44,44,bbr1
0.192,44026,30,23040,32.3,33.3,20.1,242.0,4.0,878823,40551,44,44,bbr1
0.197,44026,30,21600,32.1,31.0,20.1,242.0,3.3,878823,40554,44,44,bbr1
0.205,44026,30,23040,31.7,28.8,20.1,242.0,3.3,878823,40559,44,44,bbr1
0.212,44026,30,23040,31.1,27.1,20.1,242.0,3.7,878823,40563,44,44,bbr1
0.218,27709,19,23040,30.6,27.2,20.1,242.0,3.7,1098528,40567,44,44,bbr1
0.224,33405,23,23040,30.2,27.0,20.1,242.0,3.7,1098528,40571,44,44,bbr1
0.232,39101,27,27360,29.9,27.7,20.1,242.0,3.4,1098528,40578,44,44,bbr1
0.239,44026,30,28800,29.6,27.9,20.1,242.0,3.0,1098528,40583,44,44,bbr1
0.246,44026,30,30240,29.4,28.1,20.1,242.0,2.7,1098528,40588,44,44,bbr1
0.258,33405,23,25920,29.7,31.3,20.1,242.0,2.0,659117,40593,44,44,bbr1
0.267,39101,27,27360,30.1,32.7,20.1,242.0,2.2,659117,40598,44,44,bbr1
0.274,43373,30,27360,30.5,33.9,20.1,242.0,2.6,659117,40601,44,44,bbr1
0.278,44026,30,24480,31.1,35.3,20.1,242.0,3.2,659117,40603,44,44,bbr1
0.284,44026,30,24480,31.8,36.1,20.1,242.0,3.6,878823,40606,44,44,bbr1
0.289,44026,30,23040,32.5,38.0,20.1,242.0,4.3,878823,40609,44,44,bbr1
0.296,27709,19,23040,32.6,32.7,20.1,242.0,3.2,1098528,40613,44,44,bbr1
0.302,31981,22,24480,32.4,31.4,20.1,242.0,2.7,1098528,40617,44,44,bbr1
0.308,37677,26,25920,32.0,29.3,20.1,242.0,2.8,1098528,40622,44,44,bbr1
0.314,43373,30,27360,31.5,27.9,20.1,242.0,3.2,1098528,40627,44,44,bbr1
0.321,44026,30,28800,31.1,28.6,20.1,242.0,3.1,1098528,40632,44,44,bbr1
0.335,33405,23,25920,30.9,30.6,20.1,242.0,2.1,659117,40638,44,44,bbr1
0.341,39101,27,25920,31.1,32.1,20.1,242.0,1.8,659117,40642,44,44,bbr1
0.350,44026,30,25920,31.4,33.7,20.1,242.0,2.0,659117,40646,44,44,bbr1
0.356,44026,30,24480,31.9,35.3,20.1,242.0,2.5,878823,40649,44,44,bbr1
0.363,44026,30,24480,32.5,36.8,20.1,242.0,3.1,878823,40653,44,44,bbr1
0.369,27709,19,24480,32.4,32.0,20.1,242.0,2.5,878823,40657,44,44,bbr1
0.375,33405,23,23040,32.3,31.7,20.1,242.0,2.0,878823,40660,44,44,bbr1
0.382,39101,27,24480,32.0,29.6,20.1,242.0,2.2,878823,40665,44,44,bbr1
0.389,44026,30,24480,31.7,29.4,20.1,242.0,2.3,1098528,40669,44,44,bbr1
0.397,44026,30,27360,31.4,29.2,20.1,242.0,2.3,1098528,40675,44,44,bbr1
0.409,33405,23,23040,31.0,30.0,20.1,242.0,2.0,1098528,40680,44,44,bbr1
0.417,39101,27,27360,30.9,30.2,20.1,242.0,1.7,1098528,40687,44,44,bbr1
0.424,44026,30,28800,30.9,31.4,20.1,242.0,1.4,1098528,40692,44,44,bbr1
0.430,44026,30,30240,31.2,32.8,20.1,242.0,1.5,1098528,40697,44,44,bbr1
0.436,44026,30,31680,31.6,34.5,20.1,242.0,2.0,1098528,40702,44,44,bbr1
0.444,44026,30,33120,31.5,31.2,20.1,242.0,1.6,659117,40707,44,44,bbr1
0.456,33405,23,25920,32.0,34.3,20.1,242.0,1.8,659117,40710,44,44,bbr1
0.465,39101,27,27360,32.5,35.9,20.1,242.0,2.3,878823,40715,44,44,bbr1
0.470,44026,30,25920,33.1,37.1,20.1,242.0,2.9,878823,40718,44,44,bbr1
0.478,44026,30,27360,33.8,38.8,20.1,242.0,3.6,878823,40723,44,44,bbr1
0.484,44026,30,27360,34.5,39.4,20.1,242.0,4.1,1098528,40727,44,44,bbr1
0.497,33405,23,23040,34.0,32.4,20.1,242.0,3.2,1098528,40732,44,44,bbr1
0.505,39101,27,27360,33.8,32.6,20.1,242.0,2.8,1098528,40739,44,44,bbr1
0.512,44026,30,28800,33.7,32.8,20.1,242.0,2.3,1098528,40744,44,44,bbr1
0.519,44026,30,30240,33.6,33.4,20.1,242.0,1.8,1098528,40749,44,44,bbr1
0.525,44026,30,33120,33.7,34.6,20.1,242.0,1.6,1098528,40754,44,44,bbr1
0.531,42699,29,33120,33.4,30.9,20.1,242.0,1.9,634392,40758,44,44,bbr1
0.543,32741,22,25975,33.3,33.8,20.1,242.0,1.4,634392,40762,44,44,bbr1
0.550,37013,25,27415,33.5,35.1,20.1,242.0,1.5,634392,40766,44,44,bbr1
0.557,42699,29,25975,33.9,36.1,20.1,242.0,1.8,634392,40769,44,44,bbr1
0.564,42699,29,24535,34.4,38.1,20.1,242.0,2.4,634392,40772,44,44,bbr1
0.570,42699,29,24535,35.0,39.2,20.1,242.0,3.0,845856,40775,44,44,bbr1
0.573,42699,29,21655,35.3,37.9,20.1,242.0,3.0,845856,40777,44,44,bbr1
0.581,27084,18,23040,35.0,32.8,20.1,242.0,2.9,845856,40782,44,44,bbr1
0.587,32780,22,21600,34.4,30.1,20.1,242.0,3.4,845856,40785,44,44,bbr1
0.594,37052,25,23040,33.7,28.4,20.1,242.0,4.0,845856,40789,44,44,bbr1
0.600,42699,29,23040,32.9,27.5,20.1,242.0,4.6,845856,40793,44,44,bbr1
0.606,42699,29,21600,32.2,27.5,20.1,242.0,4.8,1057320,40796,44,44,bbr1
0.613,42699,29,24480,31.6,27.5,20.1,242.0,4.8,1057320,40802,44,44,bbr1
0.620,27045,18,25920,31.1,27.4,20.1,242.0,4.6,1057320,40807,44,44,bbr1
0.626,32741,22,21600,30.6,27.4,20.1,242.0,4.4,1057320,40808,44,44,bbr1
0.633,37013,25,25920,30.2,27.3,20.1,242.0,4.1,1057320,40814,44,44,bbr1
0.638,42699,29,25920,30.0,28.7,20.1,242.0,3.5,1057320,40818,44,44,bbr1
0.645,42699,29,27360,30.0,29.9,20.1,242.0,2.6,1057320,40823,44,44,bbr1
0.652,42699,29,28800,30.1,31.0,20.1,242.0,2.2,1057320,40828,44,44,bbr1
0.659,42699,29,30240,30.0,29.4,20.1,242.0,1.9,1057320,40833,44,44,bbr1
0.665,44236,30,31680,30.1,30.7,20.1,242.0,1.6,1105040,40838,44,44,bbr1
0.673,44236,30,33120,30.4,32.0,20.1,242.0,1.6,663024,40843,44,44,bbr1
0.685,33510,23,25920,31.2,34.7,20.1,242.0,2.5,663024,40846,44,44,bbr1
0.693,39206,27,27360,31.8,36.0,20.1,242.0,3.0,884032,40851,44,44,bbr1
0.700,44236,30,27360,32.5,37.2,20.1,242.0,3.6,884032,40855,44,44,bbr1
0.706,44236,30,27360,33.3,38.7,20.1,242.0,4.3,884032,40859,44,44,bbr1
0.713,44236,30,27360,34.0,39.4,20.1,242.0,4.8,1105040,40863,44,44,bbr1
0.726,33510,23,23040,33.6,32.4,20.1,242.0,3.4,1105040,40868,44,44,bbr1
0.734,39206,27,27360,33.5,32.7,20.1,242.0,2.8,1105040,40875,44,44,bbr1
0.740,44236,30,28800,33.4,32.8,20.1,242.0,2.2,1105040,40880,44,44,bbr1
0.747,44236,30,30240,33.4,33.5,20.1,242.0,1.7,1105040,40885,44,44,bbr1
0.753,44236,30,31680,33.6,35.1,20.1,242.0,1.7,1105040,40890,44,44,bbr1
0.761,44236,30,33120,33.3,31.1,20.1,242.0,1.9,663024,40895,44,44,bbr1
0.773,33510,23,25920,33.4,34.3,20.1,242.0,1.5,663024,40898,44,44,bbr1
0.781,39206,27,27360,33.7,35.9,20.1,242.0,1.7,884032,40903,44,44,bbr1
0.788,44236,30,27360,34.1,37.2,20.1,242.0,2.2,884032,40907,44,44,bbr1
0.795,44236,30,27360,34.7,39.0,20.1,242.0,2.8,884032,40911,44,44,bbr1
0.801,44236,30,27360,35.3,39.5,20.1,242.0,3.3,884032,40915,44,44,bbr1
0.807,27814,19,27360,34.9,32.1,20.1,242.0,3.3,1105040,40919,44,44,bbr1
0.814,33510,23,23040,34.6,32.4,20.1,242.0,3.1,1105040,40920,44,44,bbr1
0.822,39206,27,27360,34.4,32.6,20.1,242.0,2.8,1105040,40927,44,44,bbr1
0.829,44236,30,28800,34.2,32.7,20.1,242.0,2.5,1105040,40932,44,44,bbr1
0.835,44236,30,30240,34.0,32.8,20.1,242.0,2.2,1105040,40937,44,44,bbr1
0.841,44236,30,31680,34.0,33.8,20.1,242.0,1.7,1105040,40942,44,44,bbr1
0.855,33510,23,27360,33.5,32.7,20.1,242.0,1.7,663024,40947,44,44,bbr1
0.863,39206,27,28800,33.6,34.2,20.1,242.0,1.5,663024,40952,44,44,bbr1
0.870,44236,30,27360,33.9,35.8,20.1,242.0,1.7,663024,40955,44,44,bbr1
0.876,44236,30,25920,34.3,37.1,20.1,242.0,2.1,663024,40958,44,44,bbr1
0.883,44236,30,24480,34.8,38.9,20.1,242.0,2.7,884032,40961,44,44,bbr1
0.889,27814,19,24480,34.7,33.7,20.1,242.0,2.3,1105040,40965,44,44,bbr1
0.894,32086,22,24480,34.7,34.5,20.1,242.0,1.8,1105040,40968,44,44,bbr1
0.900,37782,26,27360,34.4,32.5,20.1,242.0,1.9,1105040,40974,44,44,bbr1
0.908,42054,29,31680,34.0,31.0,20.1,242.0,2.3,1105040,40980,44,44,bbr1
0.914,44236,30,31680,33.4,29.3,20.1,242.0,2.9,663024,40984,44,44,bbr1
0.921,44236,30,30240,33.0,30.3,20.1,242.0,2.9,663024,40987,44,44,bbr1
0.932,33510,23,23040,32.9,33.4,20.1,242.0,2.0,663024,40990,44,44,bbr1
0.941,39206,27,24480,33.2,35.0,20.1,242.0,2.0,884032,40995,44,44,bbr1
0.947,44236,30,24480,33.6,36.6,20.1,242.0,2.3,884032,40999,44,44,bbr1
0.954,44236,30,24480,34.0,36.3,20.1,242.0,2.4,884032,41003,44,44,bbr1
0.961,44236,30,24480,34.0,34.2,20.1,242.0,1.9,884032,41007,44,44,bbr1
0.966,27814,19,24480,33.4,29.5,20.1,242.0,2.5,1105040,41011,44,44,bbr1
0.973,33510,23,23040,32.9,29.2,20.1,242.0,3.0,1105040,41014,44,44,bbr1
0.981,39206,27,27360,32.4,28.9,20.1,242.0,3.2,1105040,41021,44,44,bbr1
0.988,44236,30,28800,32.0,29.2,20.1,242.0,3.2,1105040,41026,44,44,bbr1
0.995,43876,30,30240,31.7,29.5,20.1,242.0,3.0,1093870,41031,44,44,bbr1
1.007,33330,23,25920,31.6,31.2,20.1,242.0,1.9,656322,41036,44,44,bbr1
1.016,37602,26,28800,31.7,32.4,20.1,242.0,1.6,656322,41041,44,44,bbr1
1.020,43298,30,25920,31.9,33.9,20.1,242.0,1.8,656322,41043,44,44,bbr1
1.027,43876,30,24480,32.4,35.5,20.1,242.0,2.2,656322,41046,44,44,bbr1
1.033,43876,30,23040,32.9,36.6,20.1,242.0,2.7,875096,41049,44,44,bbr1
1.039,27634,19,23040,32.8,32.1,20.1,242.0,2.3,1093870,41053,44,44,bbr1
1.044,31906,22,24480,32.8,32.7,20.1,242.0,1.7,1093870,41057,44,44,bbr1
1.052,37602,26,27360,32.6,30.8,20.1,242.0,1.8,1093870,41063,44,44,bbr1
1.059,43298,30,28800,32.1,28.7,20.1,242.0,2.3,1093870,41068,44,44,bbr1
1.066,43876,30,30240,31.6,28.3,20.1,242.0,2.7,1093870,41073,44,44,bbr1
1.076,31906,22,27360,31.2,30.7,20.1,242.0,2.1,656322,41078,44,44,bbr1
1.083,37602,26,27360,31.4,32.2,20.1,242.0,1.8,656322,41082,44,44,bbr1
1.092,41874,29,28800,31.6,33.3,20.1,242.0,1.9,656322,41086,44,44,bbr1
1.096,43876,30,25920,32.0,34.8,20.1,242.0,2.2,656322,41088,44,44,bbr1
1.102,43876,30,24480,32.5,36.2,20.1,242.0,2.7,875096,41091,44,44,bbr1
1.109,43876,30,24480,33.2,37.9,20.1,242.0,3.4,875096,41095,44,44,bbr1
1.116,27634,19,24480,33.4,34.5,20.1,242.0,2.9,875096,41099,44,44,bbr1
1.122,33330,23,23040,33.2,32.4,20.1,242.0,2.4,875096,41102,44,44,bbr1
1.130,39026,27,25920,32.9,30.4,20.1,242.0,2.5,875096,41108,44,44,bbr1
1.136,43876,30,24480,32.5,30.0,20.1,242.0,2.6,1093870,41111,44,44,bbr1
1.143,43876,30,27360,32.3,30.3,20.1,242.0,2.5,1093870,41117,44,44,bbr1
1.156,33330,23,23040,31.8,30.5,20.1,242.0,2.2,1093870,41122,44,44,bbr1
1.164,39026,27,27360,31.6,30.2,20.1,242.0,2.0,1093870,41129,44,44,bbr1
1.171,43298,30,30240,31.5,30.9,20.1,242.0,1.7,1093870,41134,44,44,bbr1
1.176,43876,30,30240,31.7,33.0,20.1,242.0,1.7,1093870,41138,44,44,bbr1
1.182,43876,30,31680,32.0,34.5,20.1,242.0,1.9,1093870,41143,44,44,bbr1
1.190,43876,30,33120,31.9,30.7,20.1,242.0,1.8,656322,41148,44,44,bbr1
1.200,31906,22,27360,32.1,33.4,20.1,242.0,1.4,656322,41151,44,44,bbr1
1.207,37602,26,27360,32.4,34.9,20.1,242.0,1.8,658234,41155,44,44,bbr1
1.216,43298,30,27360,32.9,36.4,20.1,242.0,2.3,658234,41159,44,44,bbr1
1.222,43979,30,25920,33.5,37.9,20.1,242.0,3.0,658234,41162,44,44,bbr1
1.228,43979,30,24480,34.3,39.5,20.1,242.0,3.7,877646,41165,44,44,bbr1
1.234,27685,19,24480,34.2,33.7,20.1,242.0,2.9,1097057,41169,44,44,bbr1
1.239,31957,22,24480,34.2,34.4,20.1,242.0,2.2,1097057,41172,44,44,bbr1
1.246,37653,26,27360,34.0,32.5,20.1,242.0,2.1,1097057,41178,44,44,bbr1
1.253,43349,30,28800,33.5,29.9,20.1,242.0,2.6,1097057,41183,44,44,bbr1
1.261,43979,30,31680,33.0,29.6,20.1,242.0,2.9,1097057,41189,44,44,bbr1
1.268,43979,30,33120,32.7,30.5,20.1,242.0,2.8,658234,41194,44,44,bbr1
1.280,33381,23,25975,32.7,33.5,20.1,242.0,2.0,658234,41198,44,44,bbr1
1.288,39077,27,27415,33.0,35.0,20.1,242.0,2.0,877646,41203,44,44,bbr1
1.293,43979,30,25975,33.5,36.6,20.1,242.0,2.4,877646,41206,44,44,bbr1
1.301,43979,30,27415,34.0,38.1,20.1,242.0,3.0,877646,41211,44,44,bbr1
1.308,43979,30,27415,34.6,38.4,20.1,242.0,3.3,1097057,41215,44,44,bbr1
1.321,33420,23,23040,34.1,32.4,20.1,242.0,2.8,1097057,41220,44,44,bbr1
1.328,39116,27,27360,33.9,32.7,20.1,242.0,2.4,1097057,41227,44,44,bbr1
1.335,43979,30,28800,33.8,32.9,20.1,242.0,2.1,1097057,41232,44,44,bbr1
1.342,43979,30,30240,33.6,32.9,20.1,242.0,1.8,1097057,41237,44,44,bbr1
1.349,43979,30,31680,33.8,34.9,20.1,242.0,1.7,1097057,41242,44,44,bbr1
1.356,43979,30,33120,33.5,31.1,20.1,242.0,1.9,658234,41247,44,44,bbr1
1.368,33381,23,25920,33.5,34.1,20.1,242.0,1.4,658234,41250,44,44,bbr1
1.376,39077,27,27360,33.7,35.6,20.1,242.0,1.6,877646,41255,44,44,bbr1
1.381,43979,30,25920,34.2,37.2,20.1,242.0,2.1,877646,41258,44,44,bbr1
1.388,43979,30,27360,34.6,37.9,20.1,242.0,2.5,877646,41262,44,44,bbr1
1.394,43979,30,27360,35.3,39.8,20.1,242.0,3.2,877646,41266,44,44,bbr1
1.401,27685,19,27360,34.9,32.1,20.1,242.0,3.2,877646,41270,44,44,bbr1
1.405,31957,22,24480,34.6,32.8,20.1,242.0,2.9,877646,41271,44,44,bbr1
1.414,37653,26,27360,34.4,32.4,20.1,242.0,2.7,877646,41277,44,44,bbr1
1.420,43349,30,27360,34.1,32.6,20.1,242.0,2.5,877646,41281,44,44,bbr1
1.425,43979,30,25920,33.9,32.5,20.1,242.0,2.3,1097057,41284,44,44,bbr1
1.432,43979,30,28800,33.8,33.1,20.1,242.0,1.9,1097057,41290,44,44,bbr1
1.446,33381,23,25920,33.3,31.9,20.1,242.0,1.9,658234,41296,44,44,bbr1
1.455,39077,27,27360,33.3,32.7,20.1,242.0,1.6,658234,41301,44,44,bbr1
1.461,43979,30,25920,33.3,33.4,20.1,242.0,1.2,658234,41304,44,44,bbr1
1.467,43979,30,24480,33.5,34.9,20.1,242.0,1.3,877646,41307,44,44,bbr1
1.474,43979,30,24480,33.8,36.4,20.1,242.0,1.7,877646,41311,44,44,bbr1
1.481,27685,19,24480,33.6,32.1,20.1,242.0,1.7,877646,41315,44,44,bbr1
1.486,33381,23,23040,33.4,31.6,20.1,242.0,1.8,877646,41318,44,44,bbr1
0.007,33002,22,0,31.5,30.1,20.1,242.0,2.5,1097057,41322,44,44,bbr1
0.006,35580,24,0,31.1,28.0,20.1,242.0,2.7,1097057,41324,44,44,bbr1
0.033,42700,29,25920,30.2,23.7,20.1,242.0,3.9,1097057,41347,44,44,bbr1
0.039,43979,30,27360,29.6,25.3,20.1,242.0,4.1,1097057,41352,44,44,bbr1
0.046,43979,30,28800,29.2,26.8,20.1,242.0,3.8,1097057,41357,44,44,bbr1
0.052,43979,30,30240,29.1,28.3,20.1,242.0,3.1,1097057,41362,44,44,bbr1
0.059,43979,30,31680,29.2,29.8,20.1,242.0,2.5,1097057,41367,44,44,bbr1
0.066,43979,30,33120,29.5,31.4,20.1,242.0,2.4,658234,41372,44,44,bbr1
0.073,43979,30,31680,29.9,32.7,20.1,242.0,2.6,658234,41375,44,44,bbr1
0.080,43979,30,30240,30.4,34.4,20.1,242.0,3.1,658234,41378,44,44,bbr1
0.086,43979,30,28800,31.1,35.9,20.1,242.0,3.7,658234,41381,44,44,bbr1
0.093,43979,30,27360,31.9,37.5,20.1,242.0,4.3,658234,41384,44,44,bbr1
0.101,43979,30,27360,32.8,39.0,20.1,242.0,5.0,658234,41388,44,44,bbr1
0.108,43979,30,25920,33.6,39.5,20.1,242.0,5.4,658234,41391,44,44,bbr1
0.114,43979,30,24480,34.1,37.4,20.1,242.0,5.0,877646,41394,44,44,bbr1
0.121,43979,30,24480,34.3,35.7,20.1,242.0,4.2,877646,41398,44,44,bbr1
0.127,43979,30,24480,34.2,33.7,20.1,242.0,3.3,877646,41402,44,44,bbr1
0.134,43979,30,24480,33.9,31.7,20.1,242.0,3.1,877646,41406,44,44,bbr1
0.140,27685,19,24480,33.4,29.6,20.1,242.0,3.4,843331,41410,44,44,bbr1
0.147,33381,23,23040,32.8,29.1,20.1,242.0,3.6,843331,41413,44,44,bbr1
0.154,39077,27,24480,32.4,29.2,20.1,242.0,3.6,843331,41418,44,44,bbr1
0.161,42597,29,24480,32.0,29.4,20.1,242.0,3.5,843331,41422,44,44,bbr1
0.168,42597,29,24480,31.7,29.6,20.1,242.0,3.2,843331,41426,44,44,bbr1
0.174,26994,18,24480,31.5,30.1,20.1,242.0,2.8,1054163,41430,44,44,bbr1
0.181,32690,22,21600,31.3,30.1,20.1,242.0,2.5,1054501,41432,44,44,bbr1
0.187,38386,26,24480,31.2,30.0,20.1,242.0,2.2,1054501,41438,44,44,bbr1
0.194,42608,29,25920,31.0,29.9,20.1,242.0,1.9,1054501,41443,44,44,bbr1
0.201,42608,29,27360,30.8,29.5,20.1,242.0,1.8,1054501,41448,44,44,bbr1
0.213,31272,21,24480,30.6,29.3,20.1,242.0,1.5,632700,41453,44,44,bbr1
0.220,36968,25,24480,30.6,30.7,20.1,242.0,1.1,632700,41457,44,44,bbr1
0.227,42608,29,23040,30.8,32.0,20.1,242.0,1.2,632700,41460,44,44,bbr1
0.233,42608,29,21600,31.1,33.3,20.1,242.0,1.5,843601,41463,44,44,bbr1
0.241,42608,29,23040,31.5,34.6,20.1,242.0,2.0,843601,41468,44,44,bbr1
0.247,27000,18,21600,31.5,31.4,20.1,242.0,1.5,843601,41471,44,44,bbr1
0.254,32696,22,21600,31.2,29.2,20.1,242.0,1.7,843601,41475,44,44,bbr1
0.260,38392,26,21600,30.7,27.1,20.1,242.0,2.3,843601,41479,44,44,bbr1
0.267,42608,29,23040,30.3,27.3,20.1,242.0,2.6,843601,41483,44,44,bbr1
0.274,42608,29,23040,29.9,27.5,20.1,242.0,2.6,843601,41487,44,44,bbr1
0.279,27000,18,21600,29.6,27.4,20.1,242.0,2.6,1054501,41490,44,44,bbr1
0.286,32696,22,21600,29.3,27.3,20.1,242.0,2.5,1054501,41494,44,44,bbr1
0.293,38392,26,24480,29.1,27.2,20.1,242.0,2.4,1054501,41500,44,44,bbr1
0.300,42608,29,25920,28.8,27.1,20.1,242.0,2.3,1054501,41505,44,44,bbr1
0.306,42608,29,27360,28.5,26.7,20.1,242.0,2.3,1054501,41510,44,44,bbr1
0.318,31272,21,24480,28.4,29.0,20.1,242.0,1.8,1056181,41515,44,44,bbr1
0.325,36968,25,25920,28.6,30.4,20.1,242.0,1.8,1056181,41520,44,44,bbr1
0.332,42662,29,28800,29.0,31.7,20.1,242.0,2.1,1056181,41526,44,44,bbr1
0.338,42662,29,30240,29.5,33.0,20.1,242.0,2.6,1056181,41531,44,44,bbr1
0.346,42662,29,33120,30.1,33.9,20.1,242.0,3.0,633708,41536,44,44,bbr1
0.351,42662,29,30240,30.1,30.4,20.1,242.0,2.4,633708,41538,44,44,bbr1
0.364,31299,21,24480,30.8,34.4,20.1,242.0,2.7,633708,41541,44,44,bbr1
0.370,36995,25,24480,31.5,35.9,20.1,242.0,3.3,844945,41545,44,44,bbr1
0.377,42662,29,24480,32.2,37.0,20.1,242.0,3.9,844945,41549,44,44,bbr1
0.382,42662,29,23040,32.9,38.3,20.1,242.0,4.4,844945,41552,44,44,bbr1
0.389,42662,29,23040,33.3,35.6,20.1,242.0,4.0,844945,41556,44,44,bbr1
0.396,27027,18,23040,32.8,29.5,20.1,242.0,3.9,844945,41560,44,44,bbr1
0.402,32723,22,21600,32.3,28.4,20.1,242.0,4.0,844945,41563,44,44,bbr1
0.409,38419,26,23040,31.8,28.9,20.1,242.0,3.9,844945,41568,44,44,bbr1
0.416,42662,29,24480,31.4,28.4,20.1,242.0,3.7,1056181,41572,44,44,bbr1
0.421,42662,29,24480,31.0,28.4,20.1,242.0,3.6,1056181,41576,44,44,bbr1
0.428,27027,18,25920,30.7,28.4,20.1,242.0,3.3,1056181,41581,44,44,bbr1
0.435,32723,22,21600,30.5,28.7,20.1,242.0,3.0,1056181,41582,44,44,bbr1
0.441,38419,26,24480,30.2,28.6,20.1,242.0,2.7,1056181,41588,44,44,bbr1
0.448,43727,30,25920,30.1,29.6,20.1,242.0,2.2,1089251,41593,44,44,bbr1
0.456,43727,30,28800,30.2,30.9,20.1,242.0,1.8,1089251,41599,44,44,bbr1
0.463,43727,30,31680,30.4,31.9,20.1,242.0,1.8,1089251,41604,44,44,bbr1
0.469,43727,30,31680,30.3,29.4,20.1,242.0,1.6,653550,41608,44,44,bbr1
0.481,33255,23,24480,30.6,32.2,20.1,242.0,1.4,653550,41611,44,44,bbr1
0.489,38951,27,25920,31.0,33.6,20.1,242.0,1.8,871401,41616,44,44,bbr1
0.495,43727,30,25920,31.5,35.1,20.1,242.0,2.4,871401,41620,44,44,bbr1
0.502,43863,30,25920,32.1,36.6,20.1,242.0,3.1,874760,41624,44,44,bbr1
0.508,43863,30,25920,32.7,36.5,20.1,242.0,3.4,1093450,41628,44,44,bbr1
0.515,27627,19,27360,32.5,31.6,20.1,242.0,2.8,1093450,41633,44,44,bbr1
0.521,33323,23,23040,32.3,30.7,20.1,242.0,2.6,1093450,41634,44,44,bbr1
0.528,39019,27,25920,32.0,30.3,20.1,242.0,2.4,1093450,41640,44,44,bbr1
0.536,43863,30,28800,31.9,31.0,20.1,242.0,2.1,1093450,41646,44,44,bbr1
0.544,43863,30,30240,31.9,31.8,20.1,242.0,1.6,1093450,41651,44,44,bbr1
0.548,43863,30,30240,32.1,33.3,20.1,242.0,1.5,1093450,41655,44,44,bbr1
0.555,43863,30,31680,31.9,30.9,20.1,242.0,1.5,1093450,41660,44,44,bbr1
0.564,43863,30,34560,32.0,32.4,20.1,242.0,1.2,656070,41666,44,44,bbr1
0.575,33323,23,27360,32.6,35.4,20.1,242.0,1.8,656070,41669,44,44,bbr1
0.584,39019,27,28800,33.1,36.3,20.1,242.0,2.3,656070,41674,44,44,bbr1
0.591,43863,30,27360,33.6,37.7,20.1,242.0,2.9,656070,41677,44,44,bbr1
0.598,43863,30,25920,34.3,39.2,20.1,242.0,3.6,656070,41680,44,44,bbr1
0.604,43863,30,24480,35.1,40.8,20.1,242.0,4.3,874760,41683,44,44,bbr1
0.610,27627,19,24480,35.0,33.7,20.1,242.0,3.6,1093450,41687,44,44,bbr1
0.614,31899,22,24480,34.9,34.3,20.1,242.0,2.8,1093450,41690,44,44,bbr1
0.622,36171,25,28800,34.6,32.9,20.1,242.0,2.6,1093450,41696,44,44,bbr1
0.627,41867,29,28800,34.2,30.7,20.1,242.0,2.9,1093450,41700,44,44,bbr1
0.633,43863,30,30240,33.6,29.3,20.1,242.0,3.4,1093450,41705,44,44,bbr1
0.640,43863,30,31680,33.1,30.0,20.1,242.0,3.5,1093450,41710,44,44,bbr1
0.653,33323,23,27360,32.9,33.0,20.1,242.0,2.4,656070,41715,44,44,bbr1
0.662,39019,27,28800,33.1,34.4,20.1,242.0,2.2,656070,41720,44,44,bbr1
0.669,43863,30,27360,33.4,35.9,20.1,242.0,2.4,656070,41723,44,44,bbr1
0.676,43863,30,27360,33.9,37.1,20.1,242.0,2.7,656070,41726,44,44,bbr1
0.680,43863,30,24480,34.5,38.6,20.1,242.0,3.2,656070,41728,44,44,bbr1
0.686,43863,30,23040,35.2,40.1,20.1,242.0,3.8,874760,41731,44,44,bbr1
0.692,27627,19,23040,35.1,34.4,20.1,242.0,3.0,874760,41735,44,44,bbr1
0.699,33323,23,23040,34.7,32.3,20.1,242.0,3.0,874760,41739,44,44,bbr1
0.707,39019,27,24480,34.1,30.0,20.1,242.0,3.4,874760,41744,44,44,bbr1
0.712,43863,30,23040,33.4,28.3,20.1,242.0,4.0,1093450,41747,44,44,bbr1
0.720,43863,30,25920,32.8,28.2,20.1,242.0,4.3,1093450,41753,44,44,bbr1
0.726,27627,19,27360,32.2,28.3,20.1,242.0,4.4,1093450,41758,44,44,bbr1
0.733,33323,23,23040,31.7,28.5,20.1,242.0,4.2,1093450,41759,44,44,bbr1
0.741,39019,27,27360,31.4,29.1,20.1,242.0,3.8,1093450,41766,44,44,bbr1
0.747,43291,30,30240,31.3,30.2,20.1,242.0,3.1,1093450,41771,44,44,bbr1
0.751,43863,30,28800,31.3,31.8,20.1,242.0,2.5,1093450,41774,44,44,bbr1
0.759,43863,30,31680,31.6,33.4,20.1,242.0,2.4,1093450,41780,44,44,bbr1
0.767,43863,30,33120,31.5,30.6,20.1,242.0,2.0,656070,41785,44,44,bbr1
0.778,33323,23,25920,31.8,33.6,20.1,242.0,1.8,656070,41788,44,44,bbr1
0.787,39019,27,27360,32.2,35.1,20.1,242.0,2.2,876150,41793,44,44,bbr1
0.792,43919,30,25920,32.8,36.6,20.1,242.0,2.7,876150,41796,44,44,bbr1
0.799,43919,30,25920,33.5,38.2,20.1,242.0,3.4,876150,41800,44,44,bbr1
0.807,43919,30,27360,34.1,38.5,20.1,242.0,3.8,1095187,41805,44,44,bbr1
0.819,33351,23,23040,33.6,32.3,20.1,242.0,2.9,1095187,41810,44,44,bbr1
0.827,39047,27,27360,33.5,32.5,20.1,242.0,2.4,1095187,41817,44,44,bbr1
0.834,43919,30,28800,33.4,32.8,20.1,242.0,2.0,1095187,41822,44,44,bbr1
0.841,43919,30,30240,33.3,32.8,20.1,242.0,1.7,1095187,41827,44,44,bbr1
0.847,43919,30,31680,33.5,34.8,20.1,242.0,1.6,1095187,41832,44,44,bbr1
0.854,43919,30,33120,33.2,31.1,20.1,242.0,1.8,657112,41837,44,44,bbr1
0.867,33351,23,25920,33.3,34.1,20.1,242.0,1.4,657112,41840,44,44,bbr1
0.875,39047,27,27360,33.6,35.6,20.1,242.0,1.6,876150,41845,44,44,bbr1
0.880,43919,30,25920,34.0,37.2,20.1,242.0,2.1,876150,41848,44,44,bbr1
0.888,43919,30,27360,34.6,38.3,20.1,242.0,2.7,876150,41853,44,44,bbr1
0.895,43919,30,27360,35.1,39.3,20.1,242.0,3.2,1095187,41857,44,44,bbr1
0.907,33351,23,23040,34.5,32.3,20.1,242.0,3.0,1095187,41862,44,44,bbr1
0.915,39047,27,27360,34.2,32.6,20.1,242.0,2.7,1095187,41869,44,44,bbr1
0.922,43919,30,28800,34.0,32.7,20.1,242.0,2.4,1095187,41874,44,44,bbr1
0.929,43919,30,31680,33.8,32.4,20.1,242.0,2.2,1095187,41879,44,44,bbr1
0.935,43919,30,31680,33.9,34.4,20.1,242.0,1.8,657112,41883,44,44,bbr1
0.946,33351,23,24480,33.4,32.3,20.1,242.0,1.9,657112,41886,44,44,bbr1
0.954,39047,27,25920,33.4,33.8,20.1,242.0,1.5,876150,41891,44,44,bbr1
0.960,43319,30,25920,33.6,34.9,20.1,242.0,1.5,876150,41894,44,44,bbr1
0.966,43974,30,25920,33.9,36.2,20.1,242.0,1.8,877528,41898,44,44,bbr1
0.973,43974,30,25920,34.3,36.9,20.1,242.0,2.1,877528,41902,44,44,bbr1
0.979,27683,19,25920,33.8,30.5,20.1,242.0,2.5,1096910,41906,44,44,bbr1
0.985,33379,23,23040,33.4,30.6,20.1,242.0,2.7,1096910,41908,44,44,bbr1
0.993,39075,27,27360,33.1,30.9,20.1,242.0,2.6,1096910,41915,44,44,bbr1
1.000,43974,30,28800,32.8,30.6,20.1,242.0,2.6,1096910,41920,44,44,bbr1
1.007,43974,30,30240,32.6,31.3,20.1,242.0,2.3,1096910,41925,44,44,bbr1
1.019,33379,23,25920,32.4,31.2,20.1,242.0,1.7,658146,41930,44,44,bbr1
1.028,39075,27,27360,32.4,32.7,20.1,242.0,1.4,658146,41935,44,44,bbr1
1.035,43974,30,25920,32.6,34.2,20.1,242.0,1.5,658146,41938,44,44,bbr1
1.040,43974,30,24480,33.0,35.8,20.1,242.0,1.9,877528,41941,44,44,bbr1
1.047,43974,30,24480,33.6,37.2,20.1,242.0,2.5,877528,41945,44,44,bbr1
1.053,27683,19,24480,33.4,32.2,20.1,242.0,2.2,1096910,41949,44,44,bbr1
1.060,33379,23,23040,33.2,31.7,20.1,242.0,2.1,1096910,41952,44,44,bbr1
1.068,39075,27,27360,32.7,29.6,20.1,242.0,2.4,1096910,41959,44,44,bbr1
1.074,43974,30,28800,32.3,29.1,20.1,242.0,2.7,1096910,41964,44,44,bbr1
1.081,43974,30,30240,31.9,29.2,20.1,242.0,2.8,1096910,41969,44,44,bbr1
1.094,33379,23,25975,31.7,31.1,20.1,242.0,1.9,658146,41975,44,44,bbr1
1.102,39075,27,27415,31.8,32.6,20.1,242.0,1.7,658146,41980,44,44,bbr1
1.109,43974,30,25975,32.1,34.2,20.1,242.0,1.8,658146,41983,44,44,bbr1
1.115,43974,30,24535,32.6,35.8,20.1,242.0,2.3,877528,41986,44,44,bbr1
1.122,43974,30,25975,33.1,36.7,20.1,242.0,2.8,877528,41990,44,44,bbr1
1.126,26298,18,25920,33.7,38.3,20.1,242.0,3.4,1096910,41993,44,44,bbr1
1.131,31994,22,21600,33.6,32.9,20.1,242.0,2.7,1096910,41994,44,44,bbr1
0.006,31540,21,0,31.5,29.5,20.1,242.0,3.3,1096910,41999,45,45,bbr1
0.009,34118,23,0,30.9,27.3,20.1,242.0,3.5,1096910,42001,45,45,bbr1
0.035,41238,28,25920,30.0,23.8,20.1,242.0,4.4,1096910,42024,45,45,bbr1
0.042,43974,30,27360,29.4,25.3,20.1,242.0,4.5,1096910,42029,45,45,bbr1
0.049,43974,30,28800,29.1,26.8,20.1,242.0,4.0,1096910,42034,45,45,bbr1
0.055,43974,30,30240,29.0,28.3,20.1,242.0,3.2,1096910,42039,45,45,bbr1
0.062,43974,30,31680,29.1,29.8,20.1,242.0,2.6,1096910,42044,45,45,bbr1
0.069,43974,30,33120,29.4,31.3,20.1,242.0,2.5,658146,42049,45,45,bbr1
0.076,43974,30,31680,29.8,32.7,20.1,242.0,2.7,658146,42052,45,45,bbr1
0.083,43974,30,30240,30.4,34.4,20.1,242.0,3.2,658146,42055,45,45,bbr1
0.089,43974,30,28800,31.1,35.9,20.1,242.0,3.8,658146,42058,45,45,bbr1
0.095,43974,30,27360,31.9,37.4,20.1,242.0,4.4,658146,42061,45,45,bbr1
0.102,43974,30,25920,32.7,38.9,20.1,242.0,5.1,658146,42064,45,45,bbr1
0.110,43974,30,25920,33.6,39.6,20.1,242.0,5.5,877528,42068,45,45,bbr1
0.117,43974,30,25920,34.1,37.4,20.1,242.0,5.1,877528,42072,45,45,bbr1
0.123,43974,30,25920,34.2,35.4,20.1,242.0,4.1,877528,42076,45,45,bbr1
0.130,43974,30,25920,34.2,33.7,20.1,242.0,3.2,877528,42080,45,45,bbr1
0.137,43974,30,25920,33.8,31.5,20.1,242.0,3.1,877528,42084,45,45,bbr1
0.143,27683,19,25920,33.4,30.3,20.1,242.0,3.2,1096910,42088,45,45,bbr1
0.149,33379,23,23040,33.0,30.5,20.1,242.0,3.1,1096910,42090,45,45,bbr1
0.157,39075,27,27360,32.8,31.2,20.1,242.0,2.8,1096910,42097,45,45,bbr1
0.164,43974,30,28800,32.6,31.5,20.1,242.0,2.4,1096910,42102,45,45,bbr1
0.171,43974,30,30240,32.5,31.6,20.1,242.0,2.1,1096910,42107,45,45,bbr1
0.183,33379,23,25920,32.3,31.1,20.1,242.0,1.5,658146,42112,45,45,bbr1
0.192,39075,27,27360,32.4,32.6,20.1,242.0,1.2,658146,42117,45,45,bbr1
0.199,43974,30,25920,32.6,34.2,20.1,242.0,1.4,658146,42120,45,45,bbr1
0.205,43974,30,24480,33.0,35.9,20.1,242.0,1.8,877528,42123,45,45,bbr1
0.211,43974,30,25920,33.5,36.7,20.1,242.0,2.3,877528,42127,45,45,bbr1
0.216,27683,19,24480,33.3,32.2,20.1,242.0,2.1,1052631,42130,45,45,bbr1
0.221,31955,22,24480,33.2,32.7,20.1,242.0,1.7,1052631,42133,45,45,bbr1
0.228,37651,26,27360,32.9,30.8,20.1,242.0,1.9,1052631,42139,45,45,bbr1
0.235,41923,29,30240,32.5,29.4,20.1,242.0,2.3,1052631,42144,45,45,bbr1
0.241,42548,29,30240,32.1,29.5,20.1,242.0,2.5,631578,42148,45,45,bbr1
0.246,42548,29,27360,31.8,30.0,20.1,242.0,2.4,631578,42150,45,45,bbr1
0.253,26970,18,25920,31.7,30.9,20.1,242.0,2.0,631578,42153,45,45,bbr1
0.259,32666,22,21600,31.8,32.6,20.1,242.0,1.7,631578,42154,45,45,bbr1
0.266,38362,26,21600,32.1,33.9,20.1,242.0,1.8,842105,42158,45,45,bbr1
0.273,44027,30,21600,32.5,35.3,20.1,242.0,2.2,878831,42162,45,45,bbr1
0.281,44027,30,23040,32.7,33.8,20.1,242.0,1.9,878831,42167,45,45,bbr1
0.288,27709,19,23040,31.9,27.0,20.1,242.0,2.9,878831,42171,45,45,bbr1
0.293,31981,22,23040,31.4,27.5,20.1,242.0,3.3,878831,42174,45,45,bbr1
0.299,37677,26,23040,30.9,27.5,20.1,242.0,3.4,878831,42178,45,45,bbr1
0.305,43373,30,23040,30.5,27.7,20.1,242.0,3.4,878831,42182,45,45,bbr1
0.313,44027,30,24480,30.1,27.4,20.1,242.0,3.3,1098538,42187,45,45,bbr1
0.320,27709,19,25920,29.8,27.7,20.1,242.0,3.1,1098538,42192,45,45,bbr1
0.326,33405,23,23040,29.6,28.4,20.1,242.0,2.7,1098538,42194,45,45,bbr1
0.333,39101,27,27360,29.4,28.0,20.1,242.0,2.4,1098538,42201,45,45,bbr1
0.340,44027,30,28800,29.3,28.3,20.1,242.0,2.1,1098538,42206,45,45,bbr1
0.347,44027,30,30240,29.4,30.0,20.1,242.0,1.8,1098538,42211,45,45,bbr1
0.354,44027,30,31680,29.7,31.6,20.1,242.0,1.9,1098538,42216,45,45,bbr1
0.361,44027,30,33120,29.8,31.1,20.1,242.0,1.8,659123,42221,45,45,bbr1
0.373,31981,22,27360,30.6,33.7,20.1,242.0,2.4,659123,42224,45,45,bbr1
0.380,37677,26,27360,31.2,35.2,20.1,242.0,2.9,659123,42228,45,45,bbr1
0.386,43373,30,25920,31.9,36.5,20.1,242.0,3.5,659123,42231,45,45,bbr1
0.393,44027,30,24480,32.6,37.7,20.1,242.0,4.1,878831,42234,45,45,bbr1
0.399,44027,30,24480,33.5,39.8,20.1,242.0,4.9,878831,42238,45,45,bbr1
0.405,27709,19,24480,33.3,31.9,20.1,242.0,4.1,1098538,42242,45,45,bbr1
0.410,31981,22,24480,33.2,32.6,20.1,242.0,3.2,1098538,42245,45,45,bbr1
0.417,37677,26,27360,32.9,30.6,20.1,242.0,3.1,1098538,42251,45,45,bbr1
0.424,41949,29,30240,32.5,29.4,20.1,242.0,3.2,1098538,42256,45,45,bbr1
0.429,44027,30,30240,32.1,29.9,20.1,242.0,3.0,1098538,42260,45,45,bbr1
0.437,44027,30,33120,31.9,30.5,20.1,242.0,2.7,1098538,42266,45,45,bbr1
0.449,33405,23,28800,32.2,33.7,20.1,242.0,1.9,659123,42271,45,45,bbr1
0.456,39101,27,28800,32.5,34.9,20.1,242.0,2.1,659123,42275,45,45,bbr1
0.465,44027,30,28800,33.0,36.4,20.1,242.0,2.6,659123,42279,45,45,bbr1
0.472,44027,30,27360,33.6,37.9,20.1,242.0,3.2,659123,42282,45,45,bbr1
0.478,44027,30,25920,34.3,39.4,20.1,242.0,3.8,659123,42285,45,45,bbr1
0.484,44027,30,24480,35.2,41.0,20.1,242.0,4.5,878831,42288,45,45,bbr1
0.490,27709,19,24480,35.3,36.1,20.1,242.0,3.6,1098538,42292,45,45,bbr1
0.497,33405,23,23040,35.1,34.2,20.1,242.0,3.0,1098538,42295,45,45,bbr1
0.504,39101,27,27360,34.7,31.7,20.1,242.0,3.1,1098538,42302,45,45,bbr1
0.511,44027,30,28800,34.1,30.2,20.1,242.0,3.5,1098538,42307,45,45,bbr1
0.518,44027,30,30240,33.5,29.4,20.1,242.0,3.8,1098538,42312,45,45,bbr1
0.530,33405,23,25920,33.0,31.1,20.1,242.0,3.1,659123,42317,45,45,bbr1
0.539,39101,27,27360,32.9,32.7,20.1,242.0,2.4,659123,42322,45,45,bbr1
0.546,44027,30,25920,33.1,34.2,20.1,242.0,2.1,659123,42325,45,45,bbr1
0.552,44027,30,24480,33.4,35.7,20.1,242.0,2.2,878831,42328,45,45,bbr1
0.559,44027,30,24480,33.9,37.2,20.1,242.0,2.6,878831,42332,45,45,bbr1
0.565,27709,19,24480,33.7,32.3,20.1,242.0,2.4,878831,42336,45,45,bbr1
0.571,33405,23,23040,33.4,31.7,20.1,242.0,2.3,878831,42339,45,45,bbr1
0.578,39101,27,24480,32.9,29.6,20.1,242.0,2.7,878831,42344,45,45,bbr1
0.586,44027,30,25920,32.5,29.4,20.1,242.0,2.9,1098538,42349,45,45,bbr1
0.592,44027,30,27360,32.1,29.3,20.1,242.0,3.0,1098538,42354,45,45,bbr1
0.605,33405,23,23040,31.6,30.2,20.1,242.0,2.5,1098115,42359,45,45,bbr1
0.613,39101,27,27360,31.5,30.4,20.1,242.0,2.1,1098115,42366,45,45,bbr1
0.620,44013,30,28800,31.5,31.4,20.1,242.0,1.6,1098115,42371,45,45,bbr1
0.626,44013,30,30240,31.6,32.7,20.1,242.0,1.5,1098115,42376,45,45,bbr1
0.632,44013,30,31680,32.0,34.4,20.1,242.0,1.9,1098115,42381,45,45,bbr1
0.640,44013,30,34560,31.8,30.8,20.1,242.0,1.7,658869,42386,45,45,bbr1
0.651,33398,23,25920,32.1,33.9,20.1,242.0,1.5,658869,42388,45,45,bbr1
0.659,39094,27,27360,32.5,35.4,20.1,242.0,2.0,878492,42393,45,45,bbr1
0.664,44013,30,25920,33.1,36.6,20.1,242.0,2.5,878492,42396,45,45,bbr1
0.672,44013,30,28800,33.7,38.1,20.1,242.0,3.1,878492,42401,45,45,bbr1
0.677,44013,30,27360,34.4,39.6,20.1,242.0,3.8,878492,42404,45,45,bbr1
0.684,27702,19,27360,34.1,32.1,20.1,242.0,3.5,878492,42408,45,45,bbr1
0.688,31974,22,24480,34.0,32.8,20.1,242.0,2.9,878492,42409,45,45,bbr1
0.695,37670,26,25920,33.8,32.5,20.1,242.0,2.6,878492,42414,45,45,bbr1
0.702,43366,30,25920,33.7,32.7,20.1,242.0,2.2,878492,42418,45,45,bbr1
0.709,44013,30,27360,33.5,32.5,20.1,242.0,1.9,878492,42423,45,45,bbr1
0.716,44013,30,27360,33.5,33.1,20.1,242.0,1.5,878492,42427,45,45,bbr1
0.722,27702,19,27360,33.2,31.5,20.1,242.0,1.7,1098115,42431,45,45,bbr1
0.729,33398,23,23040,33.1,32.3,20.1,242.0,1.5,1098115,42432,45,45,bbr1
0.736,39094,27,27360,33.0,32.3,20.1,242.0,1.3,1098115,42439,45,45,bbr1
0.743,44013,30,28800,33.0,32.7,20.1,242.0,1.1,1098115,42444,45,45,bbr1
0.750,44013,30,30240,32.9,32.7,20.1,242.0,0.8,1098115,42449,45,45,bbr1
0.762,33398,23,25920,32.8,31.1,20.1,242.0,1.0,658869,42454,45,45,bbr1
0.771,39094,27,27360,32.7,32.7,20.1,242.0,0.8,658869,42459,45,45,bbr1
0.778,44013,30,25920,32.9,34.2,20.1,242.0,1.0,658869,42462,45,45,bbr1
0.784,44013,30,24480,33.3,35.7,20.1,242.0,1.4,878492,42465,45,45,bbr1
0.791,44013,30,24480,33.8,37.3,20.1,242.0,2.1,878492,42469,45,45,bbr1
0.797,27702,19,24480,33.6,32.2,20.1,242.0,1.9,878492,42473,45,45,bbr1
0.803,33398,23,23040,33.3,31.7,20.1,242.0,1.9,878492,42476,45,45,bbr1
0.810,37670,26,25920,32.9,30.1,20.1,242.0,2.2,878492,42481,45,45,bbr1
0.815,43366,30,24480,32.4,28.9,20.1,242.0,2.7,878492,42484,45,45,bbr1
0.823,44013,30,25920,32.1,29.6,20.1,242.0,2.7,1098115,42489,45,45,bbr1
0.830,27702,19,27360,31.8,29.9,20.1,242.0,2.6,1053200,42494,45,45,bbr1
0.835,33398,23,23040,31.5,29.6,20.1,242.0,2.5,1053200,42495,45,45,bbr1
0.842,39094,27,25920,31.3,29.8,20.1,242.0,2.3,1053200,42501,45,45,bbr1
0.849,42566,29,28800,31.2,30.0,20.1,242.0,2.0,1053200,42506,45,45,bbr1
0.854,42566,29,28800,31.1,31.1,20.1,242.0,1.6,1053200,42510,45,45,bbr1
0.862,42566,29,30240,31.3,32.6,20.1,242.0,1.5,1053200,42515,45,45,bbr1
0.870,42566,29,31680,31.2,30.7,20.1,242.0,1.3,631920,42520,45,45,bbr1
0.881,32675,22,24535,31.6,33.3,20.1,242.0,1.4,631920,42524,45,45,bbr1
0.888,38371,26,24535,32.0,34.6,20.1,242.0,1.8,876982,42528,45,45,bbr1
0.896,43952,30,25975,32.5,36.0,20.1,242.0,2.3,876982,42533,45,45,bbr1
0.902,43952,30,25975,33.1,37.2,20.1,242.0,2.9,876982,42537,45,45,bbr1
0.908,43952,30,25975,33.5,36.4,20.1,242.0,3.0,1096227,42541,45,45,bbr1
0.922,33407,23,23040,32.9,30.7,20.1,242.0,2.7,1096227,42547,45,45,bbr1
0.928,39103,27,25920,32.7,31.3,20.1,242.0,2.4,1096227,42553,45,45,bbr1
0.936,43952,30,28800,32.6,31.5,20.1,242.0,2.1,1096227,42559,45,45,bbr1
0.943,43952,30,30240,32.5,32.4,20.1,242.0,1.6,1096227,42564,45,45,bbr1
0.950,43952,30,31680,32.7,34.0,20.1,242.0,1.6,1096227,42569,45,45,bbr1
0.957,43952,30,33120,32.5,31.1,20.1,242.0,1.6,657736,42574,45,45,bbr1
0.969,31944,22,27360,32.7,33.7,20.1,242.0,1.2,657736,42577,45,45,bbr1
0.976,37640,26,27360,33.0,35.2,20.1,242.0,1.6,657736,42581,45,45,bbr1
0.982,43336,30,25920,33.5,36.6,20.1,242.0,2.1,657736,42584,45,45,bbr1
0.989,43952,30,24480,34.0,37.8,20.1,242.0,2.6,876982,42587,45,45,bbr1
0.995,43952,30,24480,34.7,39.9,20.1,242.0,3.5,876982,42591,45,45,bbr1
1.001,27672,19,24480,34.4,32.0,20.1,242.0,3.3,876982,42595,45,45,bbr1
1.006,31944,22,24480,34.2,32.8,20.1,242.0,2.9,876982,42598,45,45,bbr1
1.015,36216,25,27360,33.8,30.9,20.1,242.0,3.0,876982,42603,45,45,bbr1
1.020,41912,29,25920,33.2,29.4,20.1,242.0,3.3,876982,42606,45,45,bbr1
1.025,43952,30,24480,32.8,30.1,20.1,242.0,3.3,1096227,42609,45,45,bbr1
1.032,43952,30,27360,32.5,30.3,20.1,242.0,3.1,1096227,42615,45,45,bbr1
1.046,33368,23,23040,32.0,30.7,20.1,242.0,2.6,1096227,42620,45,45,bbr1
1.053,39064,27,27360,31.8,30.4,20.1,242.0,2.3,1096227,42627,45,45,bbr1
1.060,43336,30,30240,31.8,31.7,20.1,242.0,1.8,1096227,42632,45,45,bbr1
1.065,43952,30,30240,32.0,33.3,20.1,242.0,1.7,1096227,42636,45,45,bbr1
1.072,43952,30,31680,32.3,34.8,20.1,242.0,2.0,1096227,42641,45,45,bbr1
1.080,43952,30,33120,32.1,30.7,20.1,242.0,1.9,657736,42646,45,45,bbr1
1.091,33368,23,25975,32.3,33.7,20.1,242.0,1.5,657736,42650,45,45,bbr1
1.099,39064,27,27415,32.7,35.3,20.1,242.0,1.8,876982,42655,45,45,bbr1
1.105,43952,30,25975,33.2,36.8,20.1,242.0,2.4,876982,42658,45,45,bbr1
1.111,43952,30,25975,33.8,38.3,20.1,242.0,3.1,876982,42662,45,45,bbr1
1.119,43952,30,27415,34.4,38.5,20.1,242.0,3.5,1096227,42667,45,45,bbr1
1.132,33407,23,23040,33.9,32.5,20.1,242.0,2.8,1096227,42672,45,45,bbr1
1.140,39103,27,27360,33.8,32.7,20.1,242.0,2.4,1096227,42679,45,45,bbr1
1.147,43952,30,28800,33.7,32.9,20.1,242.0,2.0,1096227,42684,45,45,bbr1
1.153,43952,30,30240,33.6,32.9,20.1,242.0,1.7,1096227,42689,45,45,bbr1
1.160,43952,30,31680,33.8,35.0,20.1,242.0,1.6,1096227,42694,45,45,bbr1
1.167,43952,30,33120,33.4,31.1,20.1,242.0,1.9,657736,42699,45,45,bbr1
1.179,33368,23,25920,33.4,34.2,20.1,242.0,1.4,657736,42702,45,45,bbr1
1.188,39064,27,27360,33.7,35.8,20.1,242.0,1.7,876982,42707,45,45,bbr1
1.193,43952,30,25920,34.1,37.1,20.1,242.0,2.1,876982,42710,45,45,bbr1
1.200,43952,30,27360,34.6,37.8,20.1,242.0,2.5,876982,42714,45,45,bbr1
1.206,43952,30,27360,35.3,39.9,20.1,242.0,3.2,876982,42718,45,45,bbr1
1.213,27672,19,27360,34.9,32.1,20.1,242.0,3.2,876982,42722,45,45,bbr1
1.217,31944,22,24480,34.6,32.9,20.1,242.0,2.9,876982,42723,45,45,bbr1
1.225,37640,26,27360,34.3,32.4,20.1,242.0,2.7,876982,42729,45,45,bbr1
1.230,43336,30,25920,34.1,32.6,20.1,242.0,2.5,876982,42732,45,45,bbr1
1.237,43952,30,25920,33.9,32.7,20.1,242.0,2.2,1096227,42736,45,45,bbr1
1.244,43952,30,28800,33.8,32.9,20.1,242.0,1.9,1096227,42742,45,45,bbr1
1.257,33368,23,25920,33.4,32.2,20.1,242.0,1.8,657702,42748,45,45,bbr1
1.266,39064,27,27360,33.3,32.4,20.1,242.0,1.6,657702,42753,45,45,bbr1
1.273,43950,30,25920,33.3,33.3,20.1,242.0,1.2,657702,42756,45,45,bbr1
1.279,43950,30,24480,33.5,34.8,20.1,242.0,1.3,876937,42759,45,45,bbr1
1.285,43950,30,24480,33.8,36.4,20.1,242.0,1.7,876937,42763,45,45,bbr1
1.291,27671,19,24480,33.6,32.1,20.1,242.0,1.7,1096171,42767,45,45,bbr1
1.298,33367,23,23040,33.4,31.8,20.1,242.0,1.7,1096171,42770,45,45,bbr1
1.306,37639,26,28800,32.9,29.9,20.1,242.0,2.2,1096171,42777,45,45,bbr1
1.311,43335,30,28800,32.4,28.9,20.1,242.0,2.6,1096171,42781,45,45,bbr1
1.318,43950,30,30240,32.1,29.6,20.1,242.0,2.7,1096171,42786,45,45,bbr1
1.324,43950,30,31680,31.9,30.4,20.1,242.0,2.4,1096171,42791,45,45,bbr1
1.337,33367,23,27360,31.8,32.3,20.1,242.0,1.7,657702,42796,45,45,bbr1
1.346,39063,27,28800,32.1,33.8,20.1,242.0,1.8,658649,42801,45,45,bbr1
1.352,44001,30,27360,32.5,35.4,20.1,242.0,2.2,658649,42804,45,45,bbr1
1.359,44001,30,27360,33.0,36.5,20.1,242.0,2.6,658649,42807,45,45,bbr1
1.363,44001,30,24480,33.6,37.8,20.1,242.0,3.2,658649,42809,45,45,bbr1
1.369,44001,30,23040,34.3,39.6,20.1,242.0,3.9,878199,42812,45,45,bbr1
1.376,27696,19,23040,34.3,34.4,20.1,242.0,2.9,1097748,42816,45,45,bbr1
1.383,33392,23,23040,34.1,32.5,20.1,242.0,2.7,1097748,42820,45,45,bbr1
1.390,39088,27,27360,33.6,30.0,20.1,242.0,3.0,1097748,42827,45,45,bbr1
1.397,44001,30,28800,33.0,28.5,20.1,242.0,3.5,1097748,42832,45,45,bbr1
1.404,44001,30,30240,32.4,28.3,20.1,242.0,3.8,1097748,42837,45,45,bbr1
1.415,31968,22,27360,31.9,30.8,20.1,242.0,2.9,658649,42842,45,45,bbr1
1.421,37664,26,27360,32.0,32.3,20.1,242.0,2.3,658649,42846,45,45,bbr1
1.430,43360,30,27360,32.2,33.9,20.1,242.0,2.2,658649,42850,45,45,bbr1
1.437,44001,30,25920,32.6,35.4,20.1,242.0,2.4,658649,42853,45,45,bbr1
1.443,44001,30,24480,33.1,36.8,20.1,242.0,2.9,878199,42856,45,45,bbr1
1.449,27696,19,24480,33.2,33.8,20.1,242.0,2.3,1097748,42860,45,45,bbr1
1.454,31968,22,24480,33.4,34.4,20.1,242.0,2.0,1097748,42863,45,45,bbr1
1.461,37664,26,27360,33.2,32.5,20.1,242.0,1.8,1097748,42869,45,45,bbr1
1.467,43360,30,28800,32.8,30.0,20.1,242.0,2.1,1097748,42874,45,45,bbr1
1.475,44001,30,31680,32.4,29.7,20.1,242.0,2.4,1097748,42880,45,45,bbr1
0.007,3072,2,0,34.4,38.6,20.1,242.0,3.5,878199,42884,46,46,bbr1
0.009,5760,4,0,33.7,28.3,20.1,242.0,4.2,1097748,42886,46,46,bbr1
0.034,12880,8,0,32.4,23.7,20.1,242.0,5.6,1097748,42891,46,46,bbr1
0.060,20000,13,5760,31.0,21.3,20.1,242.0,7.0,1097748,42900,46,46,bbr1
0.066,25696,17,8640,30.0,22.8,20.1,242.0,7.3,1097748,42906,46,46,bbr1
0.085,32816,22,18720,28.9,21.2,20.1,242.0,7.7,1097748,42918,46,46,bbr1
0.092,38512,26,21600,28.1,22.7,20.1,242.0,7.3,1097748,42924,46,46,bbr1
0.099,44001,30,24480,27.6,24.2,20.1,242.0,6.4,1097748,42930,46,46,bbr1
0.106,44001,30,25920,27.4,25.8,20.1,242.0,5.3,1097748,42935,46,46,bbr1
0.113,44001,30,27360,27.2,25.6,20.1,242.0,4.4,1097748,42940,46,46,bbr1
0.119,44001,30,28800,27.2,27.1,20.1,242.0,3.3,1097748,42945,46,46,bbr1
0.126,44001,30,30240,27.3,28.6,20.1,242.0,2.9,1097748,42950,46,46,bbr1
0.132,44001,30,31680,27.7,30.1,20.1,242.0,2.8,1097748,42955,46,46,bbr1
0.141,44001,30,36000,28.1,31.0,20.1,242.0,3.0,658649,42961,46,46,bbr1
0.145,44001,30,33120,28.7,32.8,20.1,242.0,3.4,658649,42963,46,46,bbr1
0.152,44001,30,31680,29.4,34.4,20.1,242.0,4.0,658649,42966,46,46,bbr1
0.159,44001,30,30240,30.2,36.0,20.1,242.0,4.6,658649,42969,46,46,bbr1
0.166,44001,30,28800,31.1,37.4,20.1,242.0,5.3,658649,42972,46,46,bbr1
0.172,44001,30,27360,32.1,38.9,20.1,242.0,5.9,658649,42975,46,46,bbr1
0.178,44001,30,25920,33.1,40.4,20.1,242.0,6.5,658649,42978,46,46,bbr1
0.187,44001,30,25920,33.9,39.4,20.1,242.0,6.4,878199,42982,46,46,bbr1
0.193,44001,30,25920,34.3,37.3,20.1,242.0,5.7,878199,42986,46,46,bbr1
0.198,44001,30,24480,34.4,35.2,20.1,242.0,4.5,878199,42989,46,46,bbr1
0.206,44001,30,25920,34.3,33.5,20.1,242.0,3.6,1097748,42994,46,46,bbr1
0.212,44001,30,27360,34.0,31.4,20.1,242.0,3.4,1097748,42999,46,46,bbr1
0.225,33392,23,23095,33.1,30.4,20.1,242.0,3.3,1055478,43005,46,46,bbr1
0.232,37664,26,27415,32.9,31.0,20.1,242.0,3.0,1055478,43011,46,46,bbr1
0.238,42639,29,27415,32.6,31.0,20.1,242.0,2.7,1055478,43015,46,46,bbr1
0.245,42639,29,28855,32.7,33.1,20.1,242.0,2.2,1055478,43020,46,46,bbr1
0.252,42639,29,30295,32.9,34.6,20.1,242.0,2.1,1055478,43025,46,46,bbr1
0.259,42639,29,33120,32.4,28.9,20.1,242.0,2.6,633287,43030,46,46,bbr1
0.270,32711,22,24480,32.5,33.1,20.1,242.0,1.8,658259,43032,46,46,bbr1
0.278,38407,26,25920,32.7,34.5,20.1,242.0,1.8,877679,43037,46,46,bbr1
0.283,43980,30,24480,33.1,35.7,20.1,242.0,2.1,877679,43040,46,46,bbr1
0.291,43980,30,25920,33.6,36.9,20.1,242.0,2.5,877679,43045,46,46,bbr1
0.297,43980,30,25920,34.1,37.6,20.1,242.0,2.9,1097098,43049,46,46,bbr1
0.304,27686,19,27360,33.8,31.6,20.1,242.0,2.8,1097098,43054,46,46,bbr1
0.310,33382,23,23040,33.3,30.3,20.1,242.0,3.0,1097098,43055,46,46,bbr1
0.318,39078,27,27360,33.0,30.4,20.1,242.0,3.0,1097098,43062,46,46,bbr1
0.325,43980,30,28800,32.7,31.1,20.1,242.0,2.7,1097098,43067,46,46,bbr1
0.332,43980,30,31680,32.6,31.6,20.1,242.0,2.3,1097098,43072,46,46,bbr1
0.338,43980,30,31680,32.7,33.1,20.1,242.0,1.8,658259,43076,46,46,bbr1
0.349,33382,23,24480,32.4,32.3,20.1,242.0,1.4,658259,43079,46,46,bbr1
0.357,39078,27,25920,32.6,33.8,20.1,242.0,1.4,877679,43084,46,46,bbr1
0.363,43980,30,24480,32.9,35.3,20.1,242.0,1.7,877679,43087,46,46,bbr1
0.371,43980,30,25920,33.4,36.7,20.1,242.0,2.2,877679,43092,46,46,bbr1
0.377,43980,30,25920,33.8,36.3,20.1,242.0,2.4,877679,43096,46,46,bbr1
0.383,27686,19,25920,33.5,31.6,20.1,242.0,2.4,1097098,43100,46,46,bbr1
0.390,33382,23,23040,33.1,30.2,20.1,242.0,2.6,1097098,43102,46,46,bbr1
0.398,39078,27,27360,32.8,30.4,20.1,242.0,2.6,1097098,43109,46,46,bbr1
0.404,43980,30,28800,32.5,30.5,20.1,242.0,2.5,1097098,43114,46,46,bbr1
0.411,43980,30,30240,32.3,31.3,20.1,242.0,2.2,1097098,43119,46,46,bbr1
0.424,33382,23,25920,32.2,31.2,20.1,242.0,1.5,658259,43124,46,46,bbr1
0.433,37654,26,28800,32.2,32.3,20.1,242.0,1.2,658259,43129,46,46,bbr1
0.437,43350,30,25920,32.4,33.9,20.1,242.0,1.3,658259,43131,46,46,bbr1
0.443,43980,30,24480,32.8,35.4,20.1,242.0,1.7,658259,43134,46,46,bbr1
0.449,43980,30,23040,33.3,36.7,20.1,242.0,2.3,877679,43137,46,46,bbr1
0.457,27686,19,21600,33.2,33.0,20.1,242.0,1.8,1097098,43140,46,46,bbr1
0.462,31958,22,24480,33.2,32.9,20.1,242.0,1.4,1097098,43145,46,46,bbr1
0.469,37654,26,25920,32.9,30.8,20.1,242.0,1.7,1097098,43150,46,46,bbr1
0.476,43350,30,27360,32.4,28.9,20.1,242.0,2.3,1097098,43155,46,46,bbr1
0.482,43980,30,28800,31.9,28.5,20.1,242.0,2.7,1097098,43160,46,46,bbr1
0.488,43980,30,30240,31.5,28.6,20.1,242.0,2.8,1097098,43165,46,46,bbr1
0.502,33382,23,25920,31.3,31.6,20.1,242.0,1.9,658259,43170,46,46,bbr1
0.510,39078,27,27360,31.5,32.6,20.1,242.0,1.8,658259,43175,46,46,bbr1
0.517,43980,30,25920,31.9,34.7,20.1,242.0,2.1,658259,43178,46,46,bbr1
0.523,43980,30,24480,32.4,36.2,20.1,242.0,2.7,877679,43181,46,46,bbr1
0.530,43980,30,24480,33.1,37.8,20.1,242.0,3.3,877679,43185,46,46,bbr1
0.536,27686,19,24480,33.0,32.1,20.1,242.0,2.7,1097098,43189,46,46,bbr1
0.542,33382,23,23040,32.8,31.8,20.1,242.0,2.4,1097098,43192,46,46,bbr1
0.550,39078,27,27360,32.4,29.4,20.1,242.0,2.6,1097098,43199,46,46,bbr1
0.557,43980,30,28800,32.0,29.0,20.1,242.0,2.8,1097098,43204,46,46,bbr1
0.564,43980,30,30240,31.6,29.2,20.1,242.0,2.8,1097098,43209,46,46,bbr1
0.576,33382,23,25920,31.5,31.2,20.1,242.0,1.8,658259,43214,46,46,bbr1
0.585,39078,27,27360,31.6,32.6,20.1,242.0,1.6,658259,43219,46,46,bbr1
0.592,43980,30,25920,32.0,34.2,20.1,242.0,1.9,658259,43222,46,46,bbr1
0.598,43980,30,25920,32.4,35.5,20.1,242.0,2.3,877679,43225,46,46,bbr1
0.603,43980,30,24480,32.9,36.6,20.1,242.0,2.8,877679,43228,46,46,bbr1
0.609,29110,20,23040,32.8,32.0,20.1,242.0,2.3,1108585,43232,46,46,bbr1
0.617,34806,24,24480,32.7,31.8,20.1,242.0,2.0,1108585,43237,46,46,bbr1
0.625,40502,28,28800,32.3,29.6,20.1,242.0,2.3,1108585,43244,46,46,bbr1
0.631,44350,30,31680,31.9,28.9,20.1,242.0,2.5,1108585,43249,46,46,bbr1
0.638,44350,30,31680,31.5,29.1,20.1,242.0,2.6,665151,43253,46,46,bbr1
0.649,33567,23,24535,31.3,30.3,20.1,242.0,1.9,665151,43257,46,46,bbr1
0.657,37839,26,27415,31.5,33.1,20.1,242.0,1.9,886868,43262,46,46,bbr1
0.662,43535,30,25975,31.9,34.7,20.1,242.0,2.2,886868,43265,46,46,bbr1
0.669,44350,30,25975,32.5,36.1,20.1,242.0,2.7,886868,43269,46,46,bbr1
0.676,44350,30,25975,33.0,36.8,20.1,242.0,3.1,886868,43273,46,46,bbr1
0.681,27910,19,25920,32.7,30.5,20.1,242.0,3.0,1108585,43277,46,46,bbr1
0.688,33606,23,23040,32.5,30.9,20.1,242.0,2.7,1108585,43279,46,46,bbr1
0.696,39302,27,27360,32.2,30.5,20.1,242.0,2.5,1108585,43286,46,46,bbr1
0.703,44350,30,28800,32.1,31.4,20.1,242.0,2.1,1108585,43291,46,46,bbr1
0.709,44350,30,30240,32.0,31.6,20.1,242.0,1.7,1108585,43296,46,46,bbr1
0.722,33567,23,25920,32.0,31.2,20.1,242.0,1.3,665151,43301,46,46,bbr1
0.731,39263,27,27360,32.1,32.7,20.1,242.0,1.1,665151,43306,46,46,bbr1
0.738,44350,30,25920,32.4,34.3,20.1,242.0,1.4,665151,43309,46,46,bbr1
0.743,44350,30,24480,32.8,35.9,20.1,242.0,1.9,886868,43312,46,46,bbr1
0.750,44350,30,24480,33.4,37.3,20.1,242.0,2.6,886868,43316,46,46,bbr1
0.756,27871,19,24480,33.2,32.1,20.1,242.0,2.2,886868,43320,46,46,bbr1
0.763,33567,23,23040,33.0,31.7,20.1,242.0,2.1,886868,43323,46,46,bbr1
0.769,39263,27,24480,32.6,29.7,20.1,242.0,2.4,886868,43328,46,46,bbr1
0.776,44350,30,24480,32.2,29.3,20.1,242.0,2.6,1108585,43332,46,46,bbr1
0.783,44350,30,27360,31.9,30.0,20.1,242.0,2.5,1108585,43338,46,46,bbr1
0.797,33567,23,24480,31.6,30.5,20.1,242.0,2.0,1108585,43344,46,46,bbr1
0.804,39263,27,28800,31.4,30.4,20.1,242.0,1.8,1108585,43351,46,46,bbr1
0.811,44350,30,30240,31.5,32.1,20.1,242.0,1.5,1108585,43356,46,46,bbr1
0.817,44350,30,31680,31.8,33.7,20.1,242.0,1.7,1108585,43361,46,46,bbr1
0.825,44350,30,33120,32.2,35.3,20.1,242.0,2.2,665151,43366,46,46,bbr1
0.837,33567,23,25920,32.5,34.1,20.1,242.0,1.7,665151,43369,46,46,bbr1
0.845,39263,27,27360,32.9,35.6,20.1,242.0,2.1,886868,43374,46,46,bbr1
0.851,44350,30,25920,33.4,37.2,20.1,242.0,2.6,886868,43377,46,46,bbr1
0.858,44350,30,27360,34.1,38.7,20.1,242.0,3.3,886868,43382,46,46,bbr1
0.865,44350,30,27360,34.7,39.4,20.1,242.0,3.8,886868,43386,46,46,bbr1
0.871,27871,19,27360,34.4,32.1,20.1,242.0,3.5,886868,43390,46,46,bbr1
0.878,33567,23,23040,34.2,32.5,20.1,242.0,3.1,886868,43391,46,46,bbr1
0.885,39263,27,24480,34.0,32.6,20.1,242.0,2.8,886868,43396,46,46,bbr1
0.891,44350,30,24480,33.8,32.8,20.1,242.0,2.4,1108585,43400,46,46,bbr1
0.898,44350,30,27360,33.7,32.7,20.1,242.0,2.0,1108585,43406,46,46,bbr1
0.912,33567,23,24480,33.3,30.4,20.1,242.0,2.0,1108585,43412,46,46,bbr1
0.919,39263,27,28800,32.9,30.3,20.1,242.0,2.2,1108585,43419,46,46,bbr1
0.926,44350,30,30240,32.8,32.1,20.1,242.0,1.9,1108585,43424,46,46,bbr1
0.933,44350,30,31680,32.9,33.6,20.1,242.0,1.6,1108585,43429,46,46,bbr1
0.940,44350,30,33120,33.2,35.2,20.1,242.0,1.8,665151,43434,46,46,bbr1
0.952,33567,23,25920,33.2,34.0,20.1,242.0,1.4,665151,43437,46,46,bbr1
0.960,39263,27,27360,33.5,35.6,20.1,242.0,1.6,886868,43442,46,46,bbr1
0.967,44350,30,27360,34.0,37.2,20.1,242.0,2.2,886868,43446,46,46,bbr1
0.974,44350,30,27360,34.5,38.4,20.1,242.0,2.7,886868,43450,46,46,bbr1
0.980,44350,30,27360,35.1,39.5,20.1,242.0,3.3,886868,43454,46,46,bbr1
0.986,27871,19,27360,34.8,32.2,20.1,242.0,3.2,1098646,43458,46,46,bbr1
0.993,33567,23,23040,34.5,32.5,20.1,242.0,3.0,1098646,43459,46,46,bbr1
1.001,39263,27,27360,34.3,32.7,20.1,242.0,2.7,1098646,43466,46,46,bbr1
1.008,44030,30,28800,34.1,32.7,20.1,242.0,2.4,1098646,43471,46,46,bbr1
1.014,44030,30,30240,34.0,33.3,20.1,242.0,2.0,1098646,43476,46,46,bbr1
1.021,42555,29,31680,34.0,33.8,20.1,242.0,1.5,631709,43481,46,46,bbr1
1.032,31245,21,25920,33.4,32.3,20.1,242.0,1.8,631709,43484,46,46,bbr1
1.039,36941,25,25920,33.4,33.8,20.1,242.0,1.4,631709,43488,46,46,bbr1
1.046,42555,29,24480,33.7,35.3,20.1,242.0,1.5,631709,43491,46,46,bbr1
1.052,42555,29,24480,34.0,36.1,20.1,242.0,1.8,842279,43494,46,46,bbr1
1.059,42555,29,24480,34.5,38.1,20.1,242.0,2.4,842279,43498,46,46,bbr1
1.064,26973,18,23040,34.2,32.1,20.1,242.0,2.4,1052848,43501,46,46,bbr1
1.069,31245,21,23040,34.0,32.6,20.1,242.0,2.2,1052848,43504,46,46,bbr1
1.076,36941,25,25920,33.5,30.2,20.1,242.0,2.6,1052848,43510,46,46,bbr1
1.083,42555,29,27360,33.0,29.0,20.1,242.0,3.1,1052848,43515,46,46,bbr1
1.090,42555,29,28800,32.4,28.5,20.1,242.0,3.4,1052848,43520,46,46,bbr1
1.097,42555,29,30240,32.1,29.6,20.1,242.0,3.3,1052848,43525,46,46,bbr1
1.110,32669,22,25920,32.0,32.3,20.1,242.0,2.1,631709,43530,46,46,bbr1
1.117,36941,25,27360,32.1,33.2,20.1,242.0,1.9,631709,43534,46,46,bbr1
1.124,42555,29,25920,32.4,34.6,20.1,242.0,2.0,631709,43537,46,46,bbr1
1.130,42555,29,24480,32.9,35.8,20.1,242.0,2.4,631709,43540,46,46,bbr1
1.137,42555,29,23040,33.4,37.2,20.1,242.0,2.9,842279,43543,46,46,bbr1
1.142,26973,18,21600,33.2,32.1,20.1,242.0,2.5,842279,43546,46,46,bbr1
1.149,31245,21,23040,33.1,32.5,20.1,242.0,2.0,842279,43550,46,46,bbr1
1.154,36941,25,21600,32.8,30.0,20.1,242.0,2.3,842279,43553,46,46,bbr1
1.161,42555,29,21600,32.1,27.8,20.1,242.0,3.0,842279,43557,46,46,bbr1
1.167,42554,29,21600,31.5,27.2,20.1,242.0,3.5,1052838,43561,46,46,bbr1
1.175,26973,18,24480,31.0,27.2,20.1,242.0,3.7,1052838,43567,46,46,bbr1
1.181,32669,22,21600,30.5,27.0,20.1,242.0,3.7,1052838,43569,46,46,bbr1
1.188,38365,26,24480,30.1,27.0,20.1,242.0,3.7,1052838,43575,46,46,bbr1
1.195,42553,29,25920,29.7,27.1,20.1,242.0,3.5,1052793,43580,46,46,bbr1
1.202,42553,29,27360,29.5,28.6,20.1,242.0,2.9,1052793,43585,46,46,bbr1
1.208,44546,30,27360,29.2,26.9,20.1,242.0,2.8,1114671,43590,46,46,bbr1
1.218,44546,30,31680,29.3,29.9,20.1,242.0,2.3,1114671,43597,46,46,bbr1
1.225,44546,30,33120,29.6,31.3,20.1,242.0,2.2,668802,43602,46,46,bbr1
1.237,33665,23,25975,30.4,33.8,20.1,242.0,2.8,668802,43606,46,46,bbr1
1.245,39361,27,27415,31.0,35.4,20.1,242.0,3.3,891737,43611,46,46,bbr1
1.250,44546,30,25975,31.8,36.8,20.1,242.0,3.9,891737,43614,46,46,bbr1
1.258,44546,30,27415,32.6,38.4,20.1,242.0,4.6,891737,43619,46,46,bbr1
1.264,44546,30,27415,33.4,39.2,20.1,242.0,5.1,1114671,43623,46,46,bbr1
1.278,33704,23,24480,33.2,32.6,20.1,242.0,3.3,1114671,43629,46,46,bbr1
1.286,39400,27,28800,33.1,32.8,20.1,242.0,2.5,1114671,43636,46,46,bbr1
1.292,44546,30,30240,33.1,32.9,20.1,242.0,2.0,1114671,43641,46,46,bbr1
1.298,44546,30,31680,33.2,33.9,20.1,242.0,1.7,1114671,43646,46,46,bbr1
1.306,44546,30,34560,33.4,35.1,20.1,242.0,1.7,668802,43651,46,46,bbr1
1.317,33665,23,25920,33.2,33.8,20.1,242.0,1.7,668802,43653,46,46,bbr1
1.325,39361,27,27360,33.4,35.3,20.1,242.0,1.8,891737,43658,46,46,bbr1
1.330,44546,30,25920,33.8,36.6,20.1,242.0,2.1,891737,43661,46,46,bbr1
1.338,44546,30,27360,34.4,38.5,20.1,242.0,2.8,891737,43666,46,46,bbr1
1.345,44546,30,27360,35.1,40.1,20.1,242.0,3.5,891737,43670,46,46,bbr1
1.350,27969,19,27360,34.7,32.0,20.1,242.0,3.4,1114671,43674,46,46,bbr1
1.357,33665,23,23040,34.4,32.5,20.1,242.0,3.1,1114671,43675,46,46,bbr1
1.365,39361,27,27360,34.2,32.5,20.1,242.0,2.8,1114671,43682,46,46,bbr1
1.372,44546,30,28800,34.0,32.7,20.1,242.0,2.5,1114671,43687,46,46,bbr1
1.378,44546,30,30240,33.9,32.8,20.1,242.0,2.2,1114671,43692,46,46,bbr1
1.384,44546,30,31680,33.8,33.7,20.1,242.0,1.7,1114671,43697,46,46,bbr1
1.398,33665,23,28855,33.4,32.8,20.1,242.0,1.6,668802,43704,46,46,bbr1
1.405,39361,27,28855,33.5,34.4,20.1,242.0,1.5,668802,43708,46,46,bbr1
1.413,44546,30,28855,33.9,36.1,20.1,242.0,1.7,668802,43712,46,46,bbr1
1.419,44546,30,27415,34.3,37.6,20.1,242.0,2.2,668802,43715,46,46,bbr1
1.426,44546,30,25975,34.9,39.1,20.1,242.0,2.9,668802,43718,46,46,bbr1
1.432,44546,30,24535,35.7,40.8,20.1,242.0,3.6,891737,43721,46,46,bbr1
1.439,28008,19,24480,35.7,36.3,20.1,242.0,2.9,891737,43725,46,46,bbr1
1.445,33704,23,23040,35.6,34.3,20.1,242.0,2.5,891737,43728,46,46,bbr1
1.453,39400,27,25920,35.2,32.7,20.1,242.0,2.6,891737,43734,46,46,bbr1
1.460,44546,30,25920,34.7,30.8,20.1,242.0,3.1,891737,43738,46,46,bbr1
0.006,37464,26,0,32.6,31.1,20.1,242.0,2.9,1114671,43739,46,46,bbr1
0.008,40042,27,0,31.9,26.8,20.1,242.0,3.7,1114671,43741,46,46,bbr1
0.034,44546,30,25920,30.9,23.7,20.1,242.0,4.8,1114671,43764,46,46,bbr1
0.040,44546,30,27360,30.2,25.4,20.1,242.0,5.0,1114671,43769,46,46,bbr1
0.047,44546,30,28800,29.8,27.0,20.1,242.0,4.5,1114671,43774,46,46,bbr1
0.054,44546,30,31680,29.6,28.6,20.1,242.0,3.7,1114671,43780,46,46,bbr1
0.062,44546,30,33120,29.7,30.2,20.1,242.0,2.9,668802,43785,46,46,bbr1
0.068,44546,30,31680,29.9,31.4,20.1,242.0,2.6,668802,43788,46,46,bbr1
0.075,44546,30,30240,30.3,33.3,20.1,242.0,2.8,668802,43791,46,46,bbr1
0.082,44546,30,28800,30.9,34.9,20.1,242.0,3.3,668802,43794,46,46,bbr1
0.088,44546,30,27360,31.6,36.6,20.1,242.0,3.9,668802,43797,46,46,bbr1
0.094,44546,30,27360,32.4,37.8,20.1,242.0,4.4,668802,43800,46,46,bbr1
0.100,44546,30,25920,33.3,39.4,20.1,242.0,5.1,668802,43803,46,46,bbr1
0.107,44546,30,24480,33.8,37.5,20.1,242.0,4.9,891737,43806,46,46,bbr1
0.113,44546,30,25920,34.1,36.1,20.1,242.0,4.2,891737,43810,46,46,bbr1
0.118,44546,30,25920,34.1,34.4,20.1,242.0,3.2,891737,43813,46,46,bbr1
0.124,44546,30,25920,34.0,32.9,20.1,242.0,2.7,891737,43817,46,46,bbr1
0.130,44546,30,24480,33.6,31.1,20.1,242.0,2.8,891737,43820,46,46,bbr1
0.137,42594,29,25920,33.1,29.2,20.1,242.0,3.2,843254,43825,46,46,bbr1
0.144,26993,18,25920,32.7,30.2,20.1,242.0,3.1,843254,43829,46,46,bbr1
0.150,32689,22,21600,32.4,30.5,20.1,242.0,2.9,843254,43830,46,46,bbr1
0.157,38385,26,23040,32.2,30.3,20.1,242.0,2.7,843254,43835,46,46,bbr1
0.164,42594,29,23040,32.0,30.6,20.1,242.0,2.4,843254,43839,46,46,bbr1
0.170,42594,29,23040,31.9,31.3,20.1,242.0,2.0,843254,43843,46,46,bbr1
0.177,26993,18,23040,31.3,27.0,20.1,242.0,2.7,1054067,43847,46,46,bbr1
0.182,31265,21,23040,30.9,28.6,20.1,242.0,2.7,1054067,43850,46,46,bbr1
0.189,36961,25,25920,30.7,28.7,20.1,242.0,2.6,1054067,43856,46,46,bbr1
0.196,42594,29,27360,30.4,28.5,20.1,242.0,2.5,1054067,43861,46,46,bbr1
0.203,42594,29,28800,30.2,28.5,20.1,242.0,2.3,1054067,43866,46,46,bbr1
0.216,32689,22,24480,30.2,30.8,20.1,242.0,1.6,632440,43871,46,46,bbr1
0.223,36961,25,25920,30.4,31.7,20.1,242.0,1.6,632440,43875,46,46,bbr1
0.230,42594,29,24480,30.7,33.0,20.1,242.0,1.9,632440,43878,46,46,bbr1
0.237,42594,29,23040,31.1,34.4,20.1,242.0,2.3,632440,43881,46,46,bbr1
0.243,42587,29,21600,31.7,35.7,20.1,242.0,2.9,843080,43884,46,46,bbr1
0.248,26989,18,20160,31.6,30.5,20.1,242.0,2.5,843080,43887,46,46,bbr1
0.255,32685,22,20160,31.3,29.8,20.1,242.0,2.3,843080,43891,46,46,bbr1
0.262,38381,26,20160,30.8,27.4,20.1,242.0,2.7,843080,43895,46,46,bbr1
0.268,42587,29,20160,30.2,25.6,20.1,242.0,3.3,843080,43899,46,46,bbr1
0.277,42587,29,21600,29.6,25.7,20.1,242.0,3.6,843080,43904,46,46,bbr1
0.282,42587,29,20160,29.1,25.5,20.1,242.0,3.8,843080,43907,46,46,bbr1
0.289,42587,29,20160,28.6,24.9,20.1,242.0,3.9,1053850,43911,46,46,bbr1
0.297,42587,29,23040,28.1,25.0,20.1,242.0,3.8,1053850,43917,46,46,bbr1
0.304,42587,29,24480,27.8,25.3,20.1,242.0,3.5,1053850,43922,46,46,bbr1
0.310,42587,29,25920,27.4,24.9,20.1,242.0,3.4,1053850,43927,46,46,bbr1
0.316,42587,29,25920,27.2,25.9,20.1,242.0,2.9,1053850,43931,46,46,bbr1
0.323,42587,29,27360,27.2,27.2,20.1,242.0,2.2,1053850,43936,46,46,bbr1
0.330,42587,29,28800,27.4,28.5,20.1,242.0,2.0,1053850,43941,46,46,bbr1
0.336,42587,29,30240,27.7,29.8,20.1,242.0,2.1,1053850,43946,46,46,bbr1
0.344,42587,29,31680,28.1,31.2,20.1,242.0,2.4,632310,43951,46,46,bbr1
0.351,42587,29,30240,28.7,32.5,20.1,242.0,2.9,632310,43954,46,46,bbr1
0.358,42587,29,28800,29.3,33.8,20.1,242.0,3.4,632310,43957,46,46,bbr1
0.365,42587,29,27360,30.0,35.2,20.1,242.0,4.0,632310,43960,46,46,bbr1
0.371,42587,29,25920,30.8,36.4,20.1,242.0,4.6,632310,43963,46,46,bbr1
0.378,42587,29,25920,31.7,37.4,20.1,242.0,5.1,632310,43966,46,46,bbr1
0.383,42587,29,23040,32.4,37.9,20.1,242.0,5.4,632310,43968,46,46,bbr1
0.389,42587,29,21600,32.8,35.4,20.1,242.0,4.8,843080,43971,46,46,bbr1
0.396,42587,29,21600,32.8,33.1,20.1,242.0,3.7,843080,43975,46,46,bbr1
0.403,42587,29,21600,32.6,30.8,20.1,242.0,3.2,843080,43979,46,46,bbr1
0.410,42587,29,21600,32.1,28.4,20.1,242.0,3.5,843080,43983,46,46,bbr1
0.416,26989,18,21600,31.4,26.7,20.1,242.0,3.9,1053850,43987,46,46,bbr1
0.423,32685,22,21600,30.8,26.7,20.1,242.0,4.1,1053850,43991,46,46,bbr1
0.430,36957,25,25920,30.3,26.6,20.1,242.0,4.2,1053850,43997,46,46,bbr1
0.436,42587,29,25920,29.8,26.1,20.1,242.0,4.2,1053850,44001,46,46,bbr1
0.442,42587,29,27360,29.3,26.4,20.1,242.0,3.9,1053850,44006,46,46,bbr1
0.449,42587,29,28800,29.1,27.8,20.1,242.0,3.4,1053850,44011,46,46,bbr1
0.456,42602,29,30240,29.1,29.1,20.1,242.0,2.5,1054305,44016,46,46,bbr1
0.463,44192,30,31680,29.3,30.4,20.1,242.0,2.2,1103670,44021,46,46,bbr1
0.470,44192,30,33120,29.6,31.5,20.1,242.0,2.2,662202,44026,46,46,bbr1
0.476,44192,30,31680,30.0,32.7,20.1,242.0,2.5,662202,44029,46,46,bbr1
0.483,44192,30,30240,30.5,34.3,20.1,242.0,2.9,662202,44032,46,46,bbr1
0.490,44192,30,28800,31.1,35.6,20.1,242.0,3.5,662202,44035,46,46,bbr1
0.496,44192,30,28800,31.8,36.6,20.1,242.0,4.0,662202,44038,46,46,bbr1
0.503,44192,30,27360,32.6,37.7,20.1,242.0,4.4,662202,44041,46,46,bbr1
0.509,44192,30,25920,33.4,39.5,20.1,242.0,5.1,662202,44044,46,46,bbr1
0.515,44192,30,24480,34.0,37.6,20.1,242.0,4.9,882936,44047,46,46,bbr1
0.522,44192,30,24480,34.2,35.7,20.1,242.0,4.1,882936,44051,46,46,bbr1
0.528,44192,30,24480,34.1,33.7,20.1,242.0,3.2,882936,44055,46,46,bbr1
0.534,27792,19,24480,33.8,31.8,20.1,242.0,3.0,1103670,44059,46,46,bbr1
0.541,33488,23,23040,33.3,29.6,20.1,242.0,3.3,1103670,44062,46,46,bbr1
0.549,39184,27,27360,32.8,29.2,20.1,242.0,3.5,1103670,44069,46,46,bbr1
0.556,44192,30,28800,32.4,29.5,20.1,242.0,3.5,1103670,44074,46,46,bbr1
0.563,44192,30,30240,32.1,30.1,20.1,242.0,3.2,1103670,44079,46,46,bbr1
0.569,44192,30,31680,32.0,31.4,20.1,242.0,2.5,1103670,44084,46,46,bbr1
0.576,44192,30,33120,31.9,31.1,20.1,242.0,2.1,662202,44089,46,46,bbr1
0.583,44192,30,31680,32.0,32.8,20.1,242.0,1.8,662202,44092,46,46,bbr1
0.589,44192,30,30240,32.3,34.3,20.1,242.0,1.9,662202,44095,46,46,bbr1
0.595,44192,30,28800,32.7,35.9,20.1,242.0,2.4,662202,44098,46,46,bbr1
0.604,44192,30,28800,33.3,37.3,20.1,242.0,2.9,662202,44102,46,46,bbr1
0.611,44192,30,27360,34.0,38.9,20.1,242.0,3.6,662202,44105,46,46,bbr1
0.617,44192,30,25920,34.7,39.6,20.1,242.0,4.1,662202,44108,46,46,bbr1
0.623,44192,30,24480,35.0,37.3,20.1,242.0,3.7,882936,44111,46,46,bbr1
0.630,44192,30,24480,35.1,35.9,20.1,242.0,3.0,882936,44115,46,46,bbr1
0.636,27792,19,24480,35.0,33.9,20.1,242.0,2.6,882936,44119,46,46,bbr1
0.643,33488,23,23040,34.6,31.8,20.1,242.0,2.7,882936,44122,46,46,bbr1
0.650,39184,27,24480,34.0,30.1,20.1,242.0,3.2,882936,44127,46,46,bbr1
0.657,44192,30,25920,33.5,29.8,20.1,242.0,3.4,1103670,44132,46,46,bbr1
0.664,44192,30,27360,33.1,30.0,20.1,242.0,3.4,1103670,44137,46,46,bbr1
0.670,44192,30,28800,32.7,30.3,20.1,242.0,3.3,1103670,44142,46,46,bbr1
0.677,44192,30,30240,32.4,30.3,20.1,242.0,3.1,1103670,44147,46,46,bbr1
0.690,33488,23,25920,32.1,31.6,20.1,242.0,2.2,662202,44152,46,46,bbr1
0.699,39184,27,27360,32.2,32.8,20.1,242.0,1.8,662202,44157,46,46,bbr1
0.706,44192,30,25920,32.5,34.7,20.1,242.0,2.0,662202,44160,46,46,bbr1
0.712,44192,30,24480,33.0,36.2,20.1,242.0,2.4,882936,44163,46,46,bbr1
0.718,44192,30,24480,33.6,37.8,20.1,242.0,3.0,882936,44167,46,46,bbr1
0.724,44192,30,24480,33.4,32.1,20.1,242.0,2.6,882936,44171,46,46,bbr1
0.731,44192,30,24480,33.2,31.7,20.1,242.0,2.4,882936,44175,46,46,bbr1
0.739,27792,19,25920,32.7,29.6,20.1,242.0,2.7,882936,44180,46,46,bbr1
0.745,33488,23,23040,32.3,29.1,20.1,242.0,2.9,882936,44182,46,46,bbr1
0.751,39184,27,24480,31.9,29.4,20.1,242.0,2.9,882936,44187,46,46,bbr1
0.759,44192,30,25920,31.7,30.0,20.1,242.0,2.7,1103670,44192,46,46,bbr1
0.766,44192,30,27360,31.5,30.4,20.1,242.0,2.3,1103670,44197,46,46,bbr1
0.772,44192,30,28800,31.3,30.1,20.1,242.0,2.1,1103670,44202,46,46,bbr1
0.778,44192,30,30240,31.2,29.8,20.1,242.0,1.9,1103670,44207,46,46,bbr1
0.792,33488,23,27360,31.1,31.5,20.1,242.0,1.3,631578,44213,46,46,bbr1
0.799,39184,27,27360,31.3,32.6,20.1,242.0,1.3,631578,44217,46,46,bbr1
0.806,42548,29,25920,31.7,34.6,20.1,242.0,1.8,631578,44220,46,46,bbr1
0.812,42548,29,24480,32.3,36.2,20.1,242.0,2.5,631578,44223,46,46,bbr1
0.819,42548,29,23040,33.0,37.7,20.1,242.0,3.2,842105,44226,46,46,bbr1
0.826,44104,30,21600,33.1,33.8,20.1,242.0,2.6,880746,44230,46,46,bbr1
0.835,27748,19,24480,33.1,33.1,20.1,242.0,2.0,880746,44236,46,46,bbr1
0.841,33444,23,23040,32.8,30.8,20.1,242.0,2.1,880746,44239,46,46,bbr1
0.849,39140,27,24480,32.3,28.7,20.1,242.0,2.6,880746,44244,46,46,bbr1
0.854,44104,30,24480,31.8,28.6,20.1,242.0,2.8,1100932,44248,46,46,bbr1
0.862,44104,30,27360,31.4,28.8,20.1,242.0,2.9,1100932,44254,46,46,bbr1
0.869,44104,30,28800,31.2,29.4,20.1,242.0,2.7,1100932,44259,46,46,bbr1
0.882,33444,23,24480,30.8,29.5,20.1,242.0,2.2,1100932,44264,46,46,bbr1
0.889,39140,27,28800,30.8,31.1,20.1,242.0,1.8,1100932,44271,46,46,bbr1
0.896,44104,30,30240,31.0,32.7,20.1,242.0,1.8,1100932,44276,46,46,bbr1
0.903,44104,30,31680,31.4,34.2,20.1,242.0,2.2,1100932,44281,46,46,bbr1
0.910,44104,30,33120,32.0,35.8,20.1,242.0,2.7,660559,44286,46,46,bbr1
0.917,44104,30,31680,32.0,32.4,20.1,242.0,2.1,660559,44289,46,46,bbr1
0.923,44104,30,30240,32.3,34.1,20.1,242.0,2.1,660559,44292,46,46,bbr1
0.930,44104,30,28800,32.7,35.5,20.1,242.0,2.4,660559,44295,46,46,bbr1
0.936,44104,30,27360,33.2,37.1,20.1,242.0,2.9,660559,44298,46,46,bbr1
0.943,27748,19,25920,33.9,38.3,20.1,242.0,3.4,660559,44301,46,46,bbr1
0.949,33444,23,23040,34.6,39.3,20.1,242.0,3.9,880746,44303,46,46,bbr1
0.958,39140,27,25920,34.9,37.3,20.1,242.0,3.6,880746,44309,46,46,bbr1
0.964,44104,30,25920,34.9,35.2,20.1,242.0,2.8,880746,44313,46,46,bbr1
0.971,44104,30,25920,34.8,33.5,20.1,242.0,2.5,1100932,44317,46,46,bbr1
0.977,44104,30,27360,34.4,31.5,20.1,242.0,2.7,1100932,44322,46,46,bbr1
0.983,44104,30,28800,33.9,30.4,20.1,242.0,3.0,1100932,44327,46,46,bbr1
0.990,44104,30,30240,33.5,30.7,20.1,242.0,3.0,1100932,44332,46,46,bbr1
0.998,44104,30,33120,33.1,30.5,20.1,242.0,3.0,1100932,44338,46,46,bbr1
1.006,44104,30,34560,32.9,31.6,20.1,242.0,2.6,660559,44343,46,46,bbr1
1.017,32020,22,28800,33.2,34.5,20.1,242.0,1.9,660559,44346,46,46,bbr1
1.022,37716,26,27360,33.5,36.1,20.1,242.0,2.2,660559,44349,46,46,bbr1
1.030,43412,30,27360,34.0,37.6,20.1,242.0,2.7,660559,44353,46,46,bbr1
1.037,44104,30,27360,34.6,38.8,20.1,242.0,3.2,660559,44356,46,46,bbr1
1.041,44104,30,24480,35.3,40.4,20.1,242.0,3.8,660559,44358,46,46,bbr1
1.050,44104,30,24480,35.9,39.8,20.1,242.0,4.0,880746,44362,46,46,bbr1
1.056,44104,30,24480,35.8,35.1,20.1,242.0,3.2,880746,44366,46,46,bbr1
1.061,44104,30,23040,35.5,33.0,20.1,242.0,3.1,880746,44369,46,46,bbr1
1.069,27748,19,24480,34.9,31.1,20.1,242.0,3.4,1100932,44374,46,46,bbr1
1.075,33444,23,23040,34.2,29.2,20.1,242.0,4.0,1100932,44377,46,46,bbr1
1.083,39140,27,27360,33.5,28.4,20.1,242.0,4.4,1100932,44384,46,46,bbr1
1.089,44104,30,28800,32.9,29.1,20.1,242.0,4.4,1100932,44389,46,46,bbr1
1.096,44104,30,30240,32.5,29.4,20.1,242.0,4.2,1100932,44394,46,46,bbr1
1.102,44104,30,31680,32.2,30.5,20.1,242.0,3.6,1100932,44399,46,46,bbr1
1.110,44104,30,33120,32.1,31.1,20.1,242.0,3.0,660559,44404,46,46,bbr1
1.116,44104,30,33120,32.1,32.3,20.1,242.0,2.3,660559,44407,46,46,bbr1
1.127,32020,22,25920,32.7,35.0,20.1,242.0,2.3,660559,44409,46,46,bbr1
1.134,37716,26,25920,33.1,36.2,20.1,242.0,2.6,880746,44413,46,46,bbr1
1.140,43412,30,25920,33.7,38.1,20.1,242.0,3.2,880746,44417,46,46,bbr1
1.146,44104,30,25920,34.5,39.6,20.1,242.0,3.9,880746,44421,46,46,bbr1
1.153,44104,30,25920,35.0,38.6,20.1,242.0,3.9,880746,44425,46,46,bbr1
1.159,44104,30,25920,34.4,30.4,20.1,242.0,4.1,880746,44429,46,46,bbr1
1.167,44104,30,27360,34.0,31.3,20.1,242.0,3.9,880746,44434,46,46,bbr1
1.173,27748,19,25920,33.7,31.5,20.1,242.0,3.5,1100932,44437,46,46,bbr1
1.180,33444,23,23040,33.4,31.2,20.1,242.0,3.3,1100932,44439,46,46,bbr1
1.188,39140,27,27360,33.2,31.4,20.1,242.0,2.9,1100932,44446,46,46,bbr1
1.194,42921,29,28800,33.0,31.6,20.1,242.0,2.6,1064205,44451,46,46,bbr1
1.201,42921,29,30240,32.9,32.4,20.1,242.0,2.1,1064205,44456,46,46,bbr1
1.209,42921,29,31680,32.9,33.3,20.1,242.0,1.7,638523,44461,46,46,bbr1
1.216,42921,29,30240,32.7,31.1,20.1,242.0,1.7,638523,44464,46,46,bbr1
1.227,32852,22,23040,32.9,34.2,20.1,242.0,1.3,638523,44467,46,46,bbr1
1.234,38548,26,23040,33.2,35.5,20.1,242.0,1.7,851364,44471,46,46,bbr1
1.241,42921,29,23040,33.7,36.9,20.1,242.0,2.2,851364,44475,46,46,bbr1
1.247,42921,29,24480,34.1,36.8,20.1,242.0,2.4,851364,44479,46,46,bbr1
1.254,42921,29,24480,34.1,34.7,20.1,242.0,2.0,851364,44483,46,46,bbr1
1.259,42921,29,23040,33.6,29.8,20.1,242.0,2.6,1064205,44486,46,46,bbr1
1.267,27156,18,25920,33.0,28.8,20.1,242.0,3.1,1064205,44492,46,46,bbr1
1.273,32852,22,21600,32.5,28.8,20.1,242.0,3.4,1064205,44493,46,46,bbr1
1.280,38548,26,24480,32.0,28.7,20.1,242.0,3.5,1064205,44499,46,46,bbr1
1.286,42921,29,25920,31.7,29.2,20.1,242.0,3.3,1064205,44504,46,46,bbr1
1.293,42921,29,27360,31.5,30.6,20.1,242.0,2.8,1064205,44509,46,46,bbr1
1.300,42921,29,28800,31.0,27.0,20.1,242.0,3.2,1064205,44514,46,46,bbr1
1.305,42921,29,30240,30.8,29.3,20.1,242.0,2.8,1064205,44518,46,46,bbr1
1.313,42921,29,31680,30.7,30.7,20.1,242.0,2.1,638523,44523,46,46,bbr1
1.320,42921,29,30240,30.9,32.1,20.1,242.0,1.9,638523,44526,46,46,bbr1
1.327,42921,29,28800,31.2,33.4,20.1,242.0,2.1,638523,44529,46,46,bbr1
1.339,32852,22,21600,32.2,36.3,20.1,242.0,3.0,638523,44532,46,46,bbr1
0.006,3072,2,0,32.1,27.0,20.1,242.0,4.5,851364,44535,47,47,bbr1
0.009,5760,4,0,31.5,27.6,20.1,242.0,4.5,851364,44537,47,47,bbr1
0.035,5760,4,0,30.5,23.1,20.1,242.0,5.5,851364,44542,47,47,bbr1
0.061,5760,4,1440,29.2,20.2,20.1,242.0,6.7,851364,44547,47,47,bbr1
0.066,5760,4,5760,28.1,20.2,20.1,242.0,7.2,851364,44551,47,47,bbr1
0.086,5760,4,1440,27.1,20.2,20.1,242.0,7.4,842395,44552,47,47,bbr1
0.091,5760,4,5760,26.2,20.1,20.1,242.0,7.3,842395,44556,47,47,bbr1
0.111,5760,4,1440,25.5,20.2,20.1,242.0,6.9,842395,44557,47,47,bbr1
0.117,5760,4,5760,24.8,20.2,20.1,242.0,6.5,842395,44561,47,47,bbr1
0.137,5760,4,0,24.2,20.1,20.1,242.0,6.1,842395,44562,47,47,bbr1
0.162,5760,4,1440,23.7,20.2,20.1,242.0,5.5,842395,44567,47,47,bbr1
0.168,5760,4,5760,23.9,25.3,20.1,242.0,4.5,842395,44571,47,47,bbr1
0.188,11456,7,1440,23.4,20.2,20.1,242.0,4.3,842395,44572,47,47,bbr1
0.193,12880,8,5760,23.0,20.2,20.1,242.0,4.1,842395,44576,47,47,bbr1
0.213,18576,12,7200,22.7,20.2,20.1,242.0,3.7,842333,44581,47,47,bbr1
0.218,24272,16,7200,22.4,20.2,20.1,242.0,3.4,842333,44585,47,47,bbr1
0.227,25696,17,12960,22.1,20.3,20.1,242.0,3.1,842333,44590,47,47,bbr1
0.239,32816,22,15840,21.9,20.2,20.1,242.0,2.8,842333,44597,47,47,bbr1
0.247,38512,26,17280,21.7,20.7,20.1,242.0,2.4,842333,44602,47,47,bbr1
0.253,42570,29,17280,21.6,20.4,20.1,242.0,2.1,842333,44605,47,47,bbr1
0.258,42570,29,15840,21.4,20.3,20.1,242.0,1.9,842333,44608,47,47,bbr1
0.264,42570,29,17280,21.3,20.2,20.1,242.0,1.7,1052916,44612,47,47,bbr1
0.271,42570,29,18720,21.1,20.1,20.1,242.0,1.6,1052916,44617,47,47,bbr1
0.276,42570,29,18720,21.0,20.2,20.1,242.0,1.4,1052916,44621,47,47,bbr1
0.283,42570,29,21600,21.1,21.9,20.1,242.0,1.3,1052916,44626,47,47,bbr1
0.289,43592,30,21600,21.0,20.6,20.1,242.0,1.1,1084616,44630,47,47,bbr1
0.295,43642,30,23040,21.1,21.9,20.1,242.0,1.0,1086160,44635,47,47,bbr1
0.302,43642,30,24480,21.4,23.2,20.1,242.0,1.3,1086160,44640,47,47,bbr1
0.309,45651,31,25920,21.8,24.5,20.1,242.0,1.7,1148525,44645,47,47,bbr1
0.315,45651,31,27360,22.3,25.9,20.1,242.0,2.3,1148525,44650,47,47,bbr1
0.322,45651,31,30240,22.9,27.3,20.1,242.0,3.0,1148525,44656,47,47,bbr1
0.329,45651,31,31680,23.6,28.8,20.1,242.0,3.7,1148525,44661,47,47,bbr1
0.336,45651,31,34560,24.5,30.1,20.1,242.0,4.4,1148525,44667,47,47,bbr1
0.344,45651,31,36000,25.4,31.6,20.1,242.0,5.1,689115,44672,47,47,bbr1
0.350,45651,31,34560,26.4,33.6,20.1,242.0,5.9,689115,44675,47,47,bbr1
0.356,45651,31,33120,27.5,35.4,20.1,242.0,6.7,689115,44678,47,47,bbr1
0.362,45651,31,31680,28.7,37.2,20.1,242.0,7.4,689115,44681,47,47,bbr1
0.370,45651,31,31680,30.0,38.9,20.1,242.0,8.1,689115,44685,47,47,bbr1
0.377,45651,31,30240,31.3,40.7,20.1,242.0,8.8,689115,44688,47,47,bbr1
0.383,45651,31,28800,32.7,42.4,20.1,242.0,9.3,689115,44691,47,47,bbr1
0.389,45651,31,27360,33.8,41.7,20.1,242.0,9.3,689115,44694,47,47,bbr1
0.398,45651,31,27360,34.6,40.1,20.1,242.0,8.5,689115,44698,47,47,bbr1
0.404,45651,31,25920,35.1,38.4,20.1,242.0,7.3,689115,44701,47,47,bbr1
0.410,45651,31,24480,35.3,36.8,20.1,242.0,5.9,918820,44704,47,47,bbr1
0.416,28521,19,24480,35.3,35.2,20.1,242.0,4.5,918820,44708,47,47,bbr1
0.423,34217,23,23040,35.1,33.8,20.1,242.0,3.7,918820,44711,47,47,bbr1
0.430,39913,27,24480,34.7,31.7,20.1,242.0,3.6,918820,44716,47,47,bbr1
0.438,45609,31,25920,34.2,30.5,20.1,242.0,3.8,918820,44721,47,47,bbr1
0.443,45651,31,25920,33.7,30.5,20.1,242.0,3.8,918820,44725,47,47,bbr1
0.450,45651,31,25920,33.3,30.5,20.1,242.0,3.6,918820,44729,47,47,bbr1
0.457,28521,19,27360,32.9,30.5,20.1,242.0,3.4,1148525,44734,47,47,bbr1
0.464,34217,23,23040,32.7,31.1,20.1,242.0,3.0,1148525,44735,47,47,bbr1
0.472,39913,27,27360,32.6,31.6,20.1,242.0,2.5,1148525,44742,47,47,bbr1
0.477,44185,30,30240,32.5,32.1,20.1,242.0,2.0,1148525,44747,47,47,bbr1
0.482,45651,31,30240,32.4,32.0,20.1,242.0,1.6,1148525,44751,47,47,bbr1
0.490,45651,31,33120,32.5,32.9,20.1,242.0,1.4,1148525,44757,47,47,bbr1
0.497,45651,31,36000,32.0,28.8,20.1,242.0,1.9,689115,44762,47,47,bbr1
0.508,34217,23,27415,32.3,33.8,20.1,242.0,1.6,689115,44765,47,47,bbr1
0.516,39913,27,28855,32.7,35.7,20.1,242.0,2.0,689115,44770,47,47,bbr1
0.522,45609,31,27415,33.3,37.5,20.1,242.0,2.7,689115,44773,47,47,bbr1
0.529,45651,31,25975,34.1,39.3,20.1,242.0,3.5,689115,44776,47,47,bbr1
0.535,45651,31,24535,34.9,41.0,20.1,242.0,4.4,918820,44779,47,47,bbr1
0.543,45651,31,27415,35.6,40.6,20.1,242.0,4.7,918820,44784,47,47,bbr1
0.547,45651,31,25920,35.5,34.7,20.1,242.0,3.8,918820,44787,47,47,bbr1
0.559,32793,22,23095,34.8,32.0,20.1,242.0,3.4,918820,44793,47,47,bbr1
0.567,38489,26,25975,34.3,30.6,20.1,242.0,3.6,918820,44799,47,47,bbr1
0.573,44185,30,25975,33.9,31.5,20.1,242.0,3.4,918820,44803,47,47,bbr1
0.579,45651,31,25975,33.7,32.0,20.1,242.0,3.0,1148525,44807,47,47,bbr1
0.587,45651,31,30295,33.5,32.3,20.1,242.0,2.6,1148525,44813,47,47,bbr1
0.596,32832,22,25920,32.7,31.1,20.1,242.0,2.8,1148525,44817,47,47,bbr1
0.603,37104,25,28800,32.5,31.4,20.1,242.0,2.4,1148525,44822,47,47,bbr1
0.608,42800,29,30240,32.5,31.9,20.1,242.0,2.0,1148525,44827,47,47,bbr1
0.616,45651,31,33120,32.6,33.3,20.1,242.0,1.7,1148525,44833,47,47,bbr1
0.623,45651,31,34560,32.8,34.6,20.1,242.0,1.8,689115,44838,47,47,bbr1
0.629,45651,31,34560,33.2,36.3,20.1,242.0,2.2,689115,44841,47,47,bbr1
0.633,45651,31,31680,33.4,34.6,20.1,242.0,2.0,689115,44843,47,47,bbr1
0.647,34217,23,25920,34.2,37.6,20.1,242.0,2.5,689115,44847,47,47,bbr1
0.655,39913,27,27360,34.8,39.3,20.1,242.0,3.2,918820,44852,47,47,bbr1
0.661,44084,30,27360,35.6,41.0,20.1,242.0,3.9,879909,44856,47,47,bbr1
0.668,44084,30,27360,36.2,40.2,20.1,242.0,4.1,879909,44860,47,47,bbr1
0.674,44084,30,27360,36.5,38.4,20.1,242.0,3.6,1099886,44864,47,47,bbr1
0.682,44084,30,30240,35.9,32.1,20.1,242.0,3.8,1099886,44870,47,47,bbr1
0.694,33434,23,25920,35.1,32.7,20.1,242.0,3.5,659931,44875,47,47,bbr1
0.703,39130,27,27360,34.9,33.4,20.1,242.0,3.0,659931,44880,47,47,bbr1
0.710,44084,30,25920,34.8,33.8,20.1,242.0,2.6,659931,44883,47,47,bbr1
0.716,44084,30,24480,34.9,35.5,20.1,242.0,2.1,879909,44886,47,47,bbr1
0.722,44084,30,24480,35.1,37.0,20.1,242.0,2.1,879909,44890,47,47,bbr1
0.729,44084,30,24480,34.7,32.1,20.1,242.0,2.3,879909,44894,47,47,bbr1
0.735,27738,19,24480,34.4,31.7,20.1,242.0,2.5,879909,44898,47,47,bbr1
0.742,33434,23,23040,33.8,29.6,20.1,242.0,3.1,879909,44901,47,47,bbr1
0.751,39130,27,25920,33.2,29.4,20.1,242.0,3.4,879909,44907,47,47,bbr1
0.755,44084,30,24480,32.7,29.2,20.1,242.0,3.5,1099886,44910,47,47,bbr1
0.762,44084,30,27360,32.3,29.5,20.1,242.0,3.5,1099886,44916,47,47,bbr1
0.776,33434,23,23040,31.8,30.4,20.1,242.0,2.8,1099886,44921,47,47,bbr1
0.783,39130,27,27360,31.7,30.5,20.1,242.0,2.4,1099886,44928,47,47,bbr1
0.790,44084,30,28800,31.7,31.5,20.1,242.0,1.9,1099886,44933,47,47,bbr1
0.797,44084,30,30240,31.9,33.4,20.1,242.0,1.8,1099886,44938,47,47,bbr1
0.803,44084,30,33120,32.2,34.5,20.1,242.0,2.0,1099886,44943,47,47,bbr1
0.809,44084,30,33120,32.0,30.8,20.1,242.0,1.9,659931,44947,47,47,bbr1
0.821,33434,23,25975,32.3,33.9,20.1,242.0,1.6,659931,44951,47,47,bbr1
0.829,39130,27,27415,32.7,35.4,20.1,242.0,2.0,879909,44956,47,47,bbr1
0.836,44084,30,27415,33.2,36.6,20.1,242.0,2.4,879909,44960,47,47,bbr1
0.843,44084,30,28855,33.8,38.1,20.1,242.0,3.1,879909,44964,47,47,bbr1
0.848,44084,30,27415,34.5,39.7,20.1,242.0,3.8,879909,44967,47,47,bbr1
0.859,32049,22,23040,34.7,32.9,20.1,242.0,3.2,879909,44971,47,47,bbr1
0.867,36321,25,27360,34.3,32.0,20.1,242.0,3.1,879909,44977,47,47,bbr1
0.872,42017,29,25920,34.1,32.3,20.1,242.0,2.8,879295,44980,47,47,bbr1
0.878,44059,30,25920,33.9,32.5,20.1,242.0,2.5,879295,44984,47,47,bbr1
0.885,44059,30,25920,33.7,32.7,20.1,242.0,2.2,879295,44988,47,47,bbr1
0.892,44059,30,27360,33.1,28.8,20.1,242.0,2.9,879295,44992,47,47,bbr1
0.896,27725,19,25920,32.8,30.6,20.1,242.0,2.8,1099118,44995,47,47,bbr1
0.903,33421,23,23040,32.6,30.8,20.1,242.0,2.6,1099118,44997,47,47,bbr1
0.911,39117,27,27360,32.4,31.0,20.1,242.0,2.3,1099118,45004,47,47,bbr1
0.917,44059,30,28800,32.2,31.0,20.1,242.0,2.1,1099118,45009,47,47,bbr1
0.924,44059,30,30240,32.1,31.1,20.1,242.0,1.8,1099118,45014,47,47,bbr1
0.930,44059,30,31680,32.1,32.5,20.1,242.0,1.5,1099118,45019,47,47,bbr1
0.943,31997,22,28800,32.0,32.4,20.1,242.0,1.1,659471,45024,47,47,bbr1
0.949,37693,26,27360,32.3,33.9,20.1,242.0,1.3,659471,45027,47,47,bbr1
0.957,43389,30,27360,32.6,35.4,20.1,242.0,1.8,659471,45031,47,47,bbr1
0.963,44059,30,25920,33.2,36.7,20.1,242.0,2.3,659471,45034,47,47,bbr1
0.969,44059,30,24480,33.8,38.4,20.1,242.0,3.1,879295,45037,47,47,bbr1
0.976,44059,30,24480,34.6,40.0,20.1,242.0,3.8,879295,45041,47,47,bbr1
0.982,43711,30,24480,34.5,33.6,20.1,242.0,3.1,870652,45045,47,47,bbr1
0.990,27551,19,25920,34.2,32.4,20.1,242.0,2.8,870652,45050,47,47,bbr1
0.996,33247,23,23040,33.8,30.5,20.1,242.0,3.0,870652,45052,47,47,bbr1
1.003,38943,27,24480,33.3,30.2,20.1,242.0,3.2,870652,45057,47,47,bbr1
1.009,43711,30,24480,32.9,30.4,20.1,242.0,3.1,1088315,45061,47,47,bbr1
1.017,43711,30,27360,32.6,30.6,20.1,242.0,2.9,1088315,45067,47,47,bbr1
1.023,43711,30,28800,32.3,30.3,20.1,242.0,2.8,1088315,45072,47,47,bbr1
1.037,31823,22,25920,31.9,30.5,20.1,242.0,2.3,1088315,45077,47,47,bbr1
1.042,37519,26,27360,31.8,31.0,20.1,242.0,2.0,1088315,45082,47,47,bbr1
1.048,43215,30,28800,31.9,32.8,20.1,242.0,1.7,1088315,45087,47,47,bbr1
1.055,43711,30,30240,32.2,34.3,20.1,242.0,1.9,1088315,45092,47,47,bbr1
1.063,43711,30,33120,32.7,35.8,20.1,242.0,2.3,1088315,45098,47,47,bbr1
1.071,44116,30,34560,32.4,30.4,20.1,242.0,2.3,660522,45103,47,47,bbr1
1.077,44116,30,33120,32.5,33.5,20.1,242.0,2.0,660522,45106,47,47,bbr1
1.089,33450,23,25920,33.3,36.5,20.1,242.0,2.5,660522,45109,47,47,bbr1
1.098,39146,27,27360,33.9,37.9,20.1,242.0,3.1,880697,45114,47,47,bbr1
1.104,44116,30,27360,34.6,39.4,20.1,242.0,3.7,880697,45118,47,47,bbr1
1.110,44116,30,27360,35.4,40.9,20.1,242.0,4.3,880697,45122,47,47,bbr1
1.117,44116,30,27360,35.8,38.6,20.1,242.0,4.1,1100871,45126,47,47,bbr1
1.123,44116,30,28800,35.3,32.1,20.1,242.0,4.0,1100871,45131,47,47,bbr1
1.136,33450,23,24535,34.6,32.5,20.1,242.0,3.5,1100871,45137,47,47,bbr1
1.144,39146,27,28855,34.3,32.7,20.1,242.0,3.1,1100871,45144,47,47,bbr1
1.151,44116,30,30295,34.2,33.3,20.1,242.0,2.6,1100871,45149,47,47,bbr1
1.158,44116,30,33175,34.2,34.5,20.1,242.0,2.0,1100871,45154,47,47,bbr1
1.164,44116,30,33175,34.5,36.1,20.1,242.0,2.0,660522,45158,47,47,bbr1
1.170,44116,30,31680,34.0,30.4,20.1,242.0,2.5,660522,45161,47,47,bbr1
1.182,33450,23,24480,34.1,35.2,20.1,242.0,1.8,660522,45164,47,47,bbr1
1.190,37722,26,27360,34.3,36.1,20.1,242.0,1.8,880697,45169,47,47,bbr1
1.195,43418,30,25920,34.8,37.9,20.1,242.0,2.3,880697,45172,47,47,bbr1
1.202,44116,30,25920,35.4,39.4,20.1,242.0,2.9,880697,45176,47,47,bbr1
1.209,44116,30,25920,35.6,37.5,20.1,242.0,2.7,880697,45180,47,47,bbr1
1.215,44116,30,25920,35.0,30.5,20.1,242.0,3.3,880697,45184,47,47,bbr1
1.221,27754,19,25920,34.5,30.7,20.1,242.0,3.5,1100871,45188,47,47,bbr1
1.228,33450,23,23040,34.0,30.5,20.1,242.0,3.7,1100871,45190,47,47,bbr1
1.236,39146,27,27360,33.6,31.3,20.1,242.0,3.4,1100871,45197,47,47,bbr1
1.243,44116,30,28800,33.4,31.5,20.1,242.0,3.1,1100871,45202,47,47,bbr1
1.249,44116,30,31680,33.1,31.1,20.1,242.0,2.9,1100871,45207,47,47,bbr1
1.260,33450,23,27360,32.7,30.8,20.1,242.0,2.3,660522,45212,47,47,bbr1
1.269,39146,27,28800,32.7,32.4,20.1,242.0,1.8,660522,45217,47,47,bbr1
1.276,44116,30,27360,32.8,33.9,20.1,242.0,1.7,660522,45220,47,47,bbr1
1.282,44116,30,25920,33.1,35.4,20.1,242.0,1.9,660522,45223,47,47,bbr1
1.288,44116,30,24480,33.6,36.7,20.1,242.0,2.3,880697,45226,47,47,bbr1
1.295,44116,30,24480,33.6,33.8,20.1,242.0,1.8,880697,45230,47,47,bbr1
1.299,26330,18,24480,33.7,34.6,20.1,242.0,1.6,880697,45233,47,47,bbr1
1.306,32026,22,21600,33.6,32.4,20.1,242.0,1.5,880697,45235,47,47,bbr1
1.315,37722,26,24480,33.2,30.6,20.1,242.0,1.9,880697,45241,47,47,bbr1
1.319,43418,30,23040,32.8,29.7,20.1,242.0,2.3,880697,45244,47,47,bbr1
1.327,44116,30,25920,32.4,29.9,20.1,242.0,2.4,880697,45249,47,47,bbr1
1.332,44116,30,24480,32.1,29.7,20.1,242.0,2.5,880697,45252,47,47,bbr1
1.338,27754,19,24480,31.6,28.8,20.1,242.0,2.7,1100871,45256,47,47,bbr1
1.345,33450,23,23040,31.3,28.9,20.1,242.0,2.7,1100871,45259,47,47,bbr1
1.353,39146,27,27360,31.2,30.1,20.1,242.0,2.3,1100871,45266,47,47,bbr1
1.359,44116,30,28800,30.9,29.5,20.1,242.0,2.2,1100871,45271,47,47,bbr1
1.366,44116,30,30240,30.7,29.3,20.1,242.0,2.0,1100871,45276,47,47,bbr1
1.379,32026,22,27360,30.8,30.9,20.1,242.0,1.2,660522,45281,47,47,bbr1
1.385,37722,26,27360,31.0,32.4,20.1,242.0,1.3,660522,45285,47,47,bbr1
1.392,43418,30,25920,31.3,33.9,20.1,242.0,1.7,660522,45288,47,47,bbr1
1.398,44116,30,24480,31.8,35.4,20.1,242.0,2.3,660522,45291,47,47,bbr1
1.404,44116,30,24480,32.4,36.0,20.1,242.0,2.8,880697,45294,47,47,bbr1
1.409,44116,30,23040,33.1,38.1,20.1,242.0,3.5,880697,45297,47,47,bbr1
1.416,27754,19,23040,33.0,32.7,20.1,242.0,2.7,881852,45301,47,47,bbr1
1.423,32026,22,24480,32.8,31.2,20.1,242.0,2.5,881852,45305,47,47,bbr1
1.429,37722,26,24480,32.4,29.2,20.1,242.0,2.8,881852,45309,47,47,bbr1
1.436,43418,30,24480,31.8,27.9,20.1,242.0,3.2,881852,45313,47,47,bbr1
1.442,44162,30,25920,31.3,28.1,20.1,242.0,3.3,1102315,45317,47,47,bbr1
1.447,44162,30,25920,31.0,28.3,20.1,242.0,3.2,1102315,45321,47,47,bbr1
1.453,27777,19,27360,30.7,29.0,20.1,242.0,2.9,1102315,45326,47,47,bbr1
1.460,33473,23,23040,30.5,28.9,20.1,242.0,2.6,1102315,45327,47,47,bbr1
1.468,39169,27,27360,30.4,29.6,20.1,242.0,2.2,1102315,45334,47,47,bbr1
1.475,44207,30,28800,30.4,30.5,20.1,242.0,1.7,1103703,45339,47,47,bbr1
1.482,44207,30,30240,30.6,32.1,20.1,242.0,1.7,1103703,45344,47,47,bbr1
1.487,44207,30,31680,31.0,33.6,20.1,242.0,2.0,1103703,45349,47,47,bbr1
1.495,44207,30,33120,31.0,31.1,20.1,242.0,1.5,662222,45354,47,47,bbr1
1.502,44207,30,33120,31.2,32.3,20.1,242.0,1.5,662222,45357,47,47,bbr1
1.513,33495,23,24480,32.0,35.5,20.1,242.0,2.3,662222,45359,47,47,bbr1
1.521,39191,27,25920,32.6,36.7,20.1,242.0,2.9,882963,45364,47,47,bbr1
1.526,44207,30,24480,33.3,38.5,20.1,242.0,3.7,882963,45367,47,47,bbr1
1.534,44207,30,25920,34.2,40.1,20.1,242.0,4.4,882963,45372,47,47,bbr1
1.540,44207,30,27360,34.7,38.5,20.1,242.0,4.4,1103703,45376,47,47,bbr1
1.545,44207,30,27360,34.2,30.5,20.1,242.0,4.4,1103703,45380,47,47,bbr1
1.558,33495,23,23040,33.4,30.8,20.1,242.0,3.9,1103703,45385,47,47,bbr1
1.566,39191,27,27360,33.1,31.1,20.1,242.0,3.5,1103703,45392,47,47,bbr1
1.573,44207,30,28800,32.9,31.7,20.1,242.0,2.9,1103703,45397,47,47,bbr1
1.580,44207,30,30240,33.0,33.3,20.1,242.0,2.3,1103703,45402,47,47,bbr1
1.586,44207,30,33120,33.2,34.5,20.1,242.0,2.1,1103703,45407,47,47,bbr1
1.592,44207,30,33120,32.9,30.8,20.1,242.0,2.2,662222,45411,47,47,bbr1
1.604,33495,23,25975,32.9,33.9,20.1,242.0,1.6,662222,45415,47,47,bbr1
1.612,39191,27,27415,33.2,35.3,20.1,242.0,1.8,882963,45420,47,47,bbr1
1.618,44207,30,25975,33.7,36.7,20.1,242.0,2.2,882963,45423,47,47,bbr1
1.625,44207,30,27415,34.3,38.6,20.1,242.0,2.9,882963,45428,47,47,bbr1
1.632,44207,30,27415,34.9,39.3,20.1,242.0,3.4,882963,45432,47,47,bbr1
1.638,44207,30,27360,34.6,32.2,20.1,242.0,3.2,882963,45436,47,47,bbr1
1.645,27799,19,27360,34.3,32.5,20.1,242.0,3.0,1103703,45440,47,47,bbr1
0.006,44207,30,0,33.0,28.2,20.1,242.0,2.3,1103703,45442,47,47,bbr1
0.010,44207,30,0,32.3,27.2,20.1,242.0,3.2,1103703,45444,47,47,bbr1
0.037,44207,30,25920,31.2,23.8,20.1,242.0,4.5,1103703,45467,47,47,bbr1
0.044,44207,30,27360,30.5,25.3,20.1,242.0,4.9,1103703,45472,47,47,bbr1
0.050,44207,30,28800,30.0,26.9,20.1,242.0,4.6,1103703,45477,47,47,bbr1
0.056,44207,30,30240,29.8,28.4,20.1,242.0,3.8,1103703,45482,47,47,bbr1
0.063,44207,30,31680,29.9,29.9,20.1,242.0,2.9,1103703,45487,47,47,bbr1
0.072,44207,30,34560,30.1,31.5,20.1,242.0,2.6,662222,45493,47,47,bbr1
0.078,44207,30,33120,30.4,32.7,20.1,242.0,2.6,662222,45496,47,47,bbr1
0.085,44207,30,31680,30.9,34.7,20.1,242.0,3.0,662222,45499,47,47,bbr1
0.091,44207,30,30240,31.6,36.2,20.1,242.0,3.6,662222,45502,47,47,bbr1
0.098,44207,30,28800,32.3,37.7,20.1,242.0,4.2,662222,45505,47,47,bbr1
0.105,44207,30,27360,33.2,39.3,20.1,242.0,4.9,662222,45508,47,47,bbr1
0.111,44207,30,25920,34.2,40.8,20.1,242.0,5.6,662222,45511,47,47,bbr1
0.117,44207,30,24480,34.7,38.5,20.1,242.0,5.3,882963,45514,47,47,bbr1
0.125,44207,30,25920,35.0,37.0,20.1,242.0,4.5,882963,45519,47,47,bbr1
0.132,44207,30,25920,35.0,35.1,20.1,242.0,3.4,882963,45523,47,47,bbr1
0.138,44207,30,25920,34.7,32.6,20.1,242.0,3.2,882963,45527,47,47,bbr1
0.144,44207,30,27360,34.3,31.7,20.1,242.0,3.1,882963,45531,47,47,bbr1
0.149,27799,19,25920,33.9,30.9,20.1,242.0,3.2,882963,45534,47,47,bbr1
0.156,33495,23,23040,33.5,31.0,20.1,242.0,3.1,882963,45536,47,47,bbr1
0.164,39191,27,25920,33.2,31.0,20.1,242.0,3.0,882963,45542,47,47,bbr1
0.170,44207,30,24480,33.0,31.1,20.1,242.0,2.8,1103703,45545,47,47,bbr1
0.177,44207,30,27360,32.8,31.9,20.1,242.0,2.3,1103703,45551,47,47,bbr1
0.183,44207,30,28800,32.7,31.7,20.1,242.0,2.0,1103703,45556,47,47,bbr1
0.197,33495,23,25975,32.1,30.3,20.1,242.0,2.1,662222,45563,47,47,bbr1
0.205,39191,27,27415,32.1,32.0,20.1,242.0,1.6,662222,45568,47,47,bbr1
0.212,44207,30,25975,32.3,33.5,20.1,242.0,1.5,662222,45571,47,47,bbr1
0.218,44207,30,25975,32.6,34.8,20.1,242.0,1.8,882963,45574,47,47,bbr1
0.223,43950,30,24535,33.0,36.0,20.1,242.0,2.2,876577,45577,47,47,bbr1
0.230,26286,18,25920,33.6,37.8,20.1,242.0,2.8,876577,45581,47,47,bbr1
0.234,31982,22,21600,33.5,32.9,20.1,242.0,2.3,876577,45582,47,47,bbr1
0.241,37678,26,23040,33.2,31.0,20.1,242.0,2.4,876577,45587,47,47,bbr1
0.249,43374,30,24480,32.7,29.4,20.1,242.0,2.7,876577,45592,47,47,bbr1
0.254,43950,30,23040,32.4,29.8,20.1,242.0,2.8,876577,45595,47,47,bbr1
0.262,43950,30,24480,31.7,26.9,20.1,242.0,3.4,876577,45600,47,47,bbr1
0.267,26247,18,24480,31.2,28.2,20.1,242.0,3.5,876577,45603,47,47,bbr1
0.273,31943,22,21600,30.9,28.9,20.1,242.0,3.2,876577,45605,47,47,bbr1
0.280,37639,26,23040,30.7,28.6,20.1,242.0,3.0,876577,45610,47,47,bbr1
0.288,43335,30,24480,30.4,28.8,20.1,242.0,2.7,1095721,45615,47,47,bbr1
0.294,43950,30,27360,30.3,29.4,20.1,242.0,2.3,1095721,45620,47,47,bbr1
0.300,43950,30,27360,30.2,29.6,20.1,242.0,1.9,1095721,45624,47,47,bbr1
0.312,33367,23,23040,29.9,28.9,20.1,242.0,1.6,1095721,45629,47,47,bbr1
0.320,39063,27,27360,29.9,29.7,20.1,242.0,1.3,1095721,45636,47,47,bbr1
0.327,44226,30,28800,30.0,31.0,20.1,242.0,1.2,1104286,45641,47,47,bbr1
0.333,44226,30,30240,30.3,32.7,20.1,242.0,1.6,1104286,45646,47,47,bbr1
0.339,44226,30,31680,30.8,34.2,20.1,242.0,2.2,1104286,45651,47,47,bbr1
0.347,44226,30,33120,30.9,31.1,20.1,242.0,1.7,662571,45656,47,47,bbr1
0.354,44226,30,33120,31.0,32.2,20.1,242.0,1.6,662571,45659,47,47,bbr1
0.364,33505,23,24480,31.9,35.3,20.1,242.0,2.4,662571,45661,47,47,bbr1
0.373,39201,27,25920,32.5,36.7,20.1,242.0,3.0,883429,45666,47,47,bbr1
0.378,44226,30,24480,33.2,38.4,20.1,242.0,3.7,883429,45669,47,47,bbr1
0.386,44226,30,25920,34.1,40.0,20.1,242.0,4.5,883429,45674,47,47,bbr1
0.393,44226,30,25920,34.5,37.9,20.1,242.0,4.4,883429,45678,47,47,bbr1
0.399,44226,30,25920,34.2,31.7,20.1,242.0,4.0,883429,45682,47,47,bbr1
0.405,27809,19,25920,33.7,30.3,20.1,242.0,4.0,883429,45686,47,47,bbr1
0.412,33505,23,23040,33.3,30.5,20.1,242.0,3.8,883429,45688,47,47,bbr1
0.419,39201,27,24480,33.1,31.3,20.1,242.0,3.3,883429,45693,47,47,bbr1
0.425,44226,30,24480,32.9,31.5,20.1,242.0,2.9,1104286,45697,47,47,bbr1
0.432,44226,30,27360,32.7,31.3,20.1,242.0,2.5,1104286,45703,47,47,bbr1
0.446,33505,23,24480,32.3,30.6,20.1,242.0,2.1,1104286,45709,47,47,bbr1
0.454,39201,27,28800,32.0,30.3,20.1,242.0,2.1,1104286,45716,47,47,bbr1
0.460,44226,30,30240,32.0,32.1,20.1,242.0,1.6,1104286,45721,47,47,bbr1
0.467,44226,30,31680,32.2,33.6,20.1,242.0,1.6,1104286,45726,47,47,bbr1
0.474,44226,30,33120,32.6,35.2,20.1,242.0,1.9,662571,45731,47,47,bbr1
0.486,33505,23,25920,32.8,34.0,20.1,242.0,1.5,662571,45734,47,47,bbr1
0.495,39201,27,27360,33.1,35.5,20.1,242.0,1.8,883429,45739,47,47,bbr1
0.501,44226,30,27360,33.6,37.1,20.1,242.0,2.3,883429,45743,47,47,bbr1
0.508,44226,30,27360,34.2,38.3,20.1,242.0,2.9,883429,45747,47,47,bbr1
0.514,44226,30,27360,34.8,39.4,20.1,242.0,3.5,883429,45751,47,47,bbr1
0.521,44226,30,27360,34.5,32.1,20.1,242.0,3.3,883429,45755,47,47,bbr1
0.527,27809,19,27360,34.2,32.5,20.1,242.0,3.0,1104286,45759,47,47,bbr1
0.534,33505,23,23040,34.0,32.6,20.1,242.0,2.6,1104286,45760,47,47,bbr1
0.542,39201,27,27360,33.9,32.8,20.1,242.0,2.3,1104286,45767,47,47,bbr1
0.548,44226,30,28800,33.8,33.2,20.1,242.0,1.9,1104286,45772,47,47,bbr1
0.555,44226,30,30240,33.7,33.4,20.1,242.0,1.5,1104286,45777,47,47,bbr1
0.561,44226,30,31680,33.7,33.7,20.1,242.0,1.2,1104286,45782,47,47,bbr1
0.574,33505,23,28800,33.3,32.6,20.1,242.0,1.3,662571,45788,47,47,bbr1
0.581,39201,27,28800,33.4,34.2,20.1,242.0,1.2,662571,45792,47,47,bbr1
0.590,44226,30,28800,33.7,35.7,20.1,242.0,1.5,662571,45796,47,47,bbr1
0.596,44226,30,27360,34.2,37.3,20.1,242.0,2.0,662571,45799,47,47,bbr1
0.603,44226,30,25920,34.8,38.9,20.1,242.0,2.7,662571,45802,47,47,bbr1
0.609,44226,30,24480,35.5,40.5,20.1,242.0,3.5,883429,45805,47,47,bbr1
0.615,27809,19,24480,35.6,36.2,20.1,242.0,2.8,883429,45809,47,47,bbr1
0.622,33505,23,23040,35.4,34.1,20.1,242.0,2.4,883429,45812,47,47,bbr1
0.630,39201,27,25920,35.0,32.4,20.1,242.0,2.6,883429,45818,47,47,bbr1
0.635,44226,30,24480,34.5,30.5,20.1,242.0,3.1,883429,45821,47,47,bbr1
